2.137367820739746094e+01
2.261919045448303223e+01
2.325855684280395508e+01
2.213524079322814941e+01
2.261987805366516113e+01
2.387717056274414062e+01
2.260808181762695312e+01
2.191321778297424316e+01
2.263986635208129883e+01
2.149467825889587402e+01
2.210048747062683105e+01
2.288273906707763672e+01
2.177716898918151855e+01
2.087061691284179688e+01
2.177641320228576660e+01
2.162035655975341797e+01
2.171913552284240723e+01
2.197409844398498535e+01
2.094935989379882812e+01
2.215618824958801270e+01
