6.835104227066040039e+00
6.824756383895874023e+00
6.357633113861083984e+00
6.963567733764648438e+00
6.907466888427734375e+00
6.498704195022583008e+00
6.733489036560058594e+00
7.205554008483886719e+00
6.137397527694702148e+00
6.333763122558593750e+00
6.682519435882568359e+00
6.440209150314331055e+00
6.462036609649658203e+00
6.176516771316528320e+00
6.272942781448364258e+00
6.402086734771728516e+00
6.555588722229003906e+00
6.908923149108886719e+00
6.713847398757934570e+00
6.699854135513305664e+00
