1.062801551818847656e+01
1.049080848693847656e+01
1.072550010681152344e+01
1.051240754127502441e+01
1.024876165390014648e+01
1.078977584838867188e+01
1.033026981353759766e+01
1.009301471710205078e+01
1.014214658737182617e+01
1.005976963043212891e+01
1.014094710350036621e+01
1.029719519615173340e+01
1.019898605346679688e+01
1.033758711814880371e+01
1.084975814819335938e+01
1.093204402923583984e+01
1.048258948326110840e+01
1.027258920669555664e+01
1.007158088684082031e+01
1.058482146263122559e+01
