6.138223886489868164e+00
5.347439050674438477e+00
5.392602443695068359e+00
5.317609310150146484e+00
5.312576293945312500e+00
5.348105907440185547e+00
5.056827306747436523e+00
5.099142313003540039e+00
5.459549188613891602e+00
5.420896768569946289e+00
5.251917362213134766e+00
5.457221508026123047e+00
4.889621257781982422e+00
6.013768196105957031e+00
5.451853990554809570e+00
5.157246589660644531e+00
5.445672988891601562e+00
5.501223802566528320e+00
5.226793050765991211e+00
5.338214397430419922e+00
