2.993018102645874023e+01
2.995636677742004395e+01
2.935360789299011230e+01
2.943181705474853516e+01
2.957318949699401855e+01
2.906604695320129395e+01
2.914849901199340820e+01
2.940854144096374512e+01
2.931644177436828613e+01
2.965557098388671875e+01
2.941784191131591797e+01
2.935169768333435059e+01
2.946447324752807617e+01
2.945907664299011230e+01
2.928749847412109375e+01
2.922371411323547363e+01
2.922479295730590820e+01
2.912768983840942383e+01
2.899631929397583008e+01
2.941042828559875488e+01
