4.000287055969238281e+01
3.824494934082031250e+01
3.984198904037475586e+01
3.997138595581054688e+01
3.903033852577209473e+01
3.996802401542663574e+01
3.909805440902709961e+01
4.066948103904724121e+01
4.057397794723510742e+01
4.019133281707763672e+01
3.975978136062622070e+01
3.967886900901794434e+01
3.954599285125732422e+01
4.012398791313171387e+01
4.024939656257629395e+01
4.006777715682983398e+01
3.977246069908142090e+01
3.863900089263916016e+01
3.992743110656738281e+01
4.103826808929443359e+01
