1.961338925361633301e+01
1.965739345550537109e+01
1.846355319023132324e+01
1.633277654647827148e+01
1.689811563491821289e+01
1.720881414413452148e+01
1.590791559219360352e+01
1.551357817649841309e+01
1.684413719177246094e+01
1.644511294364929199e+01
1.554337239265441895e+01
1.651521968841552734e+01
1.688409996032714844e+01
1.634238243103027344e+01
1.587430405616760254e+01
1.628309035301208496e+01
1.553873133659362793e+01
1.874274945259094238e+01
2.376747560501098633e+01
2.371798038482666016e+01
