5.678500938415527344e+01
5.657720422744750977e+01
5.652727317810058594e+01
5.565482687950134277e+01
5.530196118354797363e+01
5.623900771141052246e+01
5.620485806465148926e+01
5.642653727531433105e+01
5.689077997207641602e+01
5.919861865043640137e+01
5.732988882064819336e+01
5.572610163688659668e+01
5.653832316398620605e+01
5.557681870460510254e+01
5.653989481925964355e+01
5.664080357551574707e+01
5.550955152511596680e+01
5.633078074455261230e+01
5.664472126960754395e+01
5.715870714187622070e+01
