2.422895717620849609e+01
2.217690515518188477e+01
2.299120235443115234e+01
2.292638254165649414e+01
2.065018653869628906e+01
2.247066330909729004e+01
2.156051373481750488e+01
2.086268544197082520e+01
2.262431645393371582e+01
2.247728610038757324e+01
2.216495084762573242e+01
2.329693388938903809e+01
2.203362035751342773e+01
2.221704196929931641e+01
2.221757602691650391e+01
2.276562142372131348e+01
2.281129050254821777e+01
2.338169145584106445e+01
2.458794736862182617e+01
2.267132544517517090e+01
