1.360293078422546387e+01
1.302474975585937500e+01
1.322503805160522461e+01
1.450402522087097168e+01
1.284537839889526367e+01
1.304853224754333496e+01
1.362039256095886230e+01
1.503185033798217773e+01
1.289736962318420410e+01
1.316702628135681152e+01
1.277311253547668457e+01
1.468285918235778809e+01
1.376251339912414551e+01
1.366110491752624512e+01
1.294743657112121582e+01
1.365727114677429199e+01
1.366364884376525879e+01
1.347120428085327148e+01
1.272151017189025879e+01
1.288188290596008301e+01
