6.352491378784179688e+00
5.761925458908081055e+00
5.539862394332885742e+00
5.516977787017822266e+00
5.833534955978393555e+00
5.820175886154174805e+00
5.442731857299804688e+00
5.418882131576538086e+00
5.226298093795776367e+00
5.334933519363403320e+00
5.897698640823364258e+00
5.631114006042480469e+00
5.595439672470092773e+00
5.778259277343750000e+00
5.637552499771118164e+00
5.436543703079223633e+00
5.432067155838012695e+00
5.777995347976684570e+00
5.718453168869018555e+00
5.393704652786254883e+00
