1.038354635238647461e+01
1.057173609733581543e+01
1.075721263885498047e+01
1.003435349464416504e+01
9.812344074249267578e+00
9.878322839736938477e+00
9.997560501098632812e+00
9.924711942672729492e+00
9.712471961975097656e+00
1.033066272735595703e+01
9.969227313995361328e+00
1.041226315498352051e+01
1.036736536026000977e+01
1.067833709716796875e+01
1.003562593460083008e+01
9.971630096435546875e+00
1.031004285812377930e+01
1.116957664489746094e+01
1.050048947334289551e+01
9.566869974136352539e+00
