1.873777627944946289e+01
1.756960773468017578e+01
1.543653225898742676e+01
1.562453579902648926e+01
1.596518468856811523e+01
1.596712040901184082e+01
1.582250308990478516e+01
1.506050777435302734e+01
1.699601674079895020e+01
1.603936481475830078e+01
1.553033351898193359e+01
1.613275527954101562e+01
1.558674788475036621e+01
1.584986329078674316e+01
1.567384958267211914e+01
1.634110355377197266e+01
1.675685501098632812e+01
1.560067987442016602e+01
1.758926391601562500e+01
1.789079046249389648e+01
