1.447135710716247559e+01
1.436983585357666016e+01
1.293312859535217285e+01
1.508832049369812012e+01
1.436167001724243164e+01
1.458755803108215332e+01
1.514977264404296875e+01
1.445870304107666016e+01
1.505525326728820801e+01
1.450322222709655762e+01
1.413669466972351074e+01
1.548855185508728027e+01
1.512653565406799316e+01
1.399423527717590332e+01
1.531982636451721191e+01
1.451405572891235352e+01
1.495045089721679688e+01
1.437683033943176270e+01
1.429147863388061523e+01
1.284830021858215332e+01
