6.437857866287231445e+00
5.393573284149169922e+00
5.258579015731811523e+00
5.379575014114379883e+00
5.406925439834594727e+00
5.578762292861938477e+00
5.490973949432373047e+00
5.069200515747070312e+00
5.801998853683471680e+00
5.553554773330688477e+00
5.233251094818115234e+00
5.329393148422241211e+00
5.697636842727661133e+00
5.561772823333740234e+00
5.573886632919311523e+00
5.509528875350952148e+00
5.851375102996826172e+00
5.702587366104125977e+00
5.609761714935302734e+00
5.374292135238647461e+00
