2.490480709075927734e+01
2.181168413162231445e+01
2.183446907997131348e+01
2.302594614028930664e+01
2.127411365509033203e+01
2.236760306358337402e+01
2.262477946281433105e+01
2.282437849044799805e+01
2.310033178329467773e+01
2.396570301055908203e+01
2.289328789710998535e+01
2.184314274787902832e+01
2.330726313591003418e+01
2.203424859046936035e+01
2.304328370094299316e+01
2.205523419380187988e+01
2.226287865638732910e+01
2.141373753547668457e+01
2.094034814834594727e+01
2.465909671783447266e+01
