6.434050559997558594e+00
5.874633312225341797e+00
5.761399030685424805e+00
5.823068380355834961e+00
5.958024263381958008e+00
5.982832193374633789e+00
5.557922840118408203e+00
5.945375680923461914e+00
5.832522869110107422e+00
5.819290161132812500e+00
5.868694782257080078e+00
6.079992294311523438e+00
5.646290063858032227e+00
6.059158325195312500e+00
6.072998523712158203e+00
5.956231594085693359e+00
5.715919256210327148e+00
5.644057035446166992e+00
5.654358863830566406e+00
6.034471273422241211e+00
