4.943245472006499774e+00
1.955898570698499706e+00
1.515848236306011732e+00
1.415255343327671333e+00
1.357147326938435539e+00
1.322141798578202687e+00
1.280476979243569069e+00
1.261542046281509011e+00
1.248127509951684644e+00
1.229255512379389348e+00
1.228337040721392270e+00
1.219101884418958726e+00
1.209624029848421989e+00
1.206225973400636642e+00
1.201511408059287245e+00
1.197983767597301741e+00
1.190044715188542712e+00
1.185155195436195852e+00
1.184581795166657736e+00
1.182882429110282629e+00
