7.108152037692814673e+00
1.862905167441908372e+00
1.595328128056682226e+00
1.491136011534045291e+00
1.433156140630167608e+00
1.396196311601125783e+00
1.369912888653380456e+00
1.350131856638579153e+00
1.336347245527978345e+00
1.321717336559679268e+00
1.311400362189331315e+00
1.302662945467197408e+00
1.295088790815836166e+00
1.288300267253869036e+00
1.282407878686469660e+00
1.277320172465869597e+00
1.271985476012104543e+00
1.271087928594858640e+00
1.263966605833913848e+00
1.261093220680170379e+00
