5.010531452487501980e+00
1.585526133256300874e+00
1.456027218047808880e+00
1.408649011713896559e+00
1.380133812873279631e+00
1.359077381815625207e+00
1.343266151126410124e+00
1.330105090893505704e+00
1.319283814420734391e+00
1.310220142768214746e+00
1.301634387838927376e+00
1.294356656290356122e+00
1.287831871768513992e+00
1.286969086959198760e+00
1.276953823041832248e+00
1.279757787844186145e+00
1.267864066138287615e+00
1.274629598239239048e+00
1.260617641614575346e+00
1.255357878829074680e+00
