6.289265138778835862e+00
2.089009260857803696e+00
1.952037501191301372e+00
1.882120689227626986e+00
1.838756880984912190e+00
1.811719307114029620e+00
1.789174935137864741e+00
1.771636351308850221e+00
1.759625219733800261e+00
1.748356373167647027e+00
1.747439682578121989e+00
1.731522043757514950e+00
1.724213196878823462e+00
1.718821470166057130e+00
1.713335981801228591e+00
1.709663638042296485e+00
1.704546855140732120e+00
1.704673546189867217e+00
1.699151926526961676e+00
1.694949646872227378e+00
