7.299759819499263891e+00
1.854909053218789738e+00
1.636226181936605961e+00
1.532569619708124886e+00
1.467082641834858148e+00
1.420802580174401308e+00
1.388656125723035206e+00
1.364779398799052634e+00
1.346114459591929213e+00
1.331204282436260433e+00
1.319083478359651673e+00
1.309247068112338708e+00
1.300647192117461604e+00
1.293186277883493718e+00
1.286271016668127487e+00
1.280663476453427485e+00
1.275561117481798901e+00
1.271689137979161055e+00
1.267345530845186641e+00
1.263791849804450473e+00
