4.605016884693503343e+00
2.053320836439728847e+00
1.788868980169296297e+00
1.586508925288915739e+00
1.465765764525532644e+00
1.444934743495285501e+00
1.381268136198073648e+00
1.319009541941434049e+00
1.334996840275078922e+00
1.346809676007181489e+00
1.256886174773424791e+00
1.248117700564116195e+00
1.180919716594368118e+00
1.189163007444888454e+00
1.123955455069989062e+00
1.136922261619567776e+00
1.090152998019009889e+00
1.077323651666194149e+00
1.012894056565314616e+00
1.051929517304897255e+00
