6.089549177929386659e+00
1.896022348299412963e+00
1.824437017227109825e+00
1.784956055138590347e+00
1.754685936352547992e+00
1.718033687837464019e+00
1.679704909703645610e+00
1.638883037338950022e+00
1.598482545898447293e+00
1.559132347120693929e+00
1.523711760187157704e+00
1.491838598628196566e+00
1.464066226876039600e+00
1.441385865826424473e+00
1.422177393750697183e+00
1.409269335355475050e+00
1.391203395553068489e+00
1.379489103869884659e+00
1.369065589324831800e+00
1.359616781867855284e+00
