4.353978760218620181e+00
8.931725143969059255e-01
7.168676203384996004e-01
6.133645691365003927e-01
5.495386967375874843e-01
5.062064729405101327e-01
4.756176428065053141e-01
4.578600428579400750e-01
4.404905502399779071e-01
4.319835842109285284e-01
4.250907966546248473e-01
4.166557629306800736e-01
4.143603098495863279e-01
4.104853939882479597e-01
4.064791506208479399e-01
4.046785911331884367e-01
4.028473135856445730e-01
3.998463779415004082e-01
3.973888332186266692e-01
4.000120725546963407e-01
