7.292482322729006761e+00
1.063282010962069091e+00
8.862899615958332866e-01
8.156898371741175824e-01
7.911056935433298243e-01
7.785800721664912771e-01
7.730462041634600379e-01
7.681059103168430546e-01
7.632327406470935660e-01
7.642254612140481074e-01
7.668200372311403390e-01
7.670962683112593217e-01
7.609540069752606106e-01
7.644250710280146022e-01
7.551630953466519358e-01
7.646296891380101046e-01
7.503776659477036093e-01
7.600941515422425798e-01
7.530317661094945159e-01
7.545125820164568786e-01
