2.513942557749152318e+00
1.183073656201362622e+00
1.102567229619622280e+00
1.053982076002657475e+00
1.016719230775535054e+00
9.841088169436902344e-01
9.543706040278077118e-01
9.254597860064357473e-01
8.974117910467088732e-01
8.703709907224401743e-01
8.446881613519042764e-01
8.215394210128114105e-01
7.974634021807461837e-01
7.750295150013640777e-01
7.547046834455802822e-01
7.344454835193231501e-01
7.157928445230238301e-01
6.983234844882041381e-01
6.817274678127840382e-01
6.655235949828289810e-01
