2.797532591351866937e+00
1.411083600133657523e+00
1.355279413069784722e+00
1.336034175436198623e+00
1.322878120859898532e+00
1.318096155516523815e+00
1.302951549907028772e+00
1.288582866126950721e+00
1.278179835134372055e+00
1.268055118626402633e+00
1.256386089826538210e+00
1.243360451682051560e+00
1.230196265077171836e+00
1.216715897782798761e+00
1.206776059995032790e+00
1.192007840680936459e+00
1.177575442808354245e+00
1.165230693834507836e+00
1.158594495830731486e+00
1.141575794636225272e+00
