7.372416053539607717e+00
1.919211295040044840e+00
1.729189173599559926e+00
1.673244064049751234e+00
1.646710214958697183e+00
1.629119611614721075e+00
1.615066824101804244e+00
1.601029238746571215e+00
1.588911419750800524e+00
1.575976357384421433e+00
1.564428906483278370e+00
1.553419316246079651e+00
1.544151065479375529e+00
1.535180974881469096e+00
1.528038571837867066e+00
1.524396259124659370e+00
1.515602153732586999e+00
1.510545839854551708e+00
1.505972248622184262e+00
1.502492162912794527e+00
