1.240586995141217486e+01
6.338415259789162981e+00
5.855449670835165321e+00
5.833280296347941984e+00
5.816842997943283855e+00
5.804554775193054184e+00
5.794082440559566116e+00
5.799503618048224673e+00
5.810875897147226965e+00
5.809487251416221021e+00
5.818770742851914868e+00
5.801466666902880931e+00
5.808311040215753174e+00
5.813441235137451812e+00
5.824142115621921079e+00
5.793508477234002640e+00
5.806097876840410343e+00
5.798328392254840757e+00
5.809069582336675808e+00
5.843641164738126115e+00
