5.998330575772758522e+00
2.240024339815398502e+00
2.045548747474046358e+00
1.976185335499497597e+00
1.940557678440379519e+00
1.917701068352536398e+00
1.901409930782980595e+00
1.887748713150568358e+00
1.877179672506190444e+00
1.865945503358541924e+00
1.861081505766078781e+00
1.849478638231314864e+00
1.841303735498811767e+00
1.834200722241102310e+00
1.827412828850425219e+00
1.821906823131695274e+00
1.816477385785850940e+00
1.811350166827712105e+00
1.807377616644246121e+00
1.801908877526603003e+00
