2.939478475188463946e+00
8.475850708562880920e-01
6.937445721025485845e-01
6.306714885056134978e-01
6.011326042160392014e-01
5.715083565056323645e-01
5.517781264577060751e-01
5.362195424724369719e-01
5.266562048848718591e-01
5.109960459742695082e-01
5.073002036578952989e-01
5.012041475605220064e-01
4.982306494656950080e-01
4.928254692995920894e-01
4.887803538650274393e-01
4.926094884274527241e-01
4.854099242622032517e-01
4.853565438900143136e-01
4.838318280465900845e-01
4.852357834584079543e-01
