2.957751653399126379e+00
6.458608422804793525e-01
5.434284303439781416e-01
5.152759768872521295e-01
4.971752846062183484e-01
4.906926637116819645e-01
4.818169441185891633e-01
4.777215628616511833e-01
4.724093024171888699e-01
4.666499045699835091e-01
4.621866170831024911e-01
4.626567766092717915e-01
4.576553481958806624e-01
4.563313328199088414e-01
4.521636951703578156e-01
4.485659634418785457e-01
4.460956736039370374e-01
4.509409084279090152e-01
4.449852115727960800e-01
4.512884659450501212e-01
