3.246197173301589967e+00
8.000555418368429095e-01
7.115831762738525912e-01
6.471628758668899195e-01
6.261826426036656290e-01
6.028618403293192207e-01
5.897835161305964302e-01
5.826986577376723764e-01
5.775348601095378065e-01
5.716685049548745345e-01
5.668881937392056258e-01
5.654619741141796441e-01
5.628919827163219036e-01
5.569510054998100257e-01
5.490676911301910490e-01
5.556931260842830067e-01
5.486762701086700389e-01
5.448718115065246392e-01
5.441940706744790024e-01
5.394151584625244134e-01
