2.589006841534376324e+00
1.333094879427552115e+00
1.278709003639221242e+00
1.244811327622830976e+00
1.220578498407825840e+00
1.199973747340962182e+00
1.181828047519549729e+00
1.163885924972779984e+00
1.149878362569492385e+00
1.139267846361827097e+00
1.128018492165254516e+00
1.119987722247140383e+00
1.111910953341424424e+00
1.102939182102517179e+00
1.095910765021387512e+00
1.088803466926049346e+00
1.081809463322977560e+00
1.075026920749153847e+00
1.069594906312087534e+00
1.062826829304755583e+00
