1.853867382118105978e+00
1.429919955536723242e+00
1.156007102957367971e+00
1.036940512461960395e+00
1.009602434726059483e+00
9.637724794954061203e-01
9.083633036434650698e-01
8.629056064382195634e-01
8.183987991616129554e-01
7.851971799001097319e-01
7.662469076424837100e-01
7.360273796007037461e-01
7.059650861427188007e-01
6.760600921660662177e-01
6.500949458979070616e-01
6.273862569697201685e-01
6.057124473400413711e-01
6.000877243079245638e-01
5.794127741746604165e-01
5.695031913273036484e-01
