1.697833761428482902e+01
2.382234870535135052e+00
1.870107405373454101e+00
1.729792584818601542e+00
1.672133184080943469e+00
1.624939495745860052e+00
1.599955504559539277e+00
1.588786582447774709e+00
1.574968968184245810e+00
1.560692700318293547e+00
1.565801659210468655e+00
1.553456424537696945e+00
1.549542302810761552e+00
1.554614558309805661e+00
1.553225833754928287e+00
1.547945669661136447e+00
1.550130374694441038e+00
1.548363569332973588e+00
1.545843854923581340e+00
1.545755496223724990e+00
