7.071126629775172034e+00
1.940203428641543715e+00
1.772381286948145229e+00
1.695752476050832680e+00
1.648096566010931463e+00
1.615119888051253616e+00
1.596602755191544487e+00
1.571774907115184750e+00
1.555869620219908489e+00
1.540915162270271699e+00
1.529720711713807857e+00
1.517921598970002117e+00
1.508048571710039809e+00
1.498898959631857153e+00
1.490438465483935326e+00
1.483017978318724728e+00
1.476327464221427910e+00
1.469656308422040869e+00
1.464209270113485672e+00
1.458594242914781569e+00
