3.430940229270234898e+00
1.456274676372855792e+00
1.371123315341770565e+00
1.326993113664165058e+00
1.300357396533247112e+00
1.268617982277600031e+00
1.243921051956759838e+00
1.221313017912744492e+00
1.197374328247061914e+00
1.172549421764921940e+00
1.148992908551951464e+00
1.126472544607706405e+00
1.105562353675765941e+00
1.085635928393388072e+00
1.068236340152402430e+00
1.049499840219761282e+00
1.033407030732324428e+00
1.020481676801352267e+00
1.002863981054455511e+00
9.889747969572665331e-01
