3.205092602665722268e+00
1.490801457022502996e+00
1.385140659343404801e+00
1.342017320892494148e+00
1.320572955629616629e+00
1.306821175314633043e+00
1.296980237653974743e+00
1.287941850675562439e+00
1.279429068385147694e+00
1.271894155808032334e+00
1.264280618526798738e+00
1.265474189823494022e+00
1.257290100757465501e+00
1.246195200124214919e+00
1.240211440704415802e+00
1.234600969855801367e+00
1.229621886049986568e+00
1.224647452946979742e+00
1.219614937069249505e+00
1.215575593257753662e+00
