4.149593471400090827e+00
1.761535557174534583e+00
1.681547414563506093e+00
1.642254720608123941e+00
1.617758981578011568e+00
1.600730912120002403e+00
1.600177589332292039e+00
1.574284025120857855e+00
1.563887786131819890e+00
1.552634530577834404e+00
1.543305019425797342e+00
1.534804745862150543e+00
1.527127130163564717e+00
1.527785353675483959e+00
1.514024613123477137e+00
1.507547690439396515e+00
1.518372583542381582e+00
1.494027537346365397e+00
1.493347386060352333e+00
1.482467796416185202e+00
