3.806053811758756567e+00
1.495093741777539176e+00
1.368458430113643320e+00
1.313163138765841786e+00
1.281013609190657654e+00
1.257984614676050938e+00
1.244302072727587083e+00
1.238728948118817064e+00
1.228284694740688465e+00
1.218761077610403198e+00
1.211270016362797408e+00
1.206793477888358668e+00
1.202702513913158411e+00
1.196035827052535083e+00
1.197059896037477200e+00
1.194919399139867222e+00
1.190623653788591030e+00
1.185807512711046785e+00
1.183207680755962832e+00
1.184011433147665882e+00
