8.647577410133182596e+00
1.698431439268589083e+00
1.469520634526014335e+00
1.362762367010116549e+00
1.295707763651013478e+00
1.247834134829044261e+00
1.210906482419371599e+00
1.180481087361276105e+00
1.155247720192372762e+00
1.134288844519853567e+00
1.115753225130587722e+00
1.100864420558512302e+00
1.085709689628332919e+00
1.072675071049481677e+00
1.062290228284895388e+00
1.051026644936204013e+00
1.041375135799869955e+00
1.032155971311405240e+00
1.024518660798482639e+00
1.017475763213820716e+00
