3.842908578909933759e+00
1.117547017584741065e+00
1.020737469623982818e+00
9.805156414613127591e-01
9.526630095854401459e-01
9.384050851333886056e-01
9.260217440232634267e-01
9.210870060063898190e-01
9.075775617284700392e-01
9.038378887161612196e-01
8.965985241497866909e-01
8.929838482137769651e-01
8.874245839705691141e-01
8.851039394819643080e-01
8.796482620519120443e-01
8.717033067014068326e-01
8.694946136427577077e-01
8.664282905298051896e-01
8.655004552834667519e-01
8.747460644368082461e-01
