9.988867853537177766e+00
3.634385522533429391e+00
2.745449936206606711e+00
2.491771423071984515e+00
2.360355573394948614e+00
2.255556190145656892e+00
2.176107258258075383e+00
2.075040578117183898e+00
2.001222122339891385e+00
1.941318800028668301e+00
1.892482494350298028e+00
1.855574282824923316e+00
1.826295404985621262e+00
1.811112753623946636e+00
1.788920405847135298e+00
1.774544015684873077e+00
1.763533030792738376e+00
1.759020808266245961e+00
1.749114150528318090e+00
1.741743120816965584e+00
