3.144159807227552061e+00
1.401807555997371724e+00
1.312801995881274442e+00
1.253962708888389121e+00
1.219320911247748773e+00
1.194113543509179642e+00
1.181944712955597776e+00
1.155554850672185330e+00
1.137587934354646224e+00
1.124002703469933584e+00
1.112745603903185110e+00
1.100776469992217566e+00
1.091266124512709101e+00
1.082293590740050382e+00
1.075101798913523199e+00
1.068502546845207624e+00
1.056923791187675654e+00
1.049885781801922713e+00
1.043590349504625259e+00
1.037003616266688910e+00
