5.731711393423937650e+00
8.391911175997928130e-01
6.289882107159122659e-01
5.825860688765532869e-01
5.587740384955890427e-01
5.590942981015738500e-01
5.452618875369212859e-01
5.416424326193984840e-01
5.452649832473136504e-01
5.379847041050903611e-01
5.307962666025385357e-01
5.271566315503790623e-01
5.323923407685011711e-01
5.263310638474300029e-01
5.228194718319922885e-01
5.254466194448992322e-01
5.194639463534578283e-01
5.191814151499420937e-01
5.208671556234359956e-01
5.308123936679214339e-01
