2.268775796890258789e+01
2.201721167564392090e+01
2.178567600250244141e+01
2.256024599075317383e+01
2.099692654609680176e+01
2.138790082931518555e+01
2.223979187011718750e+01
2.063776731491088867e+01
2.198743152618408203e+01
2.292279052734375000e+01
2.298440480232238770e+01
2.184300255775451660e+01
2.322667789459228516e+01
2.154496860504150391e+01
2.286598086357116699e+01
2.200207161903381348e+01
2.309978723526000977e+01
2.561227035522460938e+01
2.093346714973449707e+01
2.253317713737487793e+01
