1.249344825744628906e+01
1.239782691001892090e+01
1.218636226654052734e+01
1.221086573600769043e+01
1.329476308822631836e+01
1.318770432472229004e+01
1.279431223869323730e+01
1.283295512199401855e+01
1.225715756416320801e+01
1.340659832954406738e+01
1.225322341918945312e+01
1.414931106567382812e+01
1.307895946502685547e+01
1.251043319702148438e+01
1.270812940597534180e+01
1.276418328285217285e+01
1.294969201087951660e+01
1.359043216705322266e+01
1.231877326965332031e+01
1.334045100212097168e+01
