1.378597331047058105e+01
1.290765118598937988e+01
1.347961807250976562e+01
1.248136496543884277e+01
1.300628376007080078e+01
1.733370852470397949e+01
1.036252140998840332e+01
1.253745460510253906e+01
1.044464445114135742e+01
1.040623879432678223e+01
1.069529938697814941e+01
1.033873391151428223e+01
1.083260107040405273e+01
1.133372020721435547e+01
1.040605640411376953e+01
1.085608935356140137e+01
1.077404522895812988e+01
9.620738267898559570e+00
9.813843727111816406e+00
9.421531438827514648e+00
