5.998318195343017578e+00
6.294890165328979492e+00
5.876090764999389648e+00
5.997048377990722656e+00
5.916782617568969727e+00
6.464443922042846680e+00
6.262443304061889648e+00
6.105507135391235352e+00
6.512313127517700195e+00
6.003524780273437500e+00
7.052235126495361328e+00
5.989902257919311523e+00
5.698756933212280273e+00
6.003485441207885742e+00
5.974906921386718750e+00
5.826748847961425781e+00
5.785196781158447266e+00
5.853880643844604492e+00
6.289547204971313477e+00
6.244807481765747070e+00
