6.129023313522338867e+00
6.511844635009765625e+00
5.430680513381958008e+00
5.319173097610473633e+00
5.157988786697387695e+00
6.173905134201049805e+00
5.478176832199096680e+00
5.669836044311523438e+00
5.657274723052978516e+00
5.416176080703735352e+00
5.891619682312011719e+00
5.417463302612304688e+00
5.457093238830566406e+00
5.763329744338989258e+00
5.664594173431396484e+00
5.496665954589843750e+00
5.378079175949096680e+00
5.294549703598022461e+00
5.826900720596313477e+00
5.894073963165283203e+00
