5.912539482116699219e+00
6.501947402954101562e+00
6.069810152053833008e+00
6.595650672912597656e+00
6.014416694641113281e+00
6.133143424987792969e+00
5.782496929168701172e+00
6.484605312347412109e+00
6.199826002120971680e+00
6.749011516571044922e+00
6.029333591461181641e+00
6.252479076385498047e+00
6.214651823043823242e+00
6.005929231643676758e+00
6.092270851135253906e+00
5.717542409896850586e+00
5.742843627929687500e+00
6.184630870819091797e+00
6.302068471908569336e+00
5.796510696411132812e+00
