5.891761064529418945e+00
5.566539764404296875e+00
6.072702646255493164e+00
5.743090629577636719e+00
5.588586330413818359e+00
5.783459901809692383e+00
5.904635429382324219e+00
5.613975048065185547e+00
6.028147220611572266e+00
5.534087896347045898e+00
5.632008314132690430e+00
5.288176536560058594e+00
5.264990091323852539e+00
5.729377985000610352e+00
5.244316101074218750e+00
5.665923357009887695e+00
5.395659685134887695e+00
5.857029438018798828e+00
5.345500230789184570e+00
5.309218168258666992e+00
