1.072069430351257324e+01
1.003588628768920898e+01
1.061115527153015137e+01
1.020470237731933594e+01
1.022823953628540039e+01
9.854799509048461914e+00
1.065527868270874023e+01
1.106073164939880371e+01
1.041784977912902832e+01
1.060132408142089844e+01
1.114000988006591797e+01
1.106384420394897461e+01
1.104386138916015625e+01
1.076017260551452637e+01
1.091554999351501465e+01
1.076146697998046875e+01
1.035542130470275879e+01
1.060893654823303223e+01
1.074111557006835938e+01
1.013807082176208496e+01
