1.233009243011474609e+01
1.209653735160827637e+01
1.264693975448608398e+01
1.245950150489807129e+01
1.257451272010803223e+01
1.224074244499206543e+01
1.207687854766845703e+01
1.250205445289611816e+01
1.262217593193054199e+01
1.329398536682128906e+01
1.277351427078247070e+01
1.389309477806091309e+01
1.303545236587524414e+01
1.261339807510375977e+01
1.218740725517272949e+01
1.294967055320739746e+01
1.328837442398071289e+01
1.364453506469726562e+01
1.296163129806518555e+01
1.241656422615051270e+01
