1.008393597602844238e+01
1.060568785667419434e+01
1.089267444610595703e+01
1.039223003387451172e+01
9.597545146942138672e+00
1.034695029258728027e+01
1.063529920578002930e+01
1.040992116928100586e+01
1.046928167343139648e+01
9.655273437500000000e+00
1.042444443702697754e+01
1.136879396438598633e+01
1.069355130195617676e+01
1.029504513740539551e+01
1.038858842849731445e+01
1.123867177963256836e+01
1.160530877113342285e+01
1.105857825279235840e+01
1.085712313652038574e+01
1.025974535942077637e+01
