2.010906235380172902e+01
1.662713543963432405e+00
1.218334310984611424e+00
1.108797868227958672e+00
1.126591534376144343e+00
1.147058797574043165e+00
1.185328854727744963e+00
1.173461166644096387e+00
1.178960524034500024e+00
1.200701587200164733e+00
1.185924392122030158e+00
1.195339404797554073e+00
1.205323361778259272e+00
1.202522624492645242e+00
1.188178241240978261e+00
1.190416175282001499e+00
1.203382671856880082e+00
1.197316419601440529e+00
1.184610408216714816e+00
1.179463373899459766e+00
