1.185218659114837614e+01
1.782222079128026992e+00
1.557306562817096784e+00
1.435105665802955732e+00
1.340530020499229424e+00
1.285456389999389604e+00
1.254118618917465122e+00
1.245829184460639949e+00
1.231529581260681239e+00
1.214040229499339985e+00
1.205243405854701910e+00
1.201918125247955382e+00
1.198827696740627280e+00
1.196584081745147632e+00
1.189539956891536798e+00
1.192549559706449491e+00
1.189442155694961478e+00
1.195472233688831265e+00
1.187133380079269385e+00
1.183444221043586708e+00
