3.954623327426910606e+01
2.147632157850265511e+00
1.406439580798149125e+00
1.257769933891296432e+00
1.217279462957382208e+00
1.185559642922878298e+00
1.176552709388732909e+00
1.179578264069557125e+00
1.172966426086425873e+00
1.173508283874392433e+00
1.166656001973152224e+00
1.165308259975910143e+00
1.161572676038742147e+00
1.168018873262405499e+00
1.165628641641139884e+00
1.162817283582687322e+00
1.163930557274818423e+00
1.165807769513130143e+00
1.161743795987963734e+00
1.159499649631977158e+00
