1.437431935625076207e+01
1.590178007578849861e+00
1.181816806411743137e+00
1.077562130510806959e+00
1.023872254765033629e+00
9.942281663522124502e-01
9.574181749820709353e-01
9.353141525566578407e-01
9.254137449800967641e-01
9.157441990733146131e-01
9.105150471925735900e-01
9.105420196712017411e-01
9.085749577343463779e-01
9.055089256405830511e-01
9.094831479668616936e-01
9.155173658072948140e-01
9.011366372466087515e-01
9.035284603714942575e-01
9.011778621673584011e-01
8.988572619557381183e-01
