2.026860241842269872e+01
1.680456386852264394e+00
1.349436935019493022e+00
1.241535701024532257e+00
1.186101585626602173e+00
1.155673024511337355e+00
1.137432380795478926e+00
1.127953390812873824e+00
1.113503802943229593e+00
1.105805688238143958e+00
1.072845418372750270e+00
1.066674554300308220e+00
1.067144515132903981e+00
1.061438252377510105e+00
1.054330984532833027e+00
1.053608662652969263e+00
1.049609775352478014e+00
1.044928123724460534e+00
1.046986819696426485e+00
1.040630588424205749e+00
