4.478771170196533546e+01
5.137963657951354790e+00
3.392772562408447268e+00
2.906057125091552784e+00
2.618272541707753920e+00
2.489525755023956233e+00
2.434820198154449500e+00
2.390932111358642587e+00
2.380089964866638041e+00
2.373130365711450640e+00
2.378882756233215545e+00
2.372416114902496265e+00
2.375670088768005339e+00
2.370283227014541527e+00
2.367866475677490090e+00
2.362155022573471097e+00
2.375078646945953498e+00
2.370492818856239303e+00
2.369098787784576388e+00
2.367593998622894436e+00
