4.495163140106200927e+01
8.962132029533385946e+00
5.500267136001586898e+00
5.296434453010559373e+00
5.279290490913391309e+00
5.260579866409301530e+00
5.230147675657272011e+00
5.232986498069763570e+00
5.212542013931274809e+00
5.209122662162780415e+00
5.211902716255187862e+00
5.191838767623901063e+00
5.185983005237579491e+00
5.181532917213440115e+00
5.184688532829285101e+00
5.181105713081359809e+00
5.176340413260460238e+00
5.181454218482970830e+00
5.183003935813903951e+00
5.173165892410278133e+00
