6.211978181982040326e+00
1.110659973096847608e+00
1.017937471961975149e+00
9.873133039474487616e-01
9.291669893264770108e-01
9.214881415963173117e-01
9.649267056226730199e-01
8.716625308513641368e-01
8.780827528476714550e-01
8.814101207017898121e-01
8.677645354986190940e-01
8.769238175630569287e-01
8.660594845294952160e-01
8.706939474701881343e-01
8.652102231204509275e-01
8.678631894111633605e-01
8.663035852551460581e-01
8.563765181422233752e-01
8.576296537399291653e-01
8.589479470968246488e-01
