1.304133379459381104e+01
1.900230296802520646e+00
1.512886875900626205e+00
1.404510745668411165e+00
1.368036030578613227e+00
1.346156193864345596e+00
1.331903109845518962e+00
1.323333612827956696e+00
1.313338632243871595e+00
1.302987749564647579e+00
1.300298983836174038e+00
1.295076502966880705e+00
1.291834770691394851e+00
1.288848189684748569e+00
1.287898189818859063e+00
1.288336124807596184e+00
1.285396799921989519e+00
1.288173352825641604e+00
1.282510257673263654e+00
1.284628776264190586e+00
