5.196219005155563231e+00
1.340228409624099726e+00
1.228093718624114983e+00
1.153667310547828784e+00
1.100805069148540483e+00
1.069891743081808011e+00
1.050278253686428132e+00
1.035432738566398614e+00
1.040330626595020291e+00
1.025399745762348269e+00
1.027357805168628735e+00
1.036858136034011890e+00
1.023025314271450048e+00
1.037202792775630877e+00
1.012692794740200020e+00
1.026734407258033777e+00
1.013713719975948280e+00
1.011580126738548246e+00
1.020546602761745358e+00
1.012384588390588869e+00
