3.352367352981567450e+01
2.344588551878929117e+00
1.726918547666072890e+00
1.585774663731455814e+00
1.515853230285644448e+00
1.469357525897025951e+00
1.427946992588043251e+00
1.404281693196296699e+00
1.385687516593933077e+00
1.373822629117965599e+00
1.352051967644691377e+00
1.333850850784778608e+00
1.323996184515953134e+00
1.313874148511886553e+00
1.303246062362193980e+00
1.296585042780637798e+00
1.286576958155632111e+00
1.283739914196729615e+00
1.275488848584890311e+00
1.270380411362648010e+00
