1.448517127304077157e+01
2.035651918554306050e+00
1.789226845252513964e+00
1.746338675016164688e+00
1.726120779681205697e+00
1.711230958163738158e+00
1.701790044355392384e+00
1.689091655874252362e+00
1.669177768075466251e+00
1.653514107203483574e+00
1.631859373950958148e+00
1.613200710630416923e+00
1.596341243720054592e+00
1.583832345390319807e+00
1.576170226478576630e+00
1.564867494368553213e+00
1.559235969448089509e+00
1.556400955128669716e+00
1.554507825708389301e+00
1.551067048621177724e+00
