2.223481030263900848e+01
1.964152628231048636e+00
1.523048589920997564e+00
1.474576033806800801e+00
1.474380284833908039e+00
1.461096588683128417e+00
1.446611701893806501e+00
1.435064174962043859e+00
1.420890371371805738e+00
1.411657921934127868e+00
1.409837575763464024e+00
1.411140895318985011e+00
1.411992609071731630e+00
1.393115704011917089e+00
1.391163313579559357e+00
1.393925119876861629e+00
1.388644754266738834e+00
1.386903956317901532e+00
1.386021336734294840e+00
1.381858626556396574e+00
