5.638985520911216298e+00
1.113841138720512491e+00
9.859436267733573400e-01
9.365232748389243911e-01
9.073037588596344349e-01
8.911558870136737642e-01
8.816415305614471176e-01
8.835995279788970702e-01
8.773856736779213072e-01
8.656840513467788378e-01
8.659902824938296995e-01
8.772916919559240467e-01
8.699782117128371794e-01
8.721965111225843392e-01
8.657217016339302518e-01
8.716579605937003761e-01
8.682922377824783267e-01
8.655963325262069352e-01
8.646392985820769983e-01
8.737889952659606552e-01
