2.071698471941351727e+01
1.588051090502738960e+00
1.138906030035018890e+00
1.047383372390270129e+00
1.011567872142791646e+00
9.989351936697959955e-01
9.589543563961983041e-01
9.318643568634986663e-01
9.341933770656585256e-01
9.020038932144641697e-01
8.939049528956413138e-01
8.967019756913184869e-01
8.930833458364010324e-01
8.894350286006927897e-01
8.888806251764297395e-01
8.925587710618972936e-01
8.953776618838310553e-01
8.895499436736107324e-01
8.828299261271953524e-01
8.854124651908874544e-01
