1.631831779460906873e+01
1.812885922622680557e+00
1.430735150545835443e+00
1.326083712482452492e+00
1.265443362689018247e+00
1.203876004135608691e+00
1.181016263246536191e+00
1.192289815545082066e+00
1.190996979832649183e+00
1.182419861841201847e+00
1.210293319845199500e+00
1.195398997259140117e+00
1.200038603448867702e+00
1.204419920837879188e+00
1.199022228598594753e+00
1.189987258052825903e+00
1.191120650434493999e+00
1.208173089098930397e+00
1.207473740768432613e+00
1.212507178366184268e+00
