1.555871218442916870e-01
1.094553843140602112e-01
1.548460423946380615e-01
1.541107892990112305e-01
-6.040616333484649658e-02
-2.590741217136383057e-02
7.163944840431213379e-02
6.760159134864807129e-02
-1.700187176465988159e-01
-4.191152378916740417e-02
-8.422188460826873779e-02
2.678385674953460693e-01
-1.053463574498891830e-02
1.501011662185192108e-02
9.998086839914321899e-02
-3.633666550740599632e-03
7.576699554920196533e-02
1.797774285078048706e-01
1.998073309659957886e-01
-1.192252114415168762e-01
1.285760253667831421e-01
-1.916745677590370178e-02
2.184020578861236572e-01
3.135261358693242073e-03
-5.286224931478500366e-02
8.287816494703292847e-02
8.030153065919876099e-02
-7.828562520444393158e-03
-6.367971003055572510e-02
8.710940182209014893e-02
-2.502627857029438019e-02
-3.027562797069549561e-02
-3.340930119156837463e-02
-1.154770404100418091e-01
4.388644918799400330e-02
-4.856570810079574585e-02
-9.814887493848800659e-02
8.563881367444992065e-02
-4.310150071978569031e-02
-1.541592329740524292e-01
1.362493932247161865e-01
-3.543904051184654236e-02
4.609182476997375488e-02
1.854218915104866028e-02
-4.555625468492507935e-02
-2.707328088581562042e-02
8.516810834407806396e-02
-5.241896212100982666e-02
4.628129675984382629e-02
4.752550646662712097e-02
6.163718551397323608e-02
-2.273886054754257202e-01
1.174927577376365662e-01
9.099645167589187622e-02
3.275473415851593018e-02
-3.978159651160240173e-02
6.292203068733215332e-02
4.660970345139503479e-02
-1.279876381158828735e-01
1.572318188846111298e-02
-4.304186254739761353e-02
8.513941615819931030e-02
-1.909392327070236206e-02
-2.097986638545989990e-02
-1.656076014041900635e-01
