-6.164761632680892944e-02
-5.153535306453704834e-02
-8.944138884544372559e-02
-4.058477468788623810e-03
-4.398241639137268066e-03
-1.816441863775253296e-02
-1.078692730516195297e-02
-3.402887145057320595e-03
-1.479900255799293518e-02
-1.532506104558706284e-02
-2.139919996261596680e-02
-2.329967170953750610e-02
-3.309940174221992493e-02
-5.278430134057998657e-02
-8.790420740842819214e-02
1.448135524988174438e-01
6.719918549060821533e-02
-3.342348849400877953e-03
3.380840411409735680e-03
7.664334960281848907e-03
9.055802598595619202e-03
8.445773273706436157e-03
5.826692096889019012e-03
3.566440893337130547e-03
3.943601157516241074e-03
2.642930019646883011e-03
7.210519397631287575e-04
2.912126481533050537e-03
-3.788679314311593771e-04
9.837700054049491882e-04
4.003894515335559845e-03
1.402504835277795792e-02
7.113529834896326065e-03
