-2.619502134621143341e-03
-5.181248765438795090e-03
-7.590712048113346100e-04
1.972780749201774597e-02
2.770475298166275024e-02
6.802988355048000813e-04
3.564222017303109169e-03
-3.370195918250828981e-04
3.518033736327197403e-06
2.132265508407726884e-04
-1.114114711526781321e-04
1.721785287372767925e-03
3.437197068706154823e-03
2.895693294703960419e-03
5.079851485788822174e-03
-1.053428277373313904e-02
-8.694932796061038971e-03
6.729713175445795059e-03
3.359755268320441246e-03
2.675999887287616730e-03
1.569454791024327278e-03
1.769763068296015263e-03
1.238122698850929737e-03
2.699534525163471699e-04
3.954256826546043158e-04
1.153731020167469978e-03
5.486380541697144508e-04
9.164948947727680206e-03
-1.050062011927366257e-03
-9.855004027485847473e-04
-3.149783937260508537e-03
-9.715370833873748779e-04
-6.032129749655723572e-02
