-6.584984809160232544e-02
-2.203703671693801880e-02
-1.068510338664054871e-01
6.535086035728454590e-02
6.153668835759162903e-02
-1.944021321833133698e-02
-4.389674216508865356e-02
-7.181276381015777588e-02
1.641767770051956177e-01
-1.694975793361663818e-01
-6.118790432810783386e-02
3.225228935480117798e-02
-1.273752003908157349e-01
1.341736316680908203e-01
-5.912107229232788086e-02
1.017631590366363525e-01
1.560453046113252640e-02
-8.673281967639923096e-02
-9.366060257889330387e-04
-6.470846012234687805e-03
3.092974610626697540e-02
-1.270770374685525894e-02
-9.306402504444122314e-02
1.359001994132995605e-01
-7.175470143556594849e-02
-3.231224790215492249e-02
1.234710887074470520e-01
-8.563695102930068970e-02
1.424946542829275131e-02
1.016610562801361084e-01
-1.154427453875541687e-01
1.201835647225379944e-01
-3.885188698768615723e-02
5.038697645068168640e-02
-1.269227825105190277e-02
9.065728634595870972e-02
-3.812874481081962585e-02
6.785842776298522949e-02
1.830966328270733356e-03
7.140740752220153809e-02
2.407864434644579887e-03
5.843053106218576431e-03
1.701216399669647217e-01
-1.345647424459457397e-01
8.906161040067672729e-02
1.235873028635978699e-01
4.857455566525459290e-02
5.769742652773857117e-02
7.072779536247253418e-02
8.216097019612789154e-03
9.201255440711975098e-02
-8.788890391588211060e-02
-3.407571464776992798e-02
2.886609733104705811e-01
-6.454725563526153564e-02
-3.529438376426696777e-02
5.975556001067161560e-02
1.100871115922927856e-01
-9.525712579488754272e-02
-7.054509222507476807e-02
2.279249280691146851e-01
-2.238586395978927612e-01
3.189209401607513428e-01
-3.583854809403419495e-02
-1.075846701860427856e-01
