7.586222141981124878e-02
4.390520974993705750e-02
8.373861759901046753e-02
6.681139022111892700e-02
-1.364219486713409424e-01
-9.155805408954620361e-02
7.911850698292255402e-04
-1.842013187706470490e-02
-2.728441357612609863e-01
-1.399829089641571045e-01
-1.731792092323303223e-01
2.012780010700225830e-01
-7.548955082893371582e-02
-6.984184682369232178e-02
4.395098611712455750e-02
-2.352541498839855194e-02
8.561768382787704468e-02
1.939268708229064941e-01
1.617005914449691772e-01
-1.850264817476272583e-01
7.431989908218383789e-02
-2.914622426033020020e-02
2.137043029069900513e-01
4.778507631272077560e-03
-3.362745791673660278e-02
9.048811346292495728e-02
7.669147849082946777e-02
1.232359465211629868e-02
-3.989825770258903503e-02
1.000120639801025391e-01
-6.141500174999237061e-02
-1.549985632300376892e-02
1.724452339112758636e-02
-9.538621455430984497e-02
2.332829870283603668e-02
-6.768771260976791382e-02
-1.161140501499176025e-01
5.346244946122169495e-02
-6.671272218227386475e-02
-1.686566472053527832e-01
1.072137504816055298e-01
-7.648667693138122559e-02
1.434057857841253281e-02
-1.357330940663814545e-02
-7.435988634824752808e-02
-4.759115725755691528e-02
7.759169489145278931e-02
-5.282454192638397217e-02
4.776675999164581299e-02
3.743323311209678650e-02
3.075572662055492401e-02
-2.580778002738952637e-01
1.069123372435569763e-01
8.807998150587081909e-02
1.972422376275062561e-02
-5.323155596852302551e-02
5.453026294708251953e-02
3.448235988616943359e-02
-1.446661502122879028e-01
4.164646845310926437e-03
-3.688180446624755859e-02
1.029209643602371216e-01
3.396632615476846695e-03
1.056815963238477707e-02
-1.446171104907989502e-01
