-2.094149887561798096e-01
-3.993010148406028748e-02
-1.279885619878768921e-01
-9.379860013723373413e-02
-4.418533667922019958e-02
-6.399946659803390503e-02
2.216160297393798828e-01
7.520700246095657349e-02
-3.736865147948265076e-02
5.543228611350059509e-02
-1.478366553783416748e-02
-2.751348614692687988e-01
2.130558639764785767e-01
-1.144482493400573730e-01
-1.227337196469306946e-01
2.459596656262874603e-02
4.872545599937438965e-02
1.304531395435333252e-01
-2.741117477416992188e-01
1.988845914602279663e-01
-6.375293433666229248e-02
4.342542961239814758e-02
5.319802463054656982e-02
-6.460103392601013184e-02
5.043559148907661438e-02
-1.140023674815893173e-02
1.932131350040435791e-01
-2.128115743398666382e-01
1.741758435964584351e-01
3.118951916694641113e-01
-2.231701314449310303e-01
-7.620312273502349854e-02
-8.025871217250823975e-02
