7.567764818668365479e-02
4.386066272854804993e-02
8.307982981204986572e-02
6.541483104228973389e-02
-1.387164145708084106e-01
-9.516067057847976685e-02
-3.166750539094209671e-03
-2.169267274439334869e-02
-2.759332060813903809e-01
-1.428070366382598877e-01
-1.738698780536651611e-01
2.030810266733169556e-01
-7.239904254674911499e-02
-6.881766766309738159e-02
4.191301390528678894e-02
-3.245334327220916748e-02
6.458473950624465942e-02
1.645736992359161377e-01
1.460759937763214111e-01
-1.638424992561340332e-01
9.466949105262756348e-02
-7.810434699058532715e-02
1.094006896018981934e-01
-5.075204744935035706e-02
-3.772707283496856689e-02
1.035751216113567352e-02
-4.207786172628402710e-02
-1.281355693936347961e-02
-7.022035866975784302e-02
5.562018137425184250e-03
-8.204609155654907227e-02
-4.485233500599861145e-02
-3.091057203710079193e-02
-8.101755380630493164e-02
-2.974156662821769714e-02
-4.460959509015083313e-02
-6.181054934859275818e-02
-2.615373581647872925e-02
-1.301443576812744141e-02
-7.485411316156387329e-02
5.256418883800506592e-02
-8.365861326456069946e-02
2.781149931252002716e-02
-5.546805914491415024e-03
-9.660899639129638672e-03
-1.702938973903656006e-02
5.359406396746635437e-02
-7.233656942844390869e-02
3.142007067799568176e-02
3.609883412718772888e-02
8.565747737884521484e-02
-1.874780803918838501e-01
1.228696405887603760e-01
5.973593890666961670e-02
-5.863702856004238129e-03
-6.581780314445495605e-02
4.748762771487236023e-02
3.391591459512710571e-02
-1.419987976551055908e-01
5.957498680800199509e-03
-3.562295064330101013e-02
1.044386252760887146e-01
3.554876428097486496e-03
8.760914206504821777e-03
-1.468510776758193970e-01
