4.262407869100570679e-02
1.972916349768638611e-02
3.434174135327339172e-02
1.521698385477066040e-02
1.446758583188056946e-02
1.585944904945790768e-03
-3.704506671056151390e-04
3.249559085816144943e-03
1.041242270730435848e-03
5.218754085944965482e-05
9.581235935911536217e-04
8.735852898098528385e-04
-3.483434848021715879e-04
-1.891145948320627213e-04
9.287516586482524872e-04
-1.618639216758310795e-04
7.807507063262164593e-04
8.230824605561792850e-04
5.081461858935654163e-04
8.573462255299091339e-04
7.297428674064576626e-04
5.488919559866189957e-04
2.680335310287773609e-04
7.816886645741760731e-04
1.648381119593977928e-03
1.058925176039338112e-03
2.061015926301479340e-03
1.384205766953527927e-03
2.691039349883794785e-03
4.143998958170413971e-03
8.590365177951753139e-04
3.760163206607103348e-03
3.079381585121154785e-02
-1.725893281400203705e-02
-1.143988315016031265e-02
-7.136116269975900650e-03
-5.754982121288776398e-03
-3.351195249706506729e-03
-3.559031523764133453e-03
-3.185082925483584404e-03
-2.924741478636860847e-03
-2.437339862808585167e-03
-1.398251741193234921e-03
-1.956853084266185760e-03
-1.657328451983630657e-03
-6.467636558227241039e-04
-1.853265683166682720e-03
-2.094662748277187347e-03
-2.117347903549671173e-03
-1.055498141795396805e-03
-1.218435936607420444e-03
-1.604197663255035877e-03
-2.562107285484671593e-03
-1.497794059105217457e-03
-2.810202771797776222e-03
-3.463744884356856346e-03
-4.435264505445957184e-03
-7.474392186850309372e-03
-8.216268382966518402e-03
-4.156207665801048279e-03
2.326920803170651197e-04
-7.216831669211387634e-03
-1.410678215324878693e-02
-5.601116269826889038e-02
-5.763527005910873413e-02
