-8.969549089670181274e-02
-5.208105593919754028e-02
-1.415605247020721436e-01
3.155170753598213196e-02
3.525123372673988342e-02
-4.352070018649101257e-02
-7.464844733476638794e-02
-1.010994613170623779e-01
1.410961151123046875e-01
-1.999893933534622192e-01
-9.102296084165573120e-02
6.551004480570554733e-03
-1.472755521535873413e-01
1.293172240257263184e-01
-5.009038746356964111e-02
1.142412796616554260e-01
2.612292580306529999e-02
-8.371674269437789917e-02
2.587975235655903816e-03
4.539990331977605820e-03
2.543712593615055084e-02
-5.167933180928230286e-02
-1.169025152921676636e-01
1.469334363937377930e-01
-7.653494179248809814e-02
-4.152018576860427856e-02
1.026347279548645020e-01
-1.525121927261352539e-01
-6.053591147065162659e-03
7.706531137228012085e-02
-2.196851670742034912e-01
9.467065334320068359e-02
-2.763007394969463348e-02
1.225894037634134293e-02
3.948798403143882751e-02
2.074948847293853760e-01
-3.968492150306701660e-02
2.465246431529521942e-02
5.323779955506324768e-02
1.374949365854263306e-01
-2.084584161639213562e-02
-7.555890083312988281e-02
5.859069526195526123e-02
-2.472951114177703857e-01
2.847682684659957886e-02
1.006354391574859619e-01
2.979209832847118378e-02
3.729259595274925232e-02
3.894576802849769592e-02
-2.154166251420974731e-02
7.634776085615158081e-02
-9.889743477106094360e-02
-4.919755458831787109e-02
2.686344385147094727e-01
-8.020284771919250488e-02
-4.354802891612052917e-02
5.620307475328445435e-02
1.048626750707626343e-01
-8.813083171844482422e-02
-6.005121394991874695e-02
2.315507680177688599e-01
-2.267602533102035522e-01
3.191031515598297119e-01
-2.750610373914241791e-02
-8.871676772832870483e-02
