7.895632088184356689e-02
1.505867242813110352e-01
-1.297913491725921631e-01
-1.527229398488998413e-01
1.215960606932640076e-01
-1.419485509395599365e-01
-3.631405765190720558e-03
4.174490645527839661e-02
9.283196181058883667e-03
9.036950767040252686e-02
6.102800369262695312e-02
-9.463830292224884033e-02
2.265102863311767578e-01
-1.477539092302322388e-01
1.526340097188949585e-01
-2.987639605998992920e-02
2.985304594039916992e-02
5.528827384114265442e-02
-5.769707262516021729e-02
8.174487948417663574e-02
-8.287572115659713745e-02
4.887603223323822021e-02
-2.312391623854637146e-02
-7.828944176435470581e-02
1.419115662574768066e-01
-2.581810355186462402e-01
7.541675120592117310e-02
-7.252942770719528198e-02
1.309309750795364380e-01
-5.568743497133255005e-02
-7.555747777223587036e-02
8.042459934949874878e-02
-2.602497637271881104e-01
