3.419641405344009399e-02
8.558430522680282593e-02
1.012878939509391785e-01
5.824502557516098022e-02
-1.798835247755050659e-01
-1.117732748389244080e-01
5.213988199830055237e-02
-7.453377544879913330e-02
5.777731910347938538e-02
2.242164164781570435e-01
-1.701247841119766235e-01
3.318007290363311768e-01
-1.355375051498413086e-01
2.283576428890228271e-01
-7.723487168550491333e-02
1.615642756223678589e-01
-5.992095172405242920e-02
1.064542159438133240e-01
-5.427589267492294312e-02
4.856349527835845947e-02
-1.514939405024051666e-02
-5.497771874070167542e-02
7.699187099933624268e-02
-1.745872795581817627e-01
-3.327363729476928711e-02
1.896018236875534058e-01
-3.722799569368362427e-02
-1.198457628488540649e-01
-1.055630668997764587e-01
-1.979166641831398010e-02
-8.803470432758331299e-02
1.219527497887611389e-01
1.042226925492286682e-01
