1.155762001872062683e-02
1.085155829787254333e-02
1.005967520177364349e-02
3.741788910701870918e-03
-4.036894999444484711e-03
-3.315285139251500368e-04
-6.646743859164416790e-04
-6.294236518442630768e-04
-6.774062640033662319e-04
1.243231818079948425e-03
-6.716403731843456626e-05
1.485236454755067825e-03
1.821309095248579979e-03
-1.117719686590135098e-03
-7.642977288924157619e-04
3.692618920467793941e-04
-1.330646628048270941e-04
-3.087137156398966908e-05
1.144037232734262943e-03
1.086560892872512341e-03
1.167143695056438446e-03
2.834502607583999634e-03
3.453945508226752281e-03
3.336913185194134712e-03
4.316571634262800217e-03
5.119405686855316162e-03
7.217027712613344193e-03
7.538256235420703888e-03
7.981776259839534760e-03
1.126032136380672455e-02
2.293771132826805115e-02
-3.054871037602424622e-02
-1.121892780065536499e-02
-2.916320227086544037e-03
-2.890269272029399872e-03
-1.385071431286633015e-03
-5.666956421919167042e-04
-1.269925269298255444e-03
-2.551158191636204720e-03
-1.143755624070763588e-03
-2.522087190300226212e-03
-7.438633474521338940e-04
-1.775529584847390652e-03
-2.269058488309383392e-03
-1.254436094313859940e-03
-1.562894438393414021e-03
-8.480568649247288704e-04
-2.273849444463849068e-03
-1.416010898537933826e-03
-1.330914557911455631e-03
-2.538189524784684181e-03
-9.036838891915977001e-04
-1.155374106019735336e-03
-8.679001475684344769e-04
-2.315327059477567673e-03
5.051721236668527126e-04
-5.730095435865223408e-04
-3.711186116561293602e-03
-2.356591634452342987e-03
-3.087642369791865349e-03
-2.809204626828432083e-03
1.143525121733546257e-03
-1.853848691098392010e-03
-5.707782693207263947e-03
-2.397628873586654663e-02
