-1.595145463943481445e-02
2.537926658987998962e-03
6.354581564664840698e-03
6.931052077561616898e-03
3.252542810514569283e-03
2.813748084008693695e-03
8.233071118593215942e-02
1.410162425599992275e-03
1.000055344775319099e-03
5.319127230904996395e-04
4.486612975597381592e-03
-8.086792659014463425e-04
4.428633837960660458e-04
-3.955481573939323425e-03
-3.707227064296603203e-03
-1.250890316441655159e-03
3.079481888562440872e-03
-6.231030565686523914e-04
-1.416386687196791172e-03
-1.719936029985547066e-03
-1.400778419338166714e-03
-9.901549201458692551e-04
-9.883603779599070549e-04
-7.961671799421310425e-04
-9.973561391234397888e-04
-3.865761100314557552e-04
-1.745179877616465092e-03
-1.114884391427040100e-03
-1.896386616863310337e-03
-3.025281941518187523e-03
-5.762245040386915207e-03
1.887366361916065216e-02
1.660830713808536530e-02
-5.471546668559312820e-03
-1.738423365168273449e-03
-1.422279863618314266e-03
-4.026900278404355049e-04
1.361433969577774405e-04
4.790638340637087822e-04
6.108416982897324488e-06
-6.561028421856462955e-04
-2.786913246382027864e-04
-6.246974808163940907e-04
-3.434771788306534290e-04
5.741161876358091831e-04
-7.537101628258824348e-04
1.736405189149081707e-03
3.927084035240113735e-04
-8.798122144071385264e-05
2.362876664847135544e-03
6.362506246659904718e-05
-1.483905711211264133e-03
-9.077120921574532986e-04
-1.934574102051556110e-03
-1.806035987101495266e-03
3.652144921943545341e-03
-1.965655386447906494e-02
2.913554385304450989e-02
-8.322577923536300659e-03
1.030733510851860046e-01
1.368730235844850540e-02
4.646362736821174622e-03
-9.010908007621765137e-02
3.629709407687187195e-02
-4.215060919523239136e-02
