1.986213587224483490e-02
-1.671543228439986706e-03
-1.147247478365898132e-01
1.476668268442153931e-01
1.969721615314483643e-01
6.233356520533561707e-02
1.143522635102272034e-01
3.122618496417999268e-01
-2.445811219513416290e-02
-3.519407659769058228e-02
-9.905312955379486084e-02
4.483831673860549927e-02
2.111649811267852783e-01
1.739074476063251495e-02
-1.108706146478652954e-01
3.467804193496704102e-02
1.974239051342010498e-01
8.441255241632461548e-02
-8.084523677825927734e-02
2.761331759393215179e-02
8.308484405279159546e-02
-6.293231993913650513e-02
5.840165540575981140e-02
6.341350823640823364e-02
2.349940687417984009e-02
8.635824173688888550e-02
-3.440460562705993652e-02
1.056820526719093323e-01
-1.402198523283004761e-01
8.955968916416168213e-02
-1.975454855710268021e-03
-2.568459138274192810e-02
1.918565481901168823e-02
-7.611172646284103394e-02
-4.900898039340972900e-02
-1.692338287830352783e-02
-1.400661766529083252e-01
2.439496964216232300e-01
-1.903371214866638184e-01
3.192978724837303162e-02
1.083271205425262451e-01
-9.374709427356719971e-02
1.156436651945114136e-01
-6.511877477169036865e-02
6.151796784251928329e-03
1.355186663568019867e-02
-5.324804782867431641e-02
2.823545224964618683e-02
2.355549670755863190e-02
-4.123731050640344620e-03
-1.333828419446945190e-01
7.261601835489273071e-02
1.852147579193115234e-01
-2.594220042228698730e-01
-1.212062314152717590e-03
-1.061725765466690063e-01
6.545107066631317139e-02
1.526035461574792862e-02
-1.270154714584350586e-01
3.498005494475364685e-02
4.274510964751243591e-02
-9.214694611728191376e-03
9.920681267976760864e-02
-1.472108066082000732e-01
-1.796949803829193115e-01
