5.581996217370033264e-02
1.512611284852027893e-02
1.347544509917497635e-02
6.057075690478086472e-03
1.022582594305276871e-02
4.876787308603525162e-03
5.548228509724140167e-03
5.509612150490283966e-03
5.346979014575481415e-03
7.845854386687278748e-03
8.704429492354393005e-03
1.243019569665193558e-02
1.381483674049377441e-02
2.421590313315391541e-02
2.574547566473484039e-02
-1.071806624531745911e-02
-2.090498059988021851e-02
-5.943307653069496155e-03
-4.672081209719181061e-03
-4.536803811788558960e-03
-4.776568152010440826e-03
3.441392036620527506e-04
-5.973621737211942673e-04
7.258418481796979904e-04
-1.273160567507147789e-03
-2.189479768276214600e-03
5.087783210910856724e-04
1.282781886402517557e-04
-1.020116847939789295e-03
-3.674616105854511261e-03
-1.251341681927442551e-02
-3.263923525810241699e-02
6.107381731271743774e-02
