2.322383970022201538e-01
-4.439193755388259888e-03
1.851132810115814209e-01
-4.635329544544219971e-02
1.699658483266830444e-01
-1.672864556312561035e-01
9.214013814926147461e-02
1.341120749711990356e-01
1.793703585863113403e-01
4.123599734157323837e-03
-7.379688322544097900e-02
8.228500187397003174e-02
4.904752224683761597e-02
7.449181377887725830e-02
-7.440748810768127441e-02
4.454636201262474060e-02
-1.305084079504013062e-01
8.556953817605972290e-02
-9.805061668157577515e-02
-4.795932024717330933e-02
9.950234740972518921e-02
1.237046346068382263e-01
-6.787376850843429565e-02
6.084810476750135422e-03
4.992103204131126404e-02
-2.196772247552871704e-01
-4.805829748511314392e-02
-1.194197013974189758e-01
1.508963257074356079e-01
4.053943976759910583e-02
5.888745188713073730e-02
-1.069558933377265930e-01
2.577939033508300781e-01
