-1.182877570390701294e-01
1.017780788242816925e-02
-1.814880222082138062e-02
-9.745430201292037964e-03
4.200342111289501190e-03
3.337340056896209717e-02
1.421039551496505737e-01
9.593020193278789520e-03
-2.908782288432121277e-02
-4.359490424394607544e-02
-5.628481879830360413e-02
-8.912141621112823486e-02
-7.873098552227020264e-02
-1.036849170923233032e-01
-1.577947586774826050e-01
1.186059340834617615e-01
1.199592426419258118e-01
-4.431482870131731033e-03
-2.363977022469043732e-02
-8.569708443246781826e-04
-2.697262680158019066e-03
3.895643458236008883e-04
3.879716387018561363e-03
6.783938501030206680e-03
8.988953195512294769e-03
7.969176396727561951e-03
1.370554976165294647e-02
-1.892400681972503662e-01
-1.080184523016214371e-02
7.461231946945190430e-02
-2.983261644840240479e-01
-1.928758472204208374e-01
-1.691152453422546387e-01
