-1.362476050853729248e-01
-7.961356081068515778e-03
-8.064165711402893066e-02
-3.159559564664959908e-03
-1.166484877467155457e-02
-2.170578343793749809e-03
-2.658074954524636269e-03
-2.424643840640783310e-03
4.105106054339557886e-04
1.585129357408732176e-04
-5.056116497144103050e-04
-1.297356560826301575e-03
-8.003350812941789627e-04
-2.989527536556124687e-03
-5.137289874255657196e-03
7.153322920203208923e-03
-1.890534162521362305e-02
8.681809529662132263e-03
5.870045162737369537e-03
3.287104191258549690e-03
1.676347805187106133e-03
2.407034393399953842e-03
1.021748525090515614e-03
1.308218459598720074e-03
4.915792960673570633e-04
8.596103871241211891e-04
-1.160309650003910065e-03
-1.224821899086236954e-03
-1.571874367073178291e-03
1.915806322358548641e-03
3.380981273949146271e-03
-1.422665920108556747e-02
1.662878394126892090e-01
