2.563496306538581848e-02
1.058969832956790924e-02
1.277166511863470078e-02
3.030318475794047117e-04
-3.807879239320755005e-02
-3.478318825364112854e-02
-1.199588831514120102e-02
-1.570682413876056671e-02
-2.075163088738918304e-02
-3.720878623425960541e-03
-1.237225369550287724e-03
-6.470876978710293770e-04
1.049875863827764988e-03
1.131409895606338978e-03
-1.191870891489088535e-03
4.565871204249560833e-04
1.683034701272845268e-03
2.009555464610457420e-04
1.810202840715646744e-03
1.910860533826053143e-03
9.493752731941640377e-04
9.364470024593174458e-04
2.153602661564946175e-03
1.497947028838098049e-03
1.701122266240417957e-03
3.141783876344561577e-03
3.286531660705804825e-03
5.364328622817993164e-03
6.530751939862966537e-03
1.028878148645162582e-02
1.924902945756912231e-02
-5.039010941982269287e-02
-2.038900181651115417e-02
4.077105317264795303e-03
2.348355250433087349e-03
-1.114177517592906952e-03
9.225388930644840002e-05
-5.342872464098036289e-04
-1.192329451441764832e-03
-6.452597444877028465e-04
-1.094978768378496170e-03
2.174739493057131767e-04
-1.051127794198691845e-03
-1.739741070196032524e-03
-1.428551855497062206e-03
-1.029079081490635872e-03
-2.401126548647880554e-03
-1.630999497137963772e-03
-8.253145497292280197e-04
-2.045974135398864746e-03
-1.486368244513869286e-03
-1.601580646820366383e-03
-1.795243006199598312e-03
-4.079900216311216354e-03
-4.507931414991617203e-03
-9.276048513129353523e-05
-7.378748618066310883e-03
-8.098860271275043488e-03
-2.602062560617923737e-02
-1.626247912645339966e-02
-2.519317530095577240e-02
7.261737249791622162e-03
-2.179068140685558319e-02
-3.938134387135505676e-02
-7.959450036287307739e-02
