6.422758102416992188e-02
-3.591245971620082855e-03
-4.562672227621078491e-03
-2.253866521641612053e-03
-5.864912178367376328e-03
-4.108471795916557312e-03
-4.267048556357622147e-03
-6.514650769531726837e-03
-5.805533844977617264e-03
-7.500909268856048584e-03
-9.075630456209182739e-03
-1.071023475378751755e-02
-1.430100854486227036e-02
-2.116454206407070160e-02
-3.648203611373901367e-02
7.469507306814193726e-02
1.143340952694416046e-02
-1.757777645252645016e-03
1.874001696705818176e-03
3.763486747629940510e-04
1.500448270235210657e-04
-1.218539313413202763e-03
-1.749251037836074829e-03
-1.242285710759460926e-03
-1.766828936524689198e-04
2.718803239986300468e-03
-2.670483663678169250e-04
1.903100783238187432e-04
1.524181221611797810e-03
4.203901626169681549e-03
6.640997715294361115e-03
6.051581352949142456e-03
1.005453243851661682e-01
