7.115746289491653442e-02
1.260157227516174316e-01
-1.028736680746078491e-01
-1.277156621217727661e-01
7.893557846546173096e-02
-1.546462029218673706e-01
-5.723217874765396118e-02
-3.039378672838211060e-03
1.176011282950639725e-03
5.495430529117584229e-02
-3.103311872109770775e-03
-6.287275999784469604e-02
2.068069577217102051e-01
-2.349299937486648560e-01
8.749024569988250732e-02
8.841499686241149902e-02
1.190401390194892883e-01
3.973549604415893555e-02
-3.314254060387611389e-02
5.872249230742454529e-02
7.654461544007062912e-03
-3.582774102687835693e-02
5.016993731260299683e-02
-1.500825490802526474e-02
-3.656380111351609230e-03
-5.142602603882551193e-04
-1.270623039454221725e-02
-6.063651380827650428e-05
-2.426768653094768524e-02
-2.220681309700012207e-02
1.043712068349123001e-02
-5.933533608913421631e-02
-1.561893499456346035e-03
-1.277862396091222763e-02
-7.386360317468643188e-02
3.633942455053329468e-02
-1.028398126363754272e-01
1.139472052454948425e-02
-4.988966882228851318e-02
-6.479540467262268066e-02
3.190599754452705383e-02
-1.418390423059463501e-01
5.526309460401535034e-02
-1.227121055126190186e-01
4.096365720033645630e-02
-6.858425587415695190e-02
-5.627864226698875427e-02
7.883280515670776367e-02
-8.740027993917465210e-02
2.543592266738414764e-02
2.242875844240188599e-02
3.650847449898719788e-02
3.311175853013992310e-02
-1.672255247831344604e-02
-4.762884229421615601e-02
8.067017048597335815e-02
8.839101344347000122e-02
-1.244291886687278748e-01
1.465356647968292236e-01
-9.472040086984634399e-02
-5.992070958018302917e-02
-1.391047239303588867e-01
-1.161138191819190979e-01
-1.470138691365718842e-02
1.348577439785003662e-01
