-6.439676135778427124e-02
-7.618600875139236450e-02
-2.240718752145767212e-01
1.014995276927947998e-01
1.705919951200485229e-01
2.672196738421916962e-02
1.097111478447914124e-01
3.482533991336822510e-01
-7.596691697835922241e-02
-8.878329396247863770e-02
-1.641606986522674561e-01
3.881581500172615051e-02
2.742449641227722168e-01
4.566640779376029968e-02
-1.124734878540039062e-01
4.787604883313179016e-02
2.129389047622680664e-01
-2.033751457929611206e-01
-1.741426736116409302e-01
-1.187031641602516174e-01
-2.504556179046630859e-01
2.784278392791748047e-01
-2.285416126251220703e-01
7.395793497562408447e-02
-3.595544770359992981e-02
-6.315232068300247192e-02
1.899739503860473633e-01
-5.957524478435516357e-02
7.630022242665290833e-03
4.453239962458610535e-03
-7.662183046340942383e-02
4.288934171199798584e-02
-9.452892094850540161e-02
