2.331895567476749420e-02
3.981477115303277969e-03
6.201747339218854904e-03
1.914989697979763150e-04
-1.639024913311004639e-02
-1.377290766686201096e-02
-1.100544631481170654e-02
-8.743605576455593109e-03
-1.467300392687320709e-02
-1.585590466856956482e-02
-1.528408471494913101e-02
-1.529743988066911697e-02
-1.466531492769718170e-02
-2.360054291784763336e-02
-2.760791592299938202e-02
-1.297006662935018539e-02
3.939467296004295349e-02
-3.543805563822388649e-03
1.818447606638073921e-03
-4.010732227470725775e-04
3.605696139857172966e-03
8.864419651217758656e-04
1.768528134562075138e-03
8.783829980529844761e-04
-2.652380382642149925e-03
2.216643420979380608e-03
5.092636216431856155e-03
3.876307047903537750e-03
-2.851164899766445160e-03
4.608765593729913235e-04
8.707188069820404053e-03
-5.520015489310026169e-03
2.895351126790046692e-02
