7.380157709121704102e-02
4.078268632292747498e-02
3.531451150774955750e-02
-8.207726292312145233e-03
-7.903641462326049805e-02
-8.053003996610641479e-02
-8.433385193347930908e-02
-7.967359572649002075e-02
-1.005986407399177551e-01
-7.735639065504074097e-02
-7.360032945871353149e-02
-6.608101725578308105e-02
-6.828113645315170288e-02
-7.527885586023330688e-02
-6.792213022708892822e-02
6.090182811021804810e-03
4.156896099448204041e-02
-1.896621659398078918e-02
-5.079888273030519485e-03
-4.748223815113306046e-03
-8.639855310320854187e-03
-1.087746210396289825e-02
-1.807679422199726105e-02
-2.082860842347145081e-02
-2.037777192890644073e-02
-1.357141975313425064e-02
4.928736481815576553e-03
8.886129362508654594e-04
-2.810525894165039062e-02
-2.141784690320491791e-02
3.795107826590538025e-02
-2.016803249716758728e-02
6.480786949396133423e-02
