-8.770541101694107056e-02
-6.411017477512359619e-02
-1.236338540911674500e-01
5.570102483034133911e-02
8.717388659715652466e-02
4.709522798657417297e-02
3.719631209969520569e-02
6.816967576742172241e-02
1.367794349789619446e-02
1.056142058223485947e-02
8.546744473278522491e-03
7.152832113206386566e-03
9.774876758456230164e-03
1.042602397501468658e-02
7.959355600178241730e-03
-1.336488127708435059e-02
1.995265781879425049e-01
-9.338831901550292969e-02
-5.062721297144889832e-02
-3.408201411366462708e-02
-2.971567958593368530e-02
-2.950592152774333954e-02
-2.783653885126113892e-02
-2.790301479399204254e-02
-2.227991074323654175e-02
-3.072053939104080200e-02
-5.047537270002067089e-04
-3.752591460943222046e-02
-2.975114248692989349e-02
-3.371015191078186035e-02
-9.168099611997604370e-02
-2.690264489501714706e-03
-8.531944453716278076e-02
