1.125353761017322540e-02
8.248380385339260101e-03
2.802922390401363373e-03
2.470489963889122009e-02
3.197130933403968811e-02
2.842433750629425049e-02
7.418485730886459351e-02
2.253509126603603363e-02
-1.309562707319855690e-03
4.008325282484292984e-03
1.234888215549290180e-03
-2.681154524907469749e-03
7.512282463721930981e-04
-7.005432271398603916e-04
8.260412723757326603e-04
1.014095963910222054e-03
9.298953227698802948e-04
-9.119927999563515186e-04
-4.579203960020095110e-04
1.012959750369191170e-03
3.567903768271207809e-04
-6.114288698881864548e-04
9.663670789450407028e-04
-9.799918916542083025e-05
8.367382542928680778e-05
-6.136077572591602802e-04
7.599210366606712341e-04
9.760005195857957006e-05
-6.365083390846848488e-04
-5.094615044072270393e-04
-3.819228382781147957e-03
1.772742718458175659e-02
2.108491584658622742e-02
-1.115722209215164185e-02
-4.957021679729223251e-03
-2.890817588195204735e-03
-2.771936822682619095e-03
-2.017367864027619362e-03
-1.596621004864573479e-03
-1.090611098334193230e-03
-2.588133793324232101e-03
-1.551214372739195824e-03
-1.525433966889977455e-03
-1.650652149692177773e-03
-8.938352693803608418e-04
-1.093025784939527512e-03
-1.511556096374988556e-03
-1.574287656694650650e-03
-2.586127258837223053e-03
-2.386783249676227570e-03
-5.307753104716539383e-03
-6.670890375971794128e-03
-2.515860367566347122e-03
-1.649676938541233540e-03
-2.000888111069798470e-03
-3.194937016814947128e-03
-2.137040253728628159e-03
4.779744194820523262e-04
-1.123246271163225174e-02
1.494953408837318420e-02
-1.261554937809705734e-02
-4.638968780636787415e-02
-4.370406642556190491e-02
-1.132926065474748611e-02
-2.743902988731861115e-02
