-6.671249121427536011e-02
-7.868684828281402588e-02
-1.914365887641906738e-01
7.428251951932907104e-02
1.388005316257476807e-01
2.541612274944782257e-02
9.249973297119140625e-02
2.810468971729278564e-01
-5.831187218427658081e-02
-7.110501825809478760e-02
-1.348500549793243408e-01
1.706895045936107635e-02
1.909208446741104126e-01
-5.193146644160151482e-04
-1.217548698186874390e-01
3.219571337103843689e-02
2.012591958045959473e-01
8.592531830072402954e-02
-7.729120552539825439e-02
4.159137234091758728e-02
1.097586452960968018e-01
-2.621673606336116791e-02
9.126945585012435913e-02
7.241187244653701782e-02
9.739018045365810394e-03
6.677084416151046753e-02
-4.447995126247406006e-02
1.153920814394950867e-01
-1.245834156870841980e-01
7.836977392435073853e-02
-3.536040335893630981e-02
-4.463124275207519531e-02
1.905318535864353180e-02
-6.035351753234863281e-02
-1.655782572925090790e-02
6.732881534844636917e-03
-1.758209317922592163e-01
1.839565336704254150e-01
-2.171921879053115845e-01
2.077512443065643311e-03
5.925073847174644470e-02
-1.329698115587234497e-01
9.641190618276596069e-02
-7.403672486543655396e-02
-2.800422720611095428e-03
7.038461626507341862e-04
-6.268973648548126221e-02
3.149177134037017822e-02
3.888028115034103394e-02
1.215713471174240112e-02
-1.161714494228363037e-01
8.709926903247833252e-02
1.921088248491287231e-01
-2.636636197566986084e-01
-1.080349646508693695e-02
-1.102157086133956909e-01
7.211638987064361572e-02
1.980172470211982727e-02
-1.222653761506080627e-01
4.237070679664611816e-02
6.037928536534309387e-02
1.866571418941020966e-02
1.228559836745262146e-01
-1.295174509286880493e-01
-1.628827005624771118e-01
