-8.051613718271255493e-02
5.422322824597358704e-02
6.817508838139474392e-04
1.585625112056732178e-02
4.095561429858207703e-02
2.944764308631420135e-02
2.777236998081207275e-01
1.295257806777954102e-01
-1.451662089675664902e-02
1.360724214464426041e-02
-5.521836131811141968e-02
-2.541433274745941162e-01
1.612080186605453491e-01
-9.898231178522109985e-02
-9.238079935312271118e-02
6.635450571775436401e-02
1.045863479375839233e-01
-2.652896940708160400e-02
1.595864295959472656e-01
1.162402182817459106e-01
1.193068362772464752e-02
4.349452629685401917e-02
1.328828483819961548e-01
-4.060399159789085388e-02
6.154937669634819031e-02
4.806244745850563049e-02
2.403819561004638672e-02
2.322047390043735504e-02
6.403082609176635742e-02
-6.500265002250671387e-02
7.159585505723953247e-02
1.952033676207065582e-02
-1.634743660688400269e-01
1.865878850221633911e-01
-2.451885789632797241e-01
1.112503558397293091e-01
-1.202076226472854614e-01
-5.570857599377632141e-02
-3.861203789710998535e-02
-4.828847199678421021e-02
-1.473840177059173584e-01
-5.266317352652549744e-02
5.060465261340141296e-02
-3.059213161468505859e-01
-1.451716944575309753e-02
1.105250120162963867e-01
-2.834034264087677002e-01
-1.427866369485855103e-01
1.268068403005599976e-01
-1.329086422920227051e-01
8.820043876767158508e-03
1.127162799239158630e-01
-2.419891208410263062e-02
-3.296210616827011108e-02
1.068378165364265442e-01
-8.841995894908905029e-02
-1.062070056796073914e-01
6.379123032093048096e-02
-2.241117646917700768e-03
1.498304754495620728e-01
3.450778871774673462e-02
1.458483189344406128e-02
-9.819156676530838013e-02
6.303665041923522949e-02
-4.806644469499588013e-02
