-8.495619893074035645e-02
-2.794096060097217560e-02
-1.379901766777038574e-01
8.849935978651046753e-02
8.061698824167251587e-02
-2.844002097845077515e-02
-6.872772425413131714e-02
-1.232151091098785400e-01
1.816671192646026611e-01
-2.292357981204986572e-01
-6.141106784343719482e-02
5.372273921966552734e-02
-1.838385760784149170e-01
1.360979080200195312e-01
-1.284240931272506714e-01
5.682481080293655396e-02
-5.002161487936973572e-03
3.682146221399307251e-02
-1.447321753948926926e-02
1.665095686912536621e-01
-3.088178858160972595e-02
9.028078615665435791e-02
7.749953120946884155e-02
1.848847568035125732e-01
2.235920354723930359e-02
-1.032103970646858215e-01
3.383315727114677429e-02
-3.826537728309631348e-01
-4.537196829915046692e-03
1.413412690162658691e-01
8.288576453924179077e-02
9.123612195253372192e-02
1.650957316160202026e-01
