-5.083896592259407043e-02
8.502714335918426514e-02
2.836458943784236908e-02
3.794945776462554932e-02
5.696294829249382019e-02
3.945278376340866089e-02
2.829914987087249756e-01
1.312911808490753174e-01
-5.306597333401441574e-03
4.257896915078163147e-02
-1.375619508326053619e-02
-2.117976546287536621e-01
1.952236741781234741e-01
-7.725765556097030640e-02
-8.738575875759124756e-02
6.059139221906661987e-02
9.667275846004486084e-02
-3.587271273136138916e-02
1.506100744009017944e-01
1.068680211901664734e-01
-2.887952839955687523e-03
4.436753690242767334e-02
1.350442171096801758e-01
-6.581020355224609375e-02
4.338725283741950989e-02
8.266624808311462402e-02
6.439337134361267090e-02
-6.628181436099112034e-04
-1.026288326829671860e-02
-7.463961094617843628e-02
1.446078866720199585e-01
1.711541600525379181e-02
-2.571283280849456787e-01
1.628535985946655273e-01
-2.324532866477966309e-01
1.226650401949882507e-01
-1.145593523979187012e-01
-3.343940153717994690e-02
1.153710763901472092e-03
-9.735875762999057770e-03
-1.302970647811889648e-01
-1.896511577069759369e-02
9.160163253545761108e-02
-2.740665972232818604e-01
6.258809473365545273e-03
1.193981915712356567e-01
-2.708954811096191406e-01
-1.058674678206443787e-01
1.566304266452789307e-01
-1.237150952219963074e-01
3.716899314895272255e-03
9.955457597970962524e-02
-3.638116270303726196e-02
-4.191408306360244751e-02
1.110705733299255371e-01
-6.758092343807220459e-02
-7.458191365003585815e-02
8.928287029266357422e-02
8.860977366566658020e-03
1.586917787790298462e-01
3.821820393204689026e-02
1.743931509554386139e-02
-9.660843014717102051e-02
6.094614788889884949e-02
-5.880200862884521484e-02
