1.189260557293891907e-01
-1.696131937205791473e-02
6.303521990776062012e-02
-3.812638297677040100e-02
6.931718438863754272e-02
-7.465881854295730591e-02
2.734682150185108185e-02
4.609056934714317322e-02
6.529249250888824463e-02
2.079254016280174255e-03
-1.766507863067090511e-03
-1.824417267926037312e-03
-3.855967952404171228e-04
1.675283536314964294e-03
-4.578530322760343552e-03
8.029430755414068699e-04
3.628001431934535503e-04
1.750160939991474152e-03
-7.223407737910747528e-04
-6.777026574127376080e-04
-1.396532752551138401e-04
-1.789830159395933151e-03
-9.734260383993387222e-04
3.042435855604708195e-05
-6.145297084003686905e-04
2.014169149333611131e-04
-6.842050934210419655e-04
-1.298965653404593468e-04
-1.029566992656327784e-04
-9.345425642095506191e-04
2.640005201101303101e-03
1.703599691390991211e-01
-1.017661243677139282e-01
-1.293038018047809601e-02
-4.616202320903539658e-03
-8.347699767909944057e-04
-7.995683699846267700e-04
-1.001032884232699871e-03
-1.401559682562947273e-03
-9.360208059661090374e-05
-3.294951166026294231e-04
-1.084159128367900848e-03
-9.045433253049850464e-04
-2.585259207990020514e-04
-4.047305847052484751e-04
-1.359492307528853416e-03
-1.819679164327681065e-03
-4.825138894375413656e-04
-6.415690295398235321e-04
-2.870798343792557716e-03
-1.925236778333783150e-03
-6.914717610925436020e-03
4.545478895306587219e-02
-1.974759798031300306e-04
3.845005994662642479e-04
2.598707750439643860e-02
8.165585249662399292e-02
-8.566936850547790527e-02
9.362742304801940918e-02
-6.607046350836753845e-03
1.179076358675956726e-02
5.804655700922012329e-02
2.782054804265499115e-02
-1.110731661319732666e-01
-1.262157410383224487e-01
