-4.241508431732654572e-03
-6.614052690565586090e-03
-4.936294164508581161e-03
-3.351316845510154963e-04
-4.837185144424438477e-03
3.633295127656310797e-04
2.258402528241276741e-03
1.832661451771855354e-03
3.400054527446627617e-03
4.622112959623336792e-03
3.655437612906098366e-03
7.744677830487489700e-03
9.609730914235115051e-03
1.561316382139921188e-02
2.222055755555629730e-02
-5.170866474509239197e-02
-1.376157160848379135e-02
6.215372122824192047e-03
1.316987676545977592e-03
9.728991426527500153e-04
-5.711303674615919590e-04
-6.454386166296899319e-04
-1.429402851499617100e-03
-5.305456579662859440e-04
-1.782071311026811600e-03
-1.253370894119143486e-03
-2.173387445509433746e-03
-5.217113066464662552e-03
-2.257945947349071503e-03
1.084778923541307449e-02
6.805880367755889893e-02
5.419834703207015991e-02
9.324440360069274902e-02
