-1.240338385105133057e-01
2.126473747193813324e-02
-2.090305648744106293e-02
-1.298620365560054779e-02
8.950498886406421661e-03
3.377111256122589111e-02
1.803351640701293945e-01
2.518807165324687958e-02
-3.299993276596069336e-02
-5.212910473346710205e-02
-8.017218112945556641e-02
-1.386212706565856934e-01
-9.906243532896041870e-02
-1.340872347354888916e-01
-1.882349997758865356e-01
9.588527679443359375e-02
1.319866925477981567e-01
1.953779906034469604e-02
-8.130639046430587769e-02
-4.044252447783946991e-03
7.515028584748506546e-03
7.696203887462615967e-03
2.056207694113254547e-02
1.647682115435600281e-02
2.665468119084835052e-02
1.991611532866954803e-02
3.670569136738777161e-02
-2.297513037919998169e-01
-3.480619983747601509e-03
1.014011278748512268e-01
-3.108580708503723145e-01
-1.910267472267150879e-01
-1.612010747194290161e-01
