-4.264506697654724121e-02
-2.343418821692466736e-02
-5.210461467504501343e-02
3.672928735613822937e-02
3.958480060100555420e-02
7.468292489647865295e-03
1.797202974557876587e-02
2.740007080137729645e-02
1.597233675420284271e-02
6.416856776922941208e-03
4.420130513608455658e-03
6.577668245881795883e-03
4.774933680891990662e-03
4.804925993084907532e-03
4.858968313783407211e-03
6.025349139235913754e-04
1.740228384733200073e-03
3.046701429411768913e-03
2.354911412112414837e-04
8.407311979681253433e-04
6.673460593447089195e-04
1.616207184270024300e-03
1.928930054418742657e-03
1.580914948135614395e-03
8.236560388468205929e-04
1.855231006629765034e-03
2.673282753676176071e-03
4.890048876404762268e-03
4.866414237767457962e-03
6.240596994757652283e-03
1.243595778942108154e-02
-2.324854396283626556e-02
1.820802339352667332e-03
-2.197834197431802750e-03
7.167883450165390968e-05
-2.066727611236274242e-04
-9.269567090086638927e-04
-2.763381780823692679e-05
-6.642315420322120190e-04
-1.027625752612948418e-03
-2.696837764233350754e-04
-2.965630847029387951e-04
-1.170685514807701111e-03
1.252211495739175007e-05
-3.383345028851181269e-04
-2.312313299626111984e-03
-5.671225953847169876e-04
-7.153033948270604014e-05
-1.425141468644142151e-03
-2.909484552219510078e-03
5.492091295309364796e-04
-1.791982445865869522e-03
-4.494308494031429291e-03
-6.293172948062419891e-03
-4.292802419513463974e-03
-9.581250138580799103e-03
-4.265569150447845459e-03
-3.088468918576836586e-03
-2.650486119091510773e-02
3.009453648701310158e-03
-7.453379221260547638e-03
-6.968285888433456421e-03
3.007193841040134430e-02
-8.485288172960281372e-02
-1.006112843751907349e-01
