3.424077853560447693e-02
8.568481355905532837e-02
1.012988463044166565e-01
5.799080058932304382e-02
-1.805628389120101929e-01
-1.130949184298515320e-01
5.004140734672546387e-02
-7.666962593793869019e-02
5.589200556278228760e-02
2.192825078964233398e-01
-1.781239211559295654e-01
3.254838287830352783e-01
-1.410503238439559937e-01
2.247723340988159180e-01
-7.853684574365615845e-02
1.614179611206054688e-01
-5.927367880940437317e-02
1.082782670855522156e-01
-5.344787612557411194e-02
4.963788762688636780e-02
-1.248969323933124542e-02
-5.152001976966857910e-02
7.862554490566253662e-02
-1.740137785673141479e-01
-2.815819531679153442e-02
1.966451257467269897e-01
-3.355142101645469666e-02
-1.190035715699195862e-01
-1.054711341857910156e-01
-1.965635269880294800e-02
-8.774977922439575195e-02
1.222847476601600647e-01
1.044483780860900879e-01
