6.962280720472335815e-02
3.554747253656387329e-02
2.941235341131687164e-02
-8.666529320180416107e-03
-6.904663145542144775e-02
-6.676390022039413452e-02
-7.183744758367538452e-02
-5.891090631484985352e-02
-7.415876537561416626e-02
-5.882196128368377686e-02
-5.671963095664978027e-02
-5.147880688309669495e-02
-5.045513436198234558e-02
-6.035600975155830383e-02
-6.819725781679153442e-02
1.098335254937410355e-02
2.555263973772525787e-02
-7.952995598316192627e-03
-3.319748677313327789e-03
-3.414897248148918152e-03
-5.143808666616678238e-03
-8.807506412267684937e-03
-9.892355650663375854e-03
-1.211598515510559082e-02
-1.388407684862613678e-02
-8.916502818465232849e-03
2.171476371586322784e-04
-3.244867082685232162e-03
-2.139238454401493073e-02
-1.187702734023332596e-02
3.161586076021194458e-02
-1.307786069810390472e-02
5.975096300244331360e-02
