7.660215348005294800e-02
1.310518682003021240e-01
-9.891793876886367798e-02
-1.247025504708290100e-01
8.142445236444473267e-02
-1.536932140588760376e-01
-5.793268978595733643e-02
-4.777867812663316727e-03
4.049169656354933977e-04
5.599866807460784912e-02
-3.791119903326034546e-03
-6.732514500617980957e-02
1.966369748115539551e-01
-2.499125748872756958e-01
7.616489380598068237e-02
8.323547244071960449e-02
1.155194640159606934e-01
4.274738952517509460e-02
-1.544137205928564072e-02
8.240043371915817261e-02
2.013908699154853821e-02
-2.748107351362705231e-02
7.333575189113616943e-02
7.665008306503295898e-03
1.495155040174722672e-03
1.034117583185434341e-02
1.933358982205390930e-02
1.970039494335651398e-02
-3.140177577733993530e-02
-6.522358860820531845e-03
2.700488455593585968e-02
-8.010608702898025513e-02
3.065599361434578896e-03
-1.516220974735915661e-03
-9.763721376657485962e-02
3.668310493230819702e-02
-1.022135689854621887e-01
-1.784449256956577301e-02
-7.841005921363830566e-02
-7.390793412923812866e-02
4.028239287436008453e-03
-2.016157209873199463e-01
7.288045715540647507e-03
-1.440060436725616455e-01
2.209361642599105835e-02
-1.084595993161201477e-01
-1.055778786540031433e-01
3.072087094187736511e-02
-1.297719776630401611e-01
9.087562561035156250e-03
3.605405241250991821e-02
5.804045498371124268e-02
4.084157198667526245e-02
-2.405024506151676178e-02
-5.647628381848335266e-02
7.634676992893218994e-02
8.330205827951431274e-02
-1.320319920778274536e-01
1.375808268785476685e-01
-1.043654382228851318e-01
-6.922422349452972412e-02
-1.476485133171081543e-01
-1.245902106165885925e-01
-2.470650523900985718e-02
1.225357800722122192e-01
