-8.809576928615570068e-02
4.662704095244407654e-02
1.019028201699256897e-02
3.016032464802265167e-02
4.947551339864730835e-02
4.753256216645240784e-02
1.476040780544281006e-01
1.677727140486240387e-02
-2.649896591901779175e-02
-3.897036984562873840e-02
-5.594056844711303711e-02
-7.874608784914016724e-02
-7.422409951686859131e-02
-1.060840636491775513e-01
-1.670647561550140381e-01
7.921235263347625732e-02
9.965490549802780151e-02
7.607444189488887787e-03
-2.981125004589557648e-02
2.685449551790952682e-03
1.054971572011709213e-02
1.056122034788131714e-02
1.283240411430597305e-02
1.113837398588657379e-02
2.019673772156238556e-02
1.225779484957456589e-02
2.803446166217327118e-02
-1.976491957902908325e-01
-8.923333138227462769e-03
9.104944765567779541e-02
-2.755845487117767334e-01
-1.635196506977081299e-01
-1.684091538190841675e-01
