-3.773460909724235535e-02
-3.202787414193153381e-02
-3.039162792265415192e-02
-1.013844646513462067e-02
-1.077275071293115616e-02
-8.912557736039161682e-03
-6.414792500436306000e-03
-2.871905220672488213e-03
-5.952978506684303284e-03
-4.579043015837669373e-03
-6.032675970345735550e-03
-5.005024839192628860e-03
-4.319014493376016617e-03
-2.270867582410573959e-03
-1.507752691395580769e-03
4.477752372622489929e-03
-8.545004576444625854e-02
3.723527863621711731e-02
2.601329982280731201e-02
1.933720149099826813e-02
1.829608716070652008e-02
1.433600578457117081e-02
1.223303470760583878e-02
7.920168340206146240e-03
7.096939720213413239e-03
8.199175819754600525e-03
4.312061704695224762e-03
-7.168646901845932007e-02
5.809564143419265747e-03
8.412231504917144775e-02
7.901813834905624390e-02
7.275078445672988892e-02
1.192631423473358154e-01
