-6.567759066820144653e-02
-7.757296413183212280e-02
-1.903063207864761353e-01
7.535360753536224365e-02
1.395827978849411011e-01
2.588860876858234406e-02
9.303176403045654297e-02
2.819344103336334229e-01
-5.659884214401245117e-02
-6.842346489429473877e-02
-1.320876330137252808e-01
1.900030858814716339e-02
1.923592090606689453e-01
1.411666860803961754e-03
-1.196914315223693848e-01
3.316558524966239929e-02
2.019203454256057739e-01
9.008558839559555054e-02
-6.673783808946609497e-02
5.920607224106788635e-02
1.338921934366226196e-01
1.093014725483953953e-03
1.153838112950325012e-01
9.134352207183837891e-02
3.256714716553688049e-02
1.001512780785560608e-01
-1.293014641851186752e-02
1.389595270156860352e-01
-1.051009595394134521e-01
8.607164025306701660e-02
-3.767665475606918335e-02
-4.390311613678932190e-02
1.948879286646842957e-02
-7.108784466981887817e-02
-3.293273597955703735e-02
-2.704595448449254036e-03
-1.883178949356079102e-01
1.690056622028350830e-01
-2.186248302459716797e-01
5.037252791225910187e-03
5.776340141892433167e-02
-1.336432993412017822e-01
9.662546962499618530e-02
-7.372756302356719971e-02
-1.008555758744478226e-03
3.948260564357042313e-03
-5.891584604978561401e-02
3.288860619068145752e-02
3.714978694915771484e-02
1.024651620537042618e-02
-1.167220175266265869e-01
8.627682179212570190e-02
1.907686889171600342e-01
-2.639095783233642578e-01
-1.009323447942733765e-02
-1.099898368120193481e-01
7.147055864334106445e-02
1.889896206557750702e-02
-1.230034232139587402e-01
4.204642400145530701e-02
6.026571989059448242e-02
1.841815933585166931e-02
1.225085780024528503e-01
-1.298227757215499878e-01
-1.631624400615692139e-01
