1.675338111817836761e-02
2.528276527300477028e-03
1.436591963283717632e-03
-1.852895249612629414e-03
-1.242173090577125549e-01
-2.695996314287185669e-02
-6.459217052906751633e-03
7.338877185247838497e-04
-9.633974730968475342e-02
-4.111938644200563431e-03
5.986950127407908440e-04
6.429929635487496853e-04
1.856515184044837952e-03
9.191859280690550804e-04
2.045105211436748505e-03
1.349266851320862770e-03
3.042599710170179605e-04
1.974595012143254280e-03
5.179315339773893356e-04
5.822239909321069717e-04
7.161748944781720638e-04
2.378699835389852524e-03
1.590161817148327827e-03
-1.543814432807266712e-04
1.424034941010177135e-03
1.607410842552781105e-03
1.651193364523351192e-03
2.953913295641541481e-03
4.925149958580732346e-03
7.254091557115316391e-03
1.168443821370601654e-02
-3.329881280660629272e-02
-2.251149900257587433e-02
1.017121039330959320e-02
2.039974555373191833e-03
1.489415881223976612e-03
3.202475490979850292e-04
8.960507111623883247e-04
-1.505910331616178155e-04
-7.267910987138748169e-04
-9.199087508022785187e-04
-1.827869418775662780e-04
5.102020804770290852e-04
-3.671672311611473560e-04
-1.828180247684940696e-04
-5.775931640528142452e-04
1.025944715365767479e-03
1.133952056989073753e-03
1.497748773545026779e-03
2.524393858038820326e-05
2.064665546640753746e-03
-8.778768824413418770e-05
6.196576287038624287e-04
1.763753010891377926e-03
2.636821009218692780e-03
-6.747876759618520737e-04
-2.175109228119254112e-03
-6.069445516914129257e-04
-2.728585898876190186e-02
-4.347665701061487198e-03
-3.106896183453500271e-04
2.472679689526557922e-02
-2.922845259308815002e-02
3.028592793270945549e-03
-1.232981681823730469e-01
