4.430946707725524902e-02
8.648714981973171234e-03
9.056968241930007935e-02
9.820353984832763672e-02
-1.451476663351058960e-01
-9.084790945053100586e-02
2.139689400792121887e-02
6.204499676823616028e-02
-2.099308222532272339e-01
-6.851067394018173218e-02
-2.099422961473464966e-01
2.405393123626708984e-01
-9.704528003931045532e-02
-9.783870726823806763e-02
2.504077553749084473e-02
-6.638915091753005981e-02
1.062435060739517212e-01
-1.425809413194656372e-01
1.064490824937820435e-01
1.095699053257703781e-02
-4.364357516169548035e-02
1.491943895816802979e-01
-6.956945359706878662e-02
-1.505511403083801270e-01
3.078468330204486847e-02
8.527208119630813599e-02
1.444877833127975464e-01
5.613057315349578857e-02
-3.610219061374664307e-02
2.688572742044925690e-02
1.945986002683639526e-01
6.696340162307024002e-03
1.919852793216705322e-01
