-4.015545174479484558e-02
-2.092487365007400513e-02
-3.544031875208020210e-03
-4.260724410414695740e-02
4.748722712974995375e-04
-5.642932839691638947e-03
-8.344092057086527348e-04
-1.482931897044181824e-03
-1.405218266882002354e-03
-3.120394190773367882e-03
-7.884601945988833904e-04
-1.713679404929280281e-03
-3.649092512205243111e-03
-4.415650037117302418e-04
-1.645050651859492064e-04
1.643185736611485481e-03
-5.182112217880785465e-04
2.014894504100084305e-03
2.176320645958185196e-03
-1.027172547765076160e-03
1.224871375598013401e-03
2.641668543219566345e-04
-8.445532876066863537e-04
7.844569336157292128e-05
1.721825101412832737e-04
-6.881722365505993366e-04
4.295279213692992926e-04
1.968911150470376015e-03
2.807153854519128799e-03
4.449814092367887497e-03
9.057700634002685547e-03
-2.542071789503097534e-02
-2.739434316754341125e-02
9.336276911199092865e-03
2.785327844321727753e-03
1.421397435478866100e-03
6.250483565963804722e-04
9.539280436001718044e-04
6.530749960802495480e-04
3.024046018254011869e-04
-1.968149808817543089e-05
4.738183633890002966e-04
1.650927879381924868e-04
-7.483552326448261738e-04
-5.848129512742161751e-05
-1.970436424016952515e-04
-4.056963662151247263e-04
-6.608304684050381184e-04
-1.318440889008343220e-03
-4.571002908051013947e-03
-1.905824057757854462e-03
-3.898088820278644562e-03
-1.735661528073251247e-03
-3.095077816396951675e-03
1.061613322235643864e-03
4.312503151595592499e-03
5.684360861778259277e-03
1.406733063049614429e-04
-8.297585300169885159e-04
9.340756572782993317e-03
9.894015640020370483e-02
3.406868781894445419e-04
-1.628098776564002037e-03
-2.295627444982528687e-02
1.442328393459320068e-01
