-1.186820790171623230e-01
-2.599025890231132507e-02
-7.561461534351110458e-03
-7.690069824457168579e-02
1.975682005286216736e-02
-1.746787503361701965e-02
1.293881237506866455e-02
4.531437298282980919e-04
1.108614075928926468e-02
1.246464252471923828e-02
9.836787357926368713e-03
9.949874132871627808e-03
6.683570798486471176e-03
5.784957204014062881e-03
4.487069323658943176e-03
3.962097223848104477e-03
3.080366412177681923e-03
1.918632304295897484e-03
1.743360655382275581e-03
1.798396464437246323e-03
8.770792046561837196e-04
2.266990719363093376e-03
1.225471845827996731e-03
2.784913405776023865e-03
1.433473196811974049e-03
1.735518104396760464e-03
1.772695221006870270e-03
1.630319631658494473e-03
2.726939972490072250e-03
3.503211773931980133e-03
1.056460291147232056e-02
-2.966732159256935120e-02
8.417950011789798737e-03
2.359063830226659775e-03
-1.483990577980875969e-03
6.634803139604628086e-04
1.237081247381865978e-03
1.011682208627462387e-03
4.682473081629723310e-05
1.707997871562838554e-04
6.463730242103338242e-04
4.275008395779877901e-04
6.672100862488150597e-04
-1.858242758316919208e-04
5.617233691737055779e-04
5.241276230663061142e-04
1.979267457500100136e-03
1.306683116126805544e-04
1.618391601368784904e-03
2.026664151344448328e-04
2.634293399751186371e-03
2.040490042418241501e-03
8.383312379010021687e-04
6.140877958387136459e-03
1.330208033323287964e-02
-3.943664953112602234e-03
9.977810084819793701e-03
-1.151609141379594803e-02
-3.040383756160736084e-02
8.179918862879276276e-03
4.545234143733978271e-02
-9.656297042965888977e-03
-7.432787865400314331e-02
-5.457913875579833984e-02
1.683321893215179443e-01
