-5.748583748936653137e-02
-2.181242033839225769e-02
-2.692941576242446899e-02
-1.374983787536621094e-02
-1.141791418194770813e-02
-8.609450422227382660e-03
-1.055327430367469788e-02
-4.838896449655294418e-03
-5.391238257288932800e-03
-3.602289594709873199e-03
-9.732221253216266632e-03
-7.851378992199897766e-03
-1.256965380162000656e-02
-1.231797970831394196e-02
-1.690002158284187317e-02
3.645094484090805054e-02
-9.993255883455276489e-02
4.946940764784812927e-02
3.483552113175392151e-02
2.295141667127609253e-02
2.067449502646923065e-02
1.385945081710815430e-02
1.254986971616744995e-02
1.086595095694065094e-02
1.030194479972124100e-02
2.426351187750697136e-03
3.755534766241908073e-03
-7.444332540035247803e-02
4.440515302121639252e-03
4.528436809778213501e-02
5.397911742329597473e-02
5.972587317228317261e-02
1.060761660337448120e-01
