-3.712370991706848145e-02
-1.142327021807432175e-02
-2.369906194508075714e-02
-1.286574755795300007e-03
-5.477870814502239227e-03
-2.445266349241137505e-03
-3.355176886543631554e-03
1.059657079167664051e-03
1.039364025928080082e-03
-1.969233155250549316e-03
-2.422663616016507149e-03
-3.317009424790740013e-03
-5.325929261744022369e-03
-6.832391489297151566e-03
-1.030893903225660324e-02
3.442665189504623413e-02
-6.115974858403205872e-02
3.685515001416206360e-02
2.330078929662704468e-02
1.572405360639095306e-02
1.332656200975179672e-02
1.211411412805318832e-02
1.188975386321544647e-02
7.270627189427614212e-03
9.580458514392375946e-03
2.833164762705564499e-03
4.933629650622606277e-03
-3.466415032744407654e-02
-1.502482965588569641e-02
1.610062271356582642e-02
2.096405252814292908e-02
5.834617093205451965e-02
9.766135364770889282e-02
