-8.885303884744644165e-02
-2.908602170646190643e-02
-1.426560580730438232e-01
7.916198670864105225e-02
7.270701229572296143e-02
-2.966956421732902527e-02
-7.223308086395263672e-02
-1.521529257297515869e-01
1.689939796924591064e-01
-1.498140990734100342e-01
1.077902503311634064e-03
7.562766969203948975e-02
-1.233553141355514526e-01
1.332900822162628174e-01
-8.870531618595123291e-02
9.818726032972335815e-02
-3.004206903278827667e-02
8.209235221147537231e-02
-8.992138318717479706e-03
9.525018185377120972e-02
-6.562477443367242813e-03
1.186948269605636597e-01
-5.807632580399513245e-03
9.221895039081573486e-02
3.815764188766479492e-02
-1.321131014265120029e-03
1.461577266454696655e-01
-3.071639835834503174e-01
2.191068790853023529e-02
1.343027204275131226e-01
6.768251955509185791e-02
8.029188960790634155e-02
1.581598669290542603e-01
