3.406054526567459106e-02
9.010142087936401367e-02
1.162320971488952637e-01
1.061119958758354187e-01
-1.236001551151275635e-01
-8.053109049797058105e-02
5.937401205301284790e-02
-5.138224363327026367e-02
1.090305447578430176e-01
2.046216279268264771e-01
-2.509808540344238281e-01
3.258185386657714844e-01
-2.258575260639190674e-01
1.074202805757522583e-01
-5.889713764190673828e-02
2.431008368730545044e-01
-1.141192913055419922e-01
5.488220229744911194e-02
-4.001322388648986816e-02
2.676401101052761078e-02
-6.264613568782806396e-02
-1.094442158937454224e-01
2.546000666916370392e-02
-1.856443136930465698e-01
8.041254244744777679e-03
2.026878148317337036e-01
-7.487426698207855225e-02
-1.491380780935287476e-01
-1.266434192657470703e-01
-5.603175610303878784e-02
-1.436046808958053589e-01
2.274269796907901764e-02
-1.975857652723789215e-02
