9.902757406234741211e-02
-7.711452245712280273e-02
7.095050811767578125e-02
-7.069139182567596436e-02
1.075666546821594238e-01
-1.476594209671020508e-01
4.598404467105865479e-02
8.380190283060073853e-02
1.142167821526527405e-01
-6.458149757236242294e-03
-4.831036552786827087e-02
5.837008729577064514e-02
1.990224421024322510e-02
4.497978463768959045e-02
-4.497274383902549744e-02
8.291987329721450806e-02
-5.676082521677017212e-02
2.427095361053943634e-02
6.387312710285186768e-02
-3.865953534841537476e-02
3.444386273622512817e-02
9.410505183041095734e-03
3.903847653418779373e-03
3.436378389596939087e-02
-3.657517209649085999e-02
6.799682229757308960e-02
-5.886302888393402100e-02
8.440842479467391968e-02
-6.653822958469390869e-02
8.441016077995300293e-02
-6.546432524919509888e-02
8.295879513025283813e-02
-6.287609040737152100e-02
5.917607620358467102e-02
-5.146561563014984131e-02
4.182472079992294312e-02
-3.845881298184394836e-02
3.999521955847740173e-02
-6.445766985416412354e-02
6.271278858184814453e-02
-7.691343873739242554e-02
2.215541340410709381e-02
7.365129888057708740e-03
-8.861170709133148193e-02
5.528160184621810913e-02
-4.095108807086944580e-02
1.057461649179458618e-02
-1.016827300190925598e-01
-9.308308362960815430e-02
1.044918224215507507e-01
-3.498229198157787323e-03
-1.674082279205322266e-01
1.660100817680358887e-01
-1.160156503319740295e-01
-6.797264516353607178e-02
3.238668292760848999e-02
8.970718830823898315e-02
-1.395594626665115356e-01
1.020396724343299866e-01
-6.495220959186553955e-02
-2.969541400671005249e-02
3.625570982694625854e-02
1.908691227436065674e-02
-1.301767379045486450e-01
-1.390162557363510132e-01
