-6.726875901222229004e-02
-2.337209321558475494e-02
-1.078613698482513428e-01
6.534087657928466797e-02
6.290750205516815186e-02
-1.756542734801769257e-02
-4.335554689168930054e-02
-7.192789018154144287e-02
1.635244935750961304e-01
-1.725500375032424927e-01
-6.704314053058624268e-02
2.361560985445976257e-02
-1.392083317041397095e-01
1.198823228478431702e-01
-7.518942654132843018e-02
8.486744761466979980e-02
3.684144234284758568e-03
-9.072624891996383667e-02
-3.566759405657649040e-03
-1.391731295734643936e-02
2.303113788366317749e-02
-1.472975127398967743e-02
-9.425051510334014893e-02
1.295018494129180908e-01
-7.168562710285186768e-02
-3.538012504577636719e-02
1.116738319396972656e-01
-8.464711904525756836e-02
1.648836769163608551e-02
9.725636243820190430e-02
-1.134447008371353149e-01
1.283596903085708618e-01
-3.076391294598579407e-02
5.775243043899536133e-02
-1.015483215451240540e-02
9.956891834735870361e-02
-2.340057305991649628e-02
8.019050955772399902e-02
1.220085006207227707e-02
8.108770847320556641e-02
1.124624814838171005e-02
9.910978376865386963e-03
1.828683614730834961e-01
-1.133595556020736694e-01
9.150493890047073364e-02
1.029778793454170227e-01
2.870758436620235443e-02
4.845448955893516541e-02
6.747683882713317871e-02
9.538255631923675537e-03
9.782605618238449097e-02
-8.089528232812881470e-02
-2.990864776074886322e-02
2.890957891941070557e-01
-6.608067452907562256e-02
-3.668468445539474487e-02
5.979682132601737976e-02
1.110468879342079163e-01
-9.498479217290878296e-02
-7.167844474315643311e-02
2.267289459705352783e-01
-2.243420481681823730e-01
3.185248076915740967e-01
-3.632207214832305908e-02
-1.081420555710792542e-01
