6.981652975082397461e-02
8.770052343606948853e-02
9.089279174804687500e-02
7.160162925720214844e-02
-1.317310184240341187e-01
-6.261736899614334106e-02
5.261405557394027710e-02
-1.106356754899024963e-01
3.782353550195693970e-02
1.761595010757446289e-01
-2.515763640403747559e-01
3.262070715427398682e-01
-2.351526767015457153e-01
7.704490423202514648e-02
-6.679077446460723877e-02
1.978222727775573730e-01
-1.360774338245391846e-01
6.683531403541564941e-02
-5.209401994943618774e-02
3.658463060855865479e-02
-3.330562636256217957e-02
-7.677803188562393188e-02
5.590078979730606079e-02
-1.670157164335250854e-01
2.147395629435777664e-03
1.859868317842483521e-01
-6.822460889816284180e-02
-1.189116537570953369e-01
-8.560762554407119751e-02
-4.386476054787635803e-02
-1.654180437326431274e-01
1.957660540938377380e-02
-9.370487183332443237e-03
