-8.209965378046035767e-02
5.287103727459907532e-02
-5.564990351558662951e-05
1.580231636762619019e-02
4.163702204823493958e-02
3.099367208778858185e-02
2.795965671539306641e-01
1.311627328395843506e-01
-1.388412714004516602e-02
1.206689979881048203e-02
-5.996519327163696289e-02
-2.623339295387268066e-01
1.500269621610641479e-01
-1.140027642250061035e-01
-1.089474037289619446e-01
5.448566749691963196e-02
9.980698674917221069e-02
-2.173286676406860352e-02
1.781876236200332642e-01
1.395689547061920166e-01
3.136017918586730957e-02
6.782592833042144775e-02
1.566428095102310181e-01
-3.420902788639068604e-02
6.261227279901504517e-02
6.004495546221733093e-02
3.260661661624908447e-02
1.062787137925624847e-02
3.719564899802207947e-02
-7.332845032215118408e-02
8.711986243724822998e-02
6.529831793159246445e-03
-1.854877024888992310e-01
1.995967179536819458e-01
-2.335438281297683716e-01
1.153079569339752197e-01
-1.067485213279724121e-01
-2.922793664038181305e-02
-1.396726351231336594e-03
-2.794815599918365479e-02
-1.374003142118453979e-01
-2.672185748815536499e-02
7.778123766183853149e-02
-2.913125753402709961e-01
-1.016631140373647213e-03
1.226285621523857117e-01
-2.793649137020111084e-01
-1.399789601564407349e-01
1.336853951215744019e-01
-1.220606938004493713e-01
2.086111530661582947e-02
1.231925785541534424e-01
-1.653021946549415588e-02
-2.788077853620052338e-02
1.115023046731948853e-01
-8.331099152565002441e-02
-1.018566638231277466e-01
6.637591123580932617e-02
-4.967908607795834541e-04
1.516690850257873535e-01
3.618473932147026062e-02
1.579386182129383087e-02
-9.739646315574645996e-02
6.339879333972930908e-02
-4.781853035092353821e-02
