-8.493266254663467407e-02
-2.794882841408252716e-02
-1.380230635404586792e-01
8.861431479454040527e-02
8.100467920303344727e-02
-2.803298272192478180e-02
-6.829126924276351929e-02
-1.220825538039207458e-01
1.830345988273620605e-01
-2.291335761547088623e-01
-6.144665926694869995e-02
5.597851797938346863e-02
-1.788825690746307373e-01
1.424773335456848145e-01
-1.233029440045356750e-01
6.224731355905532837e-02
-5.566146501223556697e-05
3.666431084275245667e-02
-1.683808118104934692e-02
1.618424206972122192e-01
-3.928094729781150818e-02
8.419278264045715332e-02
7.608949393033981323e-02
1.850598901510238647e-01
2.189317904412746429e-02
-1.041985005140304565e-01
3.306271880865097046e-02
-3.829970061779022217e-01
-4.545982461422681808e-03
1.414441019296646118e-01
8.293852955102920532e-02
9.123775362968444824e-02
1.650847196578979492e-01
