1.826284378767013550e-01
1.328459382057189941e-01
1.848343163728713989e-01
1.934372335672378540e-01
-2.682296931743621826e-02
1.756033627316355705e-03
1.035075709223747253e-01
1.090017035603523254e-01
-1.248961314558982849e-01
-8.727959357202053070e-03
-6.707722693681716919e-02
2.796197235584259033e-01
5.344024859368801117e-03
2.729038335382938385e-02
1.057941541075706482e-01
-6.174579728394746780e-03
5.681380629539489746e-02
1.462366282939910889e-01
1.782710552215576172e-01
-1.113260760903358459e-01
1.381673067808151245e-01
-3.574570640921592712e-02
1.951917409896850586e-01
4.177829716354608536e-03
-4.626659303903579712e-02
7.178394496440887451e-02
7.186712324619293213e-02
1.414676895365118980e-03
-5.214607715606689453e-02
8.141314983367919922e-02
-3.307013958692550659e-02
-1.394965313374996185e-02
-1.004782784730195999e-02
-1.005837917327880859e-01
4.610479623079299927e-02
-5.645614862442016602e-02
-1.176796332001686096e-01
6.581178307533264160e-02
-3.815520554780960083e-02
-1.377893537282943726e-01
1.270931959152221680e-01
-6.040801852941513062e-02
3.250373154878616333e-02
2.649037167429924011e-02
-2.666533738374710083e-02
-1.406598929315805435e-02
9.032737463712692261e-02
-5.033552274107933044e-02
4.182460531592369080e-02
4.536812007427215576e-02
7.407134026288986206e-02
-2.124024927616119385e-01
1.253199726343154907e-01
9.123643487691879272e-02
3.186902776360511780e-02
-3.935504704713821411e-02
6.004980206489562988e-02
4.142889007925987244e-02
-1.310023665428161621e-01
5.391229409724473953e-03
-6.235148757696151733e-02
6.925241649150848389e-02
-3.253766894340515137e-02
-4.404640942811965942e-02
-1.865690350532531738e-01
