1.033035386353731155e-02
2.408443950116634369e-03
8.726969361305236816e-03
4.218131303787231445e-03
7.544355932623147964e-03
4.331691656261682510e-03
3.426792100071907043e-03
8.806645055301487446e-04
1.626813784241676331e-03
1.383655471727252007e-03
2.136805793270468712e-03
2.650381531566381454e-03
1.758977654390037060e-03
7.249224581755697727e-04
1.867781160399317741e-03
1.335371751338243484e-03
1.964443130418658257e-03
1.012777560390532017e-03
1.360938418656587601e-03
1.796083641238510609e-03
1.451153540983796120e-03
1.805080333724617958e-03
2.424756530672311783e-03
1.951227663084864616e-03
2.692999551072716713e-03
2.663225401192903519e-03
3.870112355798482895e-03
5.697697866708040237e-03
4.813312552869319916e-03
8.914213627576828003e-03
1.599627360701560974e-02
-3.566693142056465149e-02
-1.639022305607795715e-02
-9.924543701345100999e-05
-5.806095941807143390e-06
-1.577218063175678253e-03
-1.350921345874667168e-03
6.612680590478703380e-05
-1.292224391363561153e-03
-9.538620361126959324e-04
-4.019946791231632233e-04
-7.138156797736883163e-04
-7.701895665377378464e-04
-1.521722733741626143e-04
-5.558546981774270535e-04
-4.807153600268065929e-04
5.806130866403691471e-05
-8.726203232072293758e-04
-5.639732116833329201e-04
-1.320643466897308826e-03
-1.206377171911299229e-03
-9.657816262915730476e-04
-1.118666958063840866e-03
-1.772163086570799351e-03
-7.674244116060435772e-04
-3.699578519444912672e-05
-5.980295245535671711e-04
-2.586476737633347511e-03
-2.211652230471372604e-03
-8.436914067715406418e-04
-4.822244867682456970e-03
-3.231083508580923080e-03
-1.016694307327270508e-02
-5.821096152067184448e-02
-2.737892419099807739e-02
