-6.345395743846893311e-02
-7.377178966999053955e-02
-1.866310536861419678e-01
7.778726518154144287e-02
1.415978223085403442e-01
2.765996381640434265e-02
9.450972825288772583e-02
2.840813994407653809e-01
-5.233151838183403015e-02
-6.152570620179176331e-02
-1.255607903003692627e-01
2.457720972597599030e-02
2.003297805786132812e-01
1.439296454191207886e-02
-1.068663746118545532e-01
3.030188940465450287e-02
1.816222667694091797e-01
7.458911091089248657e-02
-6.806205213069915771e-02
4.334536939859390259e-02
9.357827156782150269e-02
-4.524093121290206909e-02
5.341230332851409912e-02
1.798052340745925903e-02
-2.061032503843307495e-02
6.326495856046676636e-02
-7.864309102296829224e-02
8.269786089658737183e-02
-9.978055953979492188e-02
5.746868252754211426e-02
-5.098145082592964172e-02
-3.442145138978958130e-02
-9.082589298486709595e-03
-6.982528418302536011e-02
-5.232360586524009705e-02
4.394006449729204178e-03
-1.840962171554565430e-01
9.909468144178390503e-02
-2.082783132791519165e-01
-6.552726961672306061e-03
-1.718511432409286499e-02
-1.680535376071929932e-01
5.151564627885818481e-02
-1.233546957373619080e-01
-2.493185177445411682e-02
-9.186121635138988495e-03
-7.610257714986801147e-02
-6.312802899628877640e-03
-2.610081573948264122e-04
-2.336764708161354065e-03
-1.262648254632949829e-01
6.334647536277770996e-02
1.819278448820114136e-01
-2.444921284914016724e-01
1.508813258260488510e-02
-9.713017195463180542e-02
7.248944044113159180e-02
1.763441227376461029e-02
-1.238655671477317810e-01
3.960093110799789429e-02
5.744408816099166870e-02
1.677063852548599243e-02
1.224584728479385376e-01
-1.284138411283493042e-01
-1.612736135721206665e-01
