-6.727863103151321411e-02
-7.931392639875411987e-02
-1.921928375959396362e-01
7.368632405996322632e-02
1.384427249431610107e-01
2.436258457601070404e-02
9.015198051929473877e-02
2.784978747367858887e-01
-6.110952049493789673e-02
-7.511179894208908081e-02
-1.392986029386520386e-01
1.291117258369922638e-02
1.863679885864257812e-01
-5.045556928962469101e-03
-1.268907338380813599e-01
2.133492752909660339e-02
1.809316128492355347e-01
5.925740674138069153e-02
-1.064070910215377808e-01
4.957402590662240982e-03
6.418209522962570190e-02
-7.922529429197311401e-02
2.142095193266868591e-02
5.692743579857051373e-04
-3.334969654679298401e-02
4.457150772213935852e-02
-8.316092938184738159e-02
9.261499345302581787e-02
-1.034691482782363892e-01
6.315825879573822021e-02
-3.712059184908866882e-02
-1.855223067104816437e-02
2.921276912093162537e-02
-3.472627699375152588e-02
-1.150838681496679783e-03
6.461382657289505005e-02
-1.344999223947525024e-01
1.730284243822097778e-01
-1.536131054162979126e-01
5.532239750027656555e-02
5.436585471034049988e-02
-1.255693137645721436e-01
1.091786026954650879e-01
-6.309770792722702026e-02
7.501901593059301376e-03
2.300514373928308487e-03
-7.442647963762283325e-02
8.874342776834964752e-03
1.494685094803571701e-02
-6.149419583380222321e-03
-1.308670341968536377e-01
7.409272342920303345e-02
1.829778701066970825e-01
-2.682380378246307373e-01
-1.332864072173833847e-02
-1.132262125611305237e-01
6.912520527839660645e-02
1.783349364995956421e-02
-1.222809925675392151e-01
4.378100484609603882e-02
6.196509674191474915e-02
2.103768661618232727e-02
1.283167302608489990e-01
-1.204385906457901001e-01
-1.524657309055328369e-01
