1.182000115513801575e-01
1.908957362174987793e-01
-2.625359408557415009e-02
-4.470877721905708313e-02
1.581030935049057007e-01
-8.853385597467422485e-02
-2.162580750882625580e-02
1.551866997033357620e-02
2.601923234760761261e-02
7.998482137918472290e-02
1.647291705012321472e-02
-2.291115000844001770e-02
2.786926627159118652e-01
-1.644680351018905640e-01
1.117852777242660522e-01
6.695405393838882446e-02
7.572511583566665649e-02
3.066863864660263062e-02
-1.678873598575592041e-02
6.333376467227935791e-02
-1.186650525778532028e-02
-7.477348297834396362e-02
4.936401918530464172e-02
1.096851075999438763e-03
-2.210251800715923309e-02
3.553582355380058289e-03
4.171245917677879333e-02
-6.799995899200439453e-04
-5.565421283245086670e-02
5.860157310962677002e-02
6.790480762720108032e-02
-1.220681294798851013e-01
4.544388130307197571e-02
9.407485276460647583e-02
-8.814109861850738525e-02
-1.596102025359869003e-03
-9.144102036952972412e-02
3.634697198867797852e-02
-4.390217363834381104e-02
-7.205089181661605835e-02
-2.074056304991245270e-03
-1.800322383642196655e-01
7.103366404771804810e-02
-8.221914619207382202e-02
7.440002262592315674e-02
-5.400360003113746643e-02
-4.165509715676307678e-02
8.281953632831573486e-02
-9.792441874742507935e-02
2.487587742507457733e-02
3.677918389439582825e-02
5.079858377575874329e-02
4.095257446169853210e-02
-1.405568677000701427e-03
-4.293069615960121155e-02
4.019790142774581909e-02
4.474474117159843445e-03
-2.009306252002716064e-01
9.178869426250457764e-02
-1.465267241001129150e-01
-1.495559066534042358e-01
-2.405989021062850952e-01
-2.175229489803314209e-01
-1.458620131015777588e-01
7.510968483984470367e-03
