1.171861588954925537e-01
1.901264786720275879e-01
-2.470110543072223663e-02
-4.366135597229003906e-02
1.563839316368103027e-01
-8.969543129205703735e-02
-2.375309355556964874e-02
9.228318929672241211e-03
2.077970281243324280e-02
7.826305925846099854e-02
1.453143637627363205e-02
-2.542283758521080017e-02
2.803135514259338379e-01
-1.587365120649337769e-01
1.148930191993713379e-01
6.325959414243698120e-02
6.737139075994491577e-02
2.330545894801616669e-02
-1.978883706033229828e-02
6.396341323852539062e-02
-9.127971716225147247e-03
-7.341536134481430054e-02
4.712140187621116638e-02
-3.545924322679638863e-03
-2.746539004147052765e-02
-1.095795538276433945e-03
3.864159062504768372e-02
-2.211314393207430840e-03
-5.718834325671195984e-02
5.679324641823768616e-02
6.961324065923690796e-02
-1.163913682103157043e-01
5.001949146389961243e-02
9.862817078828811646e-02
-7.569055259227752686e-02
1.914764754474163055e-02
-7.031981647014617920e-02
5.073441565036773682e-02
-3.403513878583908081e-02
-5.887721851468086243e-02
1.512071210891008377e-02
-1.655158400535583496e-01
7.469733059406280518e-02
-9.048257768154144287e-02
6.202127411961555481e-02
-6.386909633874893188e-02
-4.629258066415786743e-02
8.246526867151260376e-02
-9.553492069244384766e-02
2.466680854558944702e-02
3.245242312550544739e-02
4.837990552186965942e-02
4.320688545703887939e-02
7.204752415418624878e-03
-3.100766986608505249e-02
4.857507348060607910e-02
5.006731953471899033e-03
-2.037992626428604126e-01
9.194193780422210693e-02
-1.405517458915710449e-01
-1.397563666105270386e-01
-2.309710681438446045e-01
-2.094830572605133057e-01
-1.446979492902755737e-01
4.398527744342572987e-05
