-8.121217042207717896e-02
-9.155379235744476318e-02
-2.279729396104812622e-01
1.046253815293312073e-01
1.770709455013275146e-01
2.310016565024852753e-02
8.903773874044418335e-02
3.080705702304840088e-01
-8.918433636426925659e-02
-4.844166338443756104e-03
-4.419237375259399414e-02
-2.571511641144752502e-02
-7.300076540559530258e-04
-6.554752588272094727e-02
2.617924846708774567e-02
-4.104958102107048035e-02
3.307646373286843300e-03
-2.002845052629709244e-03
-4.387025907635688782e-02
5.777565389871597290e-02
-1.070618629455566406e-01
1.166895478963851929e-01
-1.344588249921798706e-01
1.097951829433441162e-01
-4.825764149427413940e-02
-3.752481564879417419e-02
1.327762305736541748e-01
-9.140697866678237915e-02
2.670884691178798676e-02
2.631607837975025177e-02
-6.492741405963897705e-02
4.634748026728630066e-02
-9.652481228113174438e-02
