6.419866532087326050e-02
3.849226981401443481e-02
-7.265654951333999634e-02
1.813502162694931030e-01
2.163402140140533447e-01
7.288566976785659790e-02
1.167694628238677979e-01
3.124219775199890137e-01
-1.273190882056951523e-02
-1.067738607525825500e-02
-7.940243929624557495e-02
4.262701794505119324e-02
2.000903636217117310e-01
2.476171776652336121e-02
-9.261201322078704834e-02
4.855648428201675415e-02
2.081645578145980835e-01
1.103143617510795593e-01
-3.634181618690490723e-02
7.820715755224227905e-02
1.280890554189682007e-01
-3.253006562590599060e-02
6.654941290616989136e-02
5.377633497118949890e-02
8.736161515116691589e-03
7.356336712837219238e-02
-4.264063015580177307e-02
1.064721867442131042e-01
-1.346954405307769775e-01
8.612529933452606201e-02
-1.574217714369297028e-02
-3.613569587469100952e-02
2.106855995953083038e-02
-6.336072832345962524e-02
-3.215027600526809692e-02
-6.388017442077398300e-03
-1.494899988174438477e-01
2.185935080051422119e-01
-2.068530172109603882e-01
2.456637471914291382e-02
9.874848276376724243e-02
-1.006614342331886292e-01
1.175683289766311646e-01
-5.326547473669052124e-02
2.303367853164672852e-02
2.898143045604228973e-02
-3.700080886483192444e-02
3.975589945912361145e-02
2.073081582784652710e-02
-1.101723033934831619e-02
-1.348183006048202515e-01
6.376754492521286011e-02
1.777166277170181274e-01
-2.501064240932464600e-01
1.377849280834197998e-02
-9.619165211915969849e-02
5.780132859945297241e-02
-4.738652613013982773e-03
-1.425498872995376587e-01
2.482217364013195038e-02
2.464957349002361298e-02
-2.906575240194797516e-02
8.862825483083724976e-02
-1.563261151313781738e-01
-1.943559944629669189e-01
