-6.523406505584716797e-02
-7.681251317262649536e-02
-1.897829622030258179e-01
7.478354871273040771e-02
1.381211280822753906e-01
2.393680810928344727e-02
9.057461470365524292e-02
2.796770632266998291e-01
-5.864773690700531006e-02
-7.074984908103942871e-02
-1.350038349628448486e-01
1.540920138359069824e-02
1.889231950044631958e-01
2.688070817384868860e-04
-1.177297383546829224e-01
3.175602853298187256e-02
1.928296387195587158e-01
7.791943848133087158e-02
-7.907120883464813232e-02
3.845557942986488342e-02
9.625582396984100342e-02
-5.004299432039260864e-02
5.747880041599273682e-02
3.578975051641464233e-02
-1.593325100839138031e-02
5.207424610853195190e-02
-5.668755620718002319e-02
1.154433339834213257e-01
-1.132507398724555969e-01
7.730597257614135742e-02
-3.455584868788719177e-02
-3.526666387915611267e-02
1.707461290061473846e-02
-6.855379045009613037e-02
-2.051941491663455963e-02
9.964516386389732361e-03
-1.812969893217086792e-01
1.661254465579986572e-01
-2.201877534389495850e-01
7.430039113387465477e-05
3.950162604451179504e-02
-1.549624651670455933e-01
8.082840591669082642e-02
-8.468307554721832275e-02
-1.143585890531539917e-02
-7.139896508306264877e-03
-6.965218484401702881e-02
2.257914282381534576e-02
2.981701679527759552e-02
6.366841495037078857e-03
-1.197359934449195862e-01
8.493210375308990479e-02
1.915794163942337036e-01
-2.622154355049133301e-01
-8.050455711781978607e-03
-1.082595661282539368e-01
7.272123545408248901e-02
1.984176784753799438e-02
-1.223516687750816345e-01
4.205382615327835083e-02
5.966288596391677856e-02
1.781931519508361816e-02
1.223282441496849060e-01
-1.296558678150177002e-01
-1.627020537853240967e-01
