2.334179915487766266e-02
2.009433135390281677e-02
3.125564754009246826e-02
4.311281256377696991e-03
5.293240770697593689e-03
5.462615285068750381e-03
2.379380399361252785e-03
3.767584683373570442e-03
4.304531030356884003e-03
3.686245996505022049e-03
3.706972580403089523e-03
4.103271290659904480e-03
5.175043363124132156e-03
5.532669834792613983e-03
1.355339074507355690e-03
1.748800575733184814e-01
7.228481024503707886e-02
-9.705037623643875122e-02
-5.873208120465278625e-02
-3.719824925065040588e-02
-2.704666182398796082e-02
-2.038988098502159119e-02
-1.330120209604501724e-02
-1.254731882363557816e-02
-1.576993986964225769e-02
-9.867134504020214081e-03
-1.059650257229804993e-02
-1.539741735905408859e-02
-1.895197294652462006e-02
-1.818776503205299377e-02
8.096236851997673512e-04
5.407975614070892334e-02
1.021384894847869873e-01
