-8.241344243288040161e-02
-9.523457288742065430e-02
-2.347088158130645752e-01
9.889731556177139282e-02
1.750889718532562256e-01
2.564019709825515747e-02
1.011207699775695801e-01
3.329748511314392090e-01
-7.025424391031265259e-02
-1.595117710530757904e-02
-6.179187819361686707e-02
-1.523739192634820938e-02
1.620284840464591980e-02
-5.226698890328407288e-02
3.605521842837333679e-02
-4.678130894899368286e-02
2.757291495800018311e-02
-2.811790443956851959e-02
-2.076188288629055023e-02
6.382983922958374023e-02
-1.239455342292785645e-01
1.593560129404067993e-01
-1.758173108100891113e-01
1.406307816505432129e-01
-4.301481693983078003e-02
-6.596057862043380737e-02
1.579092442989349365e-01
-8.133777230978012085e-02
7.313637994229793549e-03
4.260974936187267303e-03
-7.987485080957412720e-02
3.982017934322357178e-02
-9.819951653480529785e-02
