8.274003118276596069e-02
8.744668960571289062e-02
-6.523219496011734009e-02
-6.001274660229682922e-02
-6.840456742793321609e-03
-3.917914256453514099e-02
-6.192757748067378998e-03
-2.916921512223780155e-04
-4.516377579420804977e-03
4.636998288333415985e-03
2.381185768172144890e-03
-4.832261474803090096e-04
-3.259797580540180206e-03
-1.661003753542900085e-02
-2.272368595004081726e-02
7.751658558845520020e-02
1.681506037712097168e-01
-6.324616074562072754e-02
-3.846203908324241638e-02
-2.754369936883449554e-02
-2.355558238923549652e-02
-1.885041967034339905e-02
-2.053797803819179535e-02
-2.359722182154655457e-02
-2.565690502524375916e-02
-7.836773246526718140e-02
-3.060238808393478394e-02
-4.252678155899047852e-02
5.807143822312355042e-02
-2.685918845236301422e-02
-6.876721233129501343e-02
2.122867293655872345e-02
-2.262008786201477051e-01
