-1.101635769009590149e-01
5.303248390555381775e-02
-1.221899874508380890e-02
6.804289761930704117e-03
3.593489527702331543e-02
1.446366496384143829e-02
3.022483885288238525e-01
1.092101037502288818e-01
-5.775525793433189392e-02
3.700089454650878906e-02
6.080913171172142029e-02
-2.014811784029006958e-01
1.405854672193527222e-01
-1.360637992620468140e-01
-8.281243033707141876e-03
1.065305620431900024e-02
-1.154312789440155029e-01
1.097914204001426697e-01
-1.850382983684539795e-01
1.475364267826080322e-01
-1.375750601291656494e-01
2.128985710442066193e-02
3.706831112504005432e-02
-6.707452982664108276e-02
4.928875714540481567e-02
-4.454015940427780151e-02
1.217702999711036682e-01
-3.210303485393524170e-01
4.711822047829627991e-02
1.960239410400390625e-01
-3.175813853740692139e-01
-1.580724716186523438e-01
-1.652909815311431885e-01
