8.312394469976425171e-02
1.539816707372665405e-01
-1.308509409427642822e-01
-1.609634459018707275e-01
1.015117987990379333e-01
-1.794709563255310059e-01
-4.863966628909111023e-02
1.543912943452596664e-02
8.477646857500076294e-03
8.911395817995071411e-02
4.755459353327751160e-02
-9.613063931465148926e-02
2.226945161819458008e-01
-1.517746150493621826e-01
1.641161888837814331e-01
-2.696019783616065979e-02
2.958322502672672272e-02
5.628824979066848755e-02
-5.442128702998161316e-02
7.957252860069274902e-02
-8.707134425640106201e-02
3.848802298307418823e-02
-3.645802661776542664e-02
-8.257061988115310669e-02
1.281539201736450195e-01
-2.950180768966674805e-01
5.681341513991355896e-02
-4.265097528696060181e-02
1.794801205396652222e-01
-2.477563358843326569e-02
-6.562098115682601929e-02
7.920352369546890259e-02
-2.651692926883697510e-01
