-1.308457851409912109e-01
-1.255210302770137787e-02
-1.731968857347965240e-02
-1.601709276437759399e-01
1.067651882767677307e-01
-6.878184527158737183e-02
9.082614630460739136e-02
-2.015889249742031097e-02
8.096623420715332031e-02
5.804157629609107971e-02
-2.513624960556626320e-03
8.576686680316925049e-02
-2.029805816709995270e-02
1.013700291514396667e-01
2.833303809165954590e-02
1.632609814405441284e-01
-1.070339828729629517e-01
1.107784062623977661e-01
1.965556293725967407e-02
-3.591898083686828613e-02
8.751337230205535889e-02
-3.947539720684289932e-03
2.114268485456705093e-03
7.301630079746246338e-02
-8.453284390270709991e-03
8.200339227914810181e-02
9.979084134101867676e-03
1.053815782070159912e-01
2.510155318304896355e-03
1.288772672414779663e-01
6.908872630447149277e-03
1.029693931341171265e-01
4.460499808192253113e-02
4.143008217215538025e-02
6.875077635049819946e-02
2.918032184243202209e-02
2.738461829721927643e-02
5.614898726344108582e-02
-1.979168318212032318e-02
5.942586436867713928e-02
-3.199634328484535217e-02
5.778704769909381866e-03
1.903685741126537323e-02
-5.698277428746223450e-02
3.096451237797737122e-02
-1.829594001173973083e-02
-4.234173893928527832e-02
2.450207807123661041e-02
-1.999716833233833313e-02
-4.411254823207855225e-02
4.315860196948051453e-02
-4.503834247589111328e-02
2.619227766990661621e-02
-9.855738282203674316e-02
2.500810623168945312e-01
-2.249765396118164062e-02
-6.454794853925704956e-02
-7.893220335245132446e-02
-9.789595752954483032e-02
5.280008912086486816e-02
1.127061769366264343e-01
-2.216121740639209747e-02
-1.425459980964660645e-01
-1.234532594680786133e-01
2.434742003679275513e-01
