1.480584777891635895e-02
4.740754608064889908e-03
8.815071545541286469e-03
4.699776414781808853e-03
1.076710969209671021e-02
3.503331448882818222e-03
4.827458411455154419e-03
5.122040864080190659e-03
2.930811839178204536e-03
1.392585807479918003e-03
1.943165669217705727e-03
1.876332098618149757e-03
1.659893896430730820e-03
1.104021095670759678e-03
2.502373186871409416e-03
1.383662107400596142e-03
1.057707471773028374e-03
9.413969819433987141e-04
3.299894509837031364e-03
2.203084761276841164e-03
1.835963805206120014e-03
2.900406718254089355e-03
1.733486773446202278e-03
2.529134973883628845e-03
3.724678186699748039e-03
3.156682476401329041e-03
3.478600876405835152e-03
5.850166082382202148e-03
7.281455677002668381e-03
8.795742876827716827e-03
1.743355579674243927e-02
-4.070824757218360901e-02
-1.089298445731401443e-02
3.238710341975092888e-04
-1.793299335986375809e-03
2.788714482448995113e-04
-5.511644412763416767e-04
-8.259269525296986103e-04
-1.153001721831969917e-04
-1.498814235674217343e-04
-7.381692994385957718e-04
-1.141386339440941811e-03
-1.704229507595300674e-03
-1.659051282331347466e-03
-4.942555096931755543e-04
-8.724641520529985428e-04
3.090916434302926064e-04
-1.344822579994797707e-03
-1.670990372076630592e-03
2.751467109192162752e-04
-1.049218000844120979e-03
-2.186907804571092129e-04
-1.595066627487540245e-03
-8.248957456089556217e-04
1.465349778300151229e-04
-1.581915072165429592e-03
-2.687444677576422691e-03
-1.250990550033748150e-03
-2.883702050894498825e-03
-1.043400634080171585e-02
-9.017918258905410767e-03
-2.631082385778427124e-02
-2.577376365661621094e-02
-3.159403428435325623e-02
3.688950324431061745e-03
