9.116200357675552368e-02
5.839405581355094910e-02
1.200683563947677612e-01
1.222544461488723755e-01
-1.444662213325500488e-01
-6.954078376293182373e-02
6.538227200508117676e-02
5.036030709743499756e-02
-2.640363574028015137e-01
-9.124799072742462158e-02
-1.638478189706802368e-01
2.950309216976165771e-01
-9.377647191286087036e-02
-1.134420782327651978e-01
1.750309392809867859e-02
-7.087136805057525635e-02
9.291402995586395264e-02
-1.620822250843048096e-01
1.063940748572349548e-01
3.577087447047233582e-02
-5.739660002291202545e-03
1.837663054466247559e-01
-7.976078242063522339e-02
-2.230938673019409180e-01
-3.814924135804176331e-02
7.387085258960723877e-02
1.635648459196090698e-01
7.473024725914001465e-02
-3.213499858975410461e-02
9.106603101827204227e-04
1.663808077573776245e-01
-5.630810745060443878e-03
1.674801707267761230e-01
