-9.284573048353195190e-02
-3.708670288324356079e-02
-1.480890065431594849e-01
7.794580608606338501e-02
7.126672565937042236e-02
-3.537622466683387756e-02
-7.587060332298278809e-02
-1.311117708683013916e-01
1.967188119888305664e-01
-1.614312976598739624e-01
6.813575047999620438e-03
9.401570260524749756e-02
-1.412048041820526123e-01
1.448045819997787476e-01
-8.790020644664764404e-02
8.318238705396652222e-02
-1.390574965626001358e-02
7.655695080757141113e-02
-9.165978059172630310e-03
1.388594359159469604e-01
-1.563811302185058594e-02
1.044136136770248413e-01
4.946972802281379700e-02
1.588975936174392700e-01
4.907457530498504639e-02
-3.179772198200225830e-02
1.130831986665725708e-01
-3.245180845260620117e-01
2.488201111555099487e-02
1.493752300739288330e-01
8.225616067647933960e-02
8.931272476911544800e-02
1.635745763778686523e-01
