1.624040156602859497e-01
-6.430841237306594849e-02
1.379767954349517822e-01
-7.789133489131927490e-02
1.383581906557083130e-01
-2.223399281501770020e-01
4.936617985367774963e-02
1.097809597849845886e-01
1.640610396862030029e-01
2.372850105166435242e-02
-2.173447422683238983e-02
9.872335195541381836e-02
9.662689408287405968e-04
2.639370597898960114e-02
-9.546077251434326172e-02
3.106123022735118866e-02
-1.674098074436187744e-01
3.501294180750846863e-02
-5.642833560705184937e-02
9.708948433399200439e-03
5.078110098838806152e-02
8.507473021745681763e-02
9.893286915030330420e-05
1.164231747388839722e-01
1.356142908334732056e-01
-1.748099625110626221e-01
-3.697980195283889771e-02
-1.201007366180419922e-01
1.513727456331253052e-01
2.978016249835491180e-02
3.019420430064201355e-02
-1.425345689058303833e-01
2.168511450290679932e-01
