-2.454202435910701752e-02
-2.579109929502010345e-02
-5.279096588492393494e-02
1.596665196120738983e-02
1.662480831146240234e-02
6.455648690462112427e-03
6.440416909754276276e-03
6.827475503087043762e-03
5.071686464361846447e-04
9.388823527842760086e-04
1.429508440196514130e-03
3.061158582568168640e-03
6.403630599379539490e-03
3.960964269936084747e-03
-4.192355275154113770e-02
-2.393718808889389038e-02
1.829544901847839355e-01
-3.072202019393444061e-02
-1.029479503631591797e-02
-3.082373179495334625e-03
-3.238125238567590714e-03
-6.130396854132413864e-03
-6.790919695049524307e-03
-1.152166351675987244e-02
-6.164013408124446869e-03
-7.042821496725082397e-03
-1.544979633763432503e-03
-8.750860579311847687e-03
-1.469900272786617279e-02
-2.539045643061399460e-03
-3.019065037369728088e-02
6.803765427321195602e-03
-5.390679836273193359e-02
