7.541690021753311157e-02
4.534296318888664246e-02
8.669742941856384277e-02
7.103744894266128540e-02
-1.309859156608581543e-01
-8.557026088237762451e-02
7.095790933817625046e-03
-1.004191022366285324e-02
-2.625079452991485596e-01
-1.302555799484252930e-01
-1.664561033248901367e-01
2.019244730472564697e-01
-8.059488981962203979e-02
-7.955906540155410767e-02
2.798244170844554901e-02
-5.513650178909301758e-02
2.104928903281688690e-02
1.026595607399940491e-01
9.870199114084243774e-02
-1.815365850925445557e-01
8.647335320711135864e-02
-1.041227877140045166e-01
7.227564603090286255e-02
-6.059149280190467834e-02
-4.923848062753677368e-02
-2.169403992593288422e-02
-6.276898831129074097e-02
-2.464146725833415985e-02
-9.381563216447830200e-02
-1.775108464062213898e-02
-9.940214455127716064e-02
-5.069915950298309326e-02
-2.520868368446826935e-02
-9.453406184911727905e-02
-1.338588539510965347e-02
-3.416636958718299866e-02
-5.773366987705230713e-02
3.610463580116629601e-03
-2.785876626148819923e-03
-5.631535872817039490e-02
8.541489392518997192e-02
-7.413284480571746826e-02
5.192515626549720764e-02
2.298144251108169556e-02
4.505815915763378143e-03
8.278490044176578522e-03
8.506140112876892090e-02
-4.732661321759223938e-02
6.397739797830581665e-02
7.121569663286209106e-02
9.552143514156341553e-02
-1.872260868549346924e-01
1.470215469598770142e-01
9.930748492479324341e-02
2.303082495927810669e-02
-4.507196694612503052e-02
6.833895295858383179e-02
4.756978899240493774e-02
-1.351310014724731445e-01
1.012287847697734833e-02
-3.397682681679725647e-02
1.034758538007736206e-01
2.353934105485677719e-03
8.724344894289970398e-03
-1.469459980726242065e-01
