6.637349259108304977e-03
8.568760938942432404e-03
4.756455775350332260e-03
3.200826933607459068e-03
-2.839575521647930145e-03
5.966786993667483330e-04
-1.541472156532108784e-03
5.932822823524475098e-04
3.927970305085182190e-03
6.570536643266677856e-03
8.911304175853729248e-03
7.194458972662687302e-03
6.039837840944528580e-03
3.244713880121707916e-03
-1.774193253368139267e-03
2.097585052251815796e-01
-8.052852004766464233e-02
-1.599938794970512390e-02
-1.001042034476995468e-02
-6.604904308915138245e-03
-7.600096520036458969e-03
-4.654897842556238174e-03
-4.145793616771697998e-03
-5.863203550688922405e-04
5.950407939963042736e-04
2.562164328992366791e-03
-1.378866436425596476e-04
-2.405474428087472916e-03
8.284118375740945339e-04
-1.205531531013548374e-03
-4.274193663150072098e-03
-9.451430378248915076e-05
1.377421710640192032e-02
