5.219420418143272400e-02
8.951434283517301083e-04
2.514847926795482635e-02
4.381501115858554840e-03
1.008072216063737869e-02
1.082446891814470291e-03
-4.060240753460675478e-04
3.862222656607627869e-03
2.585403155535459518e-03
3.008924191817641258e-03
-5.253058043308556080e-04
1.767399022355675697e-03
7.302502053789794445e-04
5.389011930674314499e-04
-3.388559562154114246e-04
1.147747752838768065e-04
6.318987580016255379e-04
-3.386567695997655392e-04
3.755614452529698610e-04
2.850785094778984785e-04
1.189471688121557236e-03
3.114693972747772932e-04
8.237849106080830097e-04
8.648050716146826744e-04
1.512106740847229958e-03
1.251047127880156040e-03
1.571439206600189209e-03
3.152991703245788813e-04
3.019712865352630615e-03
1.472014002501964569e-03
4.279835149645805359e-03
6.744743138551712036e-02
-3.986738994717597961e-02
-1.892068609595298767e-02
-8.609765209257602692e-03
-5.797259509563446045e-03
-3.784468630328774452e-03
-3.379000118002295494e-03
-4.067787434905767441e-03
-3.136346349492669106e-03
-2.911002608016133308e-03
-2.305832691490650177e-03
-2.502439310774207115e-03
-2.228935714811086655e-03
-2.913661533966660500e-03
-3.228926798328757286e-03
-2.316934755071997643e-03
-1.475455472245812416e-03
-9.261592640541493893e-04
-1.520642079412937164e-03
-3.237078199163079262e-03
-1.527293585240840912e-03
-2.383339684456586838e-03
-1.334734726697206497e-03
-5.854189512319862843e-04
2.401406891294755042e-05
-1.188212190754711628e-03
-4.327916540205478668e-03
9.232997545041143894e-04
-5.575911607593297958e-03
-4.885122179985046387e-03
3.427907067816704512e-04
2.057094126939773560e-03
-3.841329738497734070e-02
-5.412709340453147888e-02
