-8.508250862360000610e-02
-2.880432829260826111e-02
-1.403027474880218506e-01
8.586304634809494019e-02
7.950541377067565918e-02
-2.969415299594402313e-02
-6.827405840158462524e-02
-1.153921708464622498e-01
1.924268901348114014e-01
-2.246038317680358887e-01
-5.605187639594078064e-02
6.768094748258590698e-02
-1.730171293020248413e-01
1.294382959604263306e-01
-1.504941582679748535e-01
4.311507940292358398e-02
-9.801403619349002838e-03
2.086482383310794830e-02
-1.392305083572864532e-02
1.785322129726409912e-01
-3.721832856535911560e-02
8.405203372240066528e-02
8.127541840076446533e-02
1.929405778646469116e-01
3.003579191863536835e-02
-9.675584733486175537e-02
3.975764289498329163e-02
-3.773995637893676758e-01
2.919540565926581621e-04
1.453313380479812622e-01
8.591493964195251465e-02
9.398509562015533447e-02
1.675288975238800049e-01
