3.673332929611206055e-02
4.404887184500694275e-02
4.228260740637779236e-02
3.282685950398445129e-02
-8.851607330143451691e-03
-2.915639197453856468e-03
7.792835123836994171e-03
1.177344704046845436e-03
3.834109753370285034e-03
4.909664858132600784e-03
2.945769112557172775e-03
1.343629206530749798e-03
1.245738123543560505e-03
2.965806517750024796e-03
3.281286451965570450e-03
2.399585908278822899e-03
1.502461615018546581e-03
1.563149271532893181e-03
1.809229608625173569e-03
1.394121791236102581e-03
1.686557312496006489e-03
1.922297175042331219e-03
1.503577339462935925e-03
2.140908967703580856e-03
2.663106657564640045e-03
2.019245177507400513e-03
1.667305128648877144e-03
2.208167687058448792e-03
4.807993303984403610e-03
4.426098428666591644e-03
9.791272692382335663e-03
-1.116442494094371796e-02
9.660303592681884766e-03
-6.119120866060256958e-03
-7.562323007732629776e-03
-5.443731322884559631e-03
-3.678359556943178177e-03
-2.736730733886361122e-03
-2.393022179603576660e-03
-2.116418676450848579e-03
-1.575132366269826889e-03
-1.276360126212239265e-03
-1.015971181914210320e-03
-8.348646952072158456e-05
-1.122106332331895828e-03
-1.815271447412669659e-03
-1.777442521415650845e-03
-8.759413030929863453e-04
-7.786240312270820141e-04
-9.631921420805156231e-04
-1.736125559546053410e-03
9.580429759807884693e-04
5.703133065253496170e-04
-9.350801701657474041e-05
1.145548420026898384e-03
-4.474625748116523027e-04
1.006270525977015495e-03
3.443373832851648331e-03
-2.014080964727327228e-04
1.346733048558235168e-02
6.463062018156051636e-02
-7.636645343154668808e-03
1.858918555080890656e-02
8.198621869087219238e-02
1.090764068067073822e-02
