2.828252036124467850e-03
3.229414811357855797e-03
2.455048728734254837e-03
-2.875253558158874512e-03
-9.383776225149631500e-03
-4.607816226780414581e-03
1.200885046273469925e-03
-4.904880188405513763e-03
-4.942223429679870605e-03
-1.251748646609485149e-03
-2.236756961792707443e-03
-1.272763707675039768e-03
-2.829956065397709608e-04
-1.439732383005321026e-03
-8.548939949832856655e-04
-3.993690770585089922e-04
-6.395407253876328468e-04
-3.355003136675804853e-04
-5.163159221410751343e-04
7.804368506185710430e-04
9.951593820005655289e-04
1.665779622271656990e-03
1.544211525470018387e-03
3.049514722079038620e-03
3.583420300856232643e-03
3.744975198060274124e-03
5.254166666418313980e-03
8.585164323449134827e-03
9.062943048775196075e-03
1.549599412828683853e-02
2.299911901354789734e-02
-7.492940872907638550e-02
-1.670248620212078094e-02
1.277716597542166710e-03
-1.487891422584652901e-03
-3.528815926983952522e-03
-2.287364099174737930e-03
-1.980554545298218727e-03
-2.388586523011326790e-03
-2.377851633355021477e-03
-1.747374422848224640e-03
-1.387976342812180519e-03
-1.199186546728014946e-03
-1.333423773758113384e-03
-4.033912555314600468e-04
-3.152388380840420723e-04
-1.700366381555795670e-03
-1.165343564935028553e-03
-1.542600453831255436e-03
-4.220403207000344992e-04
-1.283810124732553959e-03
-2.230912679806351662e-03
-1.604752964340150356e-03
-1.066290540620684624e-03
-6.583022768609225750e-04
-1.571265980601310730e-03
-5.028561572544276714e-04
-1.017590868286788464e-03
-2.922008512541651726e-03
-1.851878478191792965e-03
-4.346025642007589340e-03
-1.242050318978726864e-03
-2.900443039834499359e-03
-1.548836939036846161e-03
-1.655872352421283722e-02
