-2.353554219007492065e-01
-1.478374600410461426e-01
-2.156704664230346680e-01
4.168720543384552002e-02
6.872230768203735352e-02
-8.931950666010379791e-03
-3.002086095511913300e-02
-5.650547146797180176e-02
2.647427916526794434e-01
-1.788020431995391846e-01
-5.787954479455947876e-02
3.481429442763328552e-02
-2.043385952711105347e-01
1.284101605415344238e-01
-1.142531558871269226e-01
1.106434911489486694e-01
-4.632297786884009838e-04
-2.913769893348217010e-02
1.439664326608181000e-02
2.025915533304214478e-01
-1.425947695970535278e-01
-4.302670061588287354e-02
1.583257876336574554e-02
1.450488269329071045e-01
-2.686035819351673126e-02
-1.398764997720718384e-01
2.232563123106956482e-02
-3.753060400485992432e-01
6.289912853389978409e-03
1.546788066625595093e-01
1.062976792454719543e-01
1.224017590284347534e-01
1.949579119682312012e-01
