-1.757349669933319092e-01
-2.248397655785083771e-02
-3.172447904944419861e-02
-2.248578816652297974e-01
1.239124014973640442e-01
-1.006225943565368652e-01
1.142842918634414673e-01
-2.696913108229637146e-02
1.040548458695411682e-01
6.831099092960357666e-02
-8.370375260710716248e-03
1.270745992660522461e-01
6.159785203635692596e-03
1.299098879098892212e-01
-4.260347038507461548e-02
1.490185558795928955e-01
-1.154710948467254639e-01
4.130322486162185669e-02
-1.663469150662422180e-02
-1.238787621259689331e-01
-1.016373001039028168e-02
4.743125662207603455e-02
-1.429433226585388184e-01
3.322328627109527588e-02
1.294798851013183594e-01
-1.393319666385650635e-02
6.789204478263854980e-02
-7.248929142951965332e-02
5.028584599494934082e-02
-1.426848210394382477e-02
-6.259875744581222534e-02
1.497076265513896942e-02
2.899776995182037354e-01
