-6.777711957693099976e-02
-2.363382838666439056e-02
-1.093742176890373230e-01
6.104606017470359802e-02
5.625916644930839539e-02
-2.376596257090568542e-02
-4.636032134294509888e-02
-7.421994209289550781e-02
1.622990220785140991e-01
-1.678611487150192261e-01
-5.691786855459213257e-02
3.487477824091911316e-02
-1.314229071140289307e-01
1.198906749486923218e-01
-8.164507895708084106e-02
7.809245586395263672e-02
1.400265726260840893e-03
-8.739997446537017822e-02
-2.009091200307011604e-03
-1.977052725851535797e-02
2.305456995964050293e-02
-6.042270688340067863e-04
-9.437747299671173096e-02
1.170334145426750183e-01
-6.358716636896133423e-02
-3.123040683567523956e-02
1.052845492959022522e-01
-6.701194494962692261e-02
1.408945117145776749e-02
8.693627268075942993e-02
-8.783169090747833252e-02
1.200487539172172546e-01
-4.905751347541809082e-02
6.922999024391174316e-02
-1.295756828039884567e-02
7.826105505228042603e-02
-2.374511770904064178e-02
8.286608010530471802e-02
1.938859000802040100e-03
8.098858594894409180e-02
2.207271382212638855e-02
1.049394346773624420e-02
1.772727072238922119e-01
-1.089823395013809204e-01
1.001133844256401062e-01
1.090429797768592834e-01
3.159757703542709351e-02
5.034841224551200867e-02
7.020847499370574951e-02
1.195401046425104141e-02
9.911472350358963013e-02
-8.059939742088317871e-02
-3.055381588637828827e-02
2.895047366619110107e-01
-6.258960813283920288e-02
-3.260071203112602234e-02
6.097012013196945190e-02
1.104191392660140991e-01
-9.475684911012649536e-02
-7.023598998785018921e-02
2.277638614177703857e-01
-2.243224531412124634e-01
3.184165358543395996e-01
-3.609841316938400269e-02
-1.075996086001396179e-01
