-6.560385227203369141e-02
-1.516732573509216309e-02
-7.632584124803543091e-02
2.051499299705028534e-02
-5.060153547674417496e-03
-8.521374315023422241e-03
-6.959701888263225555e-03
-6.319507025182247162e-03
-2.323813270777463913e-03
-6.620835047215223312e-03
-2.165592741221189499e-03
-3.430332522839307785e-03
-3.295400412753224373e-03
-6.213500630110502243e-03
-7.706903852522373199e-03
7.468681782484054565e-02
-4.987508058547973633e-02
7.029878348112106323e-02
4.521625861525535583e-02
3.475876525044441223e-02
2.695661038160324097e-02
2.085009030997753143e-02
2.245360612869262695e-02
2.433180809020996094e-02
2.028146944940090179e-02
-6.737236399203538895e-04
7.439769804477691650e-03
-1.529549509286880493e-01
-2.384858019649982452e-02
6.537801772356033325e-02
5.226412415504455566e-02
8.448366075754165649e-02
1.375364065170288086e-01
