9.057462215423583984e-02
4.985526204109191895e-02
1.020390614867210388e-01
8.069700002670288086e-02
-1.838863641023635864e-01
-1.299886256456375122e-01
-1.356564555317163467e-02
-1.342710852622985840e-02
-2.737775743007659912e-01
-5.865440145134925842e-02
-2.295777946710586548e-01
8.915446698665618896e-02
-1.766510754823684692e-01
-5.137019604444503784e-02
3.658119123429059982e-03
-1.352278888225555420e-01
7.671923935413360596e-02
-1.139543652534484863e-01
3.923604637384414673e-02
-8.643176406621932983e-03
-4.950709640979766846e-02
6.718511879444122314e-02
-7.988806813955307007e-03
-1.933229900896549225e-02
5.636671558022499084e-02
5.615743994712829590e-02
1.184732541441917419e-01
1.733449287712574005e-02
-1.069457456469535828e-01
-7.861721515655517578e-02
9.347025305032730103e-02
-6.928447633981704712e-02
1.089029759168624878e-01
