1.245109885931015015e-01
7.229777518659830093e-03
2.570323273539543152e-02
1.591452956199645996e-02
1.366626122035086155e-03
6.341698579490184784e-03
3.986638970673084259e-03
1.644915551878511906e-03
5.473391152918338776e-03
1.920780399814248085e-03
-1.972621772438287735e-03
3.576311748474836349e-03
-3.934772103093564510e-04
6.538489833474159241e-04
4.031474527437239885e-04
-3.260352415964007378e-03
-2.218863373855128884e-04
-1.123242080211639404e-03
-2.951152273453772068e-04
7.198439561761915684e-05
-8.981255814433097839e-04
-1.294637215323746204e-03
8.215350680984556675e-05
-5.368904094211757183e-04
-3.152478893753141165e-04
1.923574200191069394e-05
-1.309670857153832912e-03
1.204976142616942525e-04
-8.808008860796689987e-04
-8.358471095561981201e-04
-1.800254103727638721e-03
8.852361701428890228e-03
1.564490422606468201e-02
-5.859997589141130447e-03
-1.412166981026530266e-03
-1.550219720229506493e-03
-4.185151483397930861e-04
-7.113542524166405201e-04
-8.911901968531310558e-04
-7.749955984763801098e-04
1.331572184426477179e-05
-7.410423131659626961e-04
-6.434882525354623795e-04
-1.038183545460924506e-04
-7.349258521571755409e-04
-1.150751020759344101e-03
-1.916831359267234802e-03
-4.322789027355611324e-04
-1.566105638630688190e-03
-3.688481636345386505e-03
-5.673166015185415745e-04
-2.519513946026563644e-04
-5.495888763107359409e-04
-4.066666588187217712e-03
1.119361841119825840e-03
-2.988171763718128204e-04
5.599157512187957764e-02
9.268681518733501434e-03
1.230903044342994690e-01
1.909526064991950989e-02
3.817049786448478699e-02
6.989372521638870239e-02
5.509478971362113953e-02
4.079743812326341867e-04
-1.066930890083312988e-01
