-5.700276792049407959e-02
-6.650739163160324097e-02
-1.223751902580261230e-01
5.581622198224067688e-02
7.342053204774856567e-02
3.563826158642768860e-02
4.033400118350982666e-02
6.930932402610778809e-02
7.006073836237192154e-03
1.077200984582304955e-03
-1.165753928944468498e-03
2.670239191502332687e-04
1.570734428241848946e-03
-5.320399999618530273e-03
-2.161631174385547638e-02
1.445575151592493057e-02
2.385759651660919189e-01
-9.497016668319702148e-02
-4.703075811266899109e-02
-3.123274445533752441e-02
-2.752067893743515015e-02
-2.610912546515464783e-02
-2.900078333914279938e-02
-2.642751112580299377e-02
-2.758585475385189056e-02
-1.607322879135608673e-02
4.280403722077608109e-03
-2.332969196140766144e-02
-1.947825588285923004e-02
-3.492084145545959473e-02
-8.308874070644378662e-02
-4.502131487242877483e-04
-9.719215333461761475e-02
