-5.889303982257843018e-02
-1.262565702199935913e-02
-9.778921306133270264e-02
6.594420224428176880e-02
5.824529007077217102e-02
-1.789967343211174011e-02
-4.783711209893226624e-02
-8.832664787769317627e-02
1.526122242212295532e-01
-1.490354388952255249e-01
-2.197572402656078339e-02
5.430417880415916443e-02
-1.382154375314712524e-01
9.934469312429428101e-02
-1.093259081244468689e-01
3.884854167699813843e-02
4.540988011285662651e-04
-3.472069278359413147e-02
3.220625966787338257e-02
-4.283492267131805420e-02
-1.133460737764835358e-02
2.933031134307384491e-02
-8.002291619777679443e-02
4.700168594717979431e-02
-3.907015174627304077e-02
-1.920641772449016571e-02
2.082152292132377625e-02
-2.148607932031154633e-02
1.208593603223562241e-03
3.246000409126281738e-02
-4.766273871064186096e-02
8.005832135677337646e-02
-6.030006706714630127e-02
8.091057091951370239e-02
-4.251189157366752625e-02
6.185936555266380310e-02
-2.630345337092876434e-02
6.373101472854614258e-02
-3.577784076333045959e-02
5.501618981361389160e-02
1.787489838898181915e-02
-3.962381929159164429e-02
1.241018548607826233e-01
-9.806806594133377075e-02
6.587915122509002686e-02
1.996338926255702972e-02
-2.738154307007789612e-02
1.266543660312891006e-02
2.465819939970970154e-02
-2.924425341188907623e-02
8.146294951438903809e-02
-8.389312028884887695e-02
-4.168188944458961487e-02
2.740426957607269287e-01
-7.076960802078247070e-02
-3.210815414786338806e-02
6.912595778703689575e-02
1.235561147332191467e-01
-8.061496913433074951e-02
-5.899234488606452942e-02
2.352364361286163330e-01
-2.167042642831802368e-01
3.258936703205108643e-01
-3.091067634522914886e-02
-1.037031188607215881e-01
