-3.646445646882057190e-02
-2.223045378923416138e-02
-2.234116569161415100e-02
2.679979242384433746e-02
1.547587290406227112e-02
8.654966950416564941e-03
1.735552772879600525e-02
1.827652752399444580e-02
1.124446280300617218e-02
3.736641956493258476e-03
4.623639397323131561e-03
5.737726110965013504e-03
1.666637137532234192e-03
1.150929718278348446e-03
2.220419701188802719e-03
2.572628902271389961e-03
1.010940643027424812e-03
1.396169885993003845e-03
1.440188847482204437e-03
1.142071327194571495e-03
1.253247610293328762e-03
1.789814908988773823e-03
2.317751292139291763e-03
1.780140795744955540e-03
1.449028030037879944e-03
1.312589156441390514e-03
9.106197976507246494e-04
1.756087760441005230e-03
2.800470916554331779e-03
4.588535055518150330e-03
8.744833059608936310e-03
-2.328925393521785736e-02
4.929458722472190857e-03
-3.367332043126225471e-03
6.026318078511394560e-05
-2.149134088540449739e-04
6.519541493616998196e-04
-8.200649172067642212e-04
1.356510165351210162e-05
9.517088765278458595e-04
-5.102021205516393820e-08
-1.021042771753855050e-04
-1.230931025929749012e-03
2.877552178688347340e-04
-2.723814686760306358e-04
-2.648707595653831959e-04
4.332584649091586471e-05
3.262657846789807081e-04
9.140079491771757603e-04
-3.925281926058232784e-04
4.924267996102571487e-04
1.035176217555999756e-03
-8.408752182731404901e-05
-2.084538340568542480e-03
-1.304795150645077229e-03
-3.860810538753867149e-03
-1.389703131280839443e-03
2.069737063720822334e-03
-6.755117326974868774e-03
-2.073833951726555824e-03
-1.098629273474216461e-02
-1.349783316254615784e-02
2.009922452270984650e-02
-4.075093939900398254e-02
-5.847846344113349915e-02
