2.162753231823444366e-02
8.928704075515270233e-03
1.213371381163597107e-02
2.205350669100880623e-03
1.468999404460191727e-02
2.433433663100004196e-03
5.050060804933309555e-03
4.002010449767112732e-03
4.242183174937963486e-03
3.124623559415340424e-03
3.884681500494480133e-03
2.951709087938070297e-03
9.404835291206836700e-04
1.772857736796140671e-03
9.211776778101921082e-04
1.342783565632998943e-03
8.121145074255764484e-04
1.841145451180636883e-03
1.274294452741742134e-03
1.209649257361888885e-03
1.286422135308384895e-03
1.180826104246079922e-03
1.913677318952977657e-03
1.702431240119040012e-03
2.053161384537816048e-03
2.565519651398062706e-03
3.070732578635215759e-03
3.723078873008489609e-03
4.990230314433574677e-03
7.725072558969259262e-03
1.665146462619304657e-02
-3.853470832109451294e-02
-1.257111970335245132e-02
2.610111143440008163e-03
-4.217238529236055911e-05
-3.027151688002049923e-04
-1.094471313990652561e-03
8.392067393288016319e-04
1.997570361709222198e-04
-1.020482042804360390e-03
-1.369188423268496990e-03
-8.991974173113703728e-04
-7.206965819932520390e-04
-8.175587863661348820e-04
-8.165347971953451633e-04
-7.217454258352518082e-04
-1.120510045439004898e-03
-4.666485474444925785e-04
-5.957694884273223579e-05
-5.588532076217234135e-04
-3.815791569650173187e-04
-1.765075488947331905e-03
-3.690560406539589167e-04
-8.114755619317293167e-04
-1.798827433958649635e-03
-2.139815595000982285e-03
2.707286912482231855e-04
-1.463508466258645058e-03
-8.690043352544307709e-03
-9.409805759787559509e-03
-2.383009530603885651e-02
-3.408621251583099365e-02
-3.543250635266304016e-02
-3.272647038102149963e-02
8.384211920201778412e-03
