9.166649729013442993e-02
4.928240180015563965e-02
9.816903620958328247e-02
7.210446894168853760e-02
-1.970730572938919067e-01
-1.436078995466232300e-01
-2.599528431892395020e-02
-3.893254697322845459e-02
-3.396311402320861816e-01
-1.539432406425476074e-01
-2.726520895957946777e-01
1.154222786426544189e-01
-1.942293345928192139e-01
-8.085643500089645386e-02
3.394514694809913635e-02
-1.115990132093429565e-01
9.353435784578323364e-02
-1.017569303512573242e-01
1.298419982194900513e-01
1.709014922380447388e-02
-4.133167490363121033e-02
1.722788810729980469e-01
-7.918164134025573730e-03
-1.275320649147033691e-01
-1.016265014186501503e-03
6.596016883850097656e-02
1.386405676603317261e-01
3.030037134885787964e-02
-9.693768620491027832e-02
-6.917798519134521484e-02
1.013146191835403442e-01
-6.424521654844284058e-02
1.114570125937461853e-01
