7.467795908451080322e-02
1.230375096201896667e-02
-4.371035378426313400e-03
-1.293547335080802441e-03
-2.978444332256913185e-03
-4.817767068743705750e-03
-5.740168038755655289e-03
-5.316122900694608688e-03
-6.031078752130270004e-03
-6.490180734544992447e-03
-9.063782170414924622e-03
-1.049372553825378418e-02
-1.364633068442344666e-02
-2.274904400110244751e-02
-4.030866920948028564e-02
9.062817692756652832e-02
2.226440235972404480e-02
-7.196351420134305954e-03
-3.779307939112186432e-03
-1.593705499544739723e-03
-1.660739653743803501e-03
-2.457146765664219856e-03
-3.797973506152629852e-03
-3.208176000043749809e-03
-3.301488002762198448e-03
-1.322315190918743610e-03
-1.742877764627337456e-03
-5.372745916247367859e-03
-2.081127138808369637e-03
5.180804524570703506e-03
5.134540051221847534e-02
9.812729433178901672e-03
1.161918640136718750e-01
