3.104022936895489693e-03
2.419245196506381035e-03
9.341454715467989445e-04
-1.002715085633099079e-03
4.800420720130205154e-04
9.126660297624766827e-04
1.359379268251359463e-03
9.377803653478622437e-04
1.093205646611750126e-03
6.723859114572405815e-04
1.158392173238098621e-03
-2.338142803637310863e-04
4.063760570716112852e-04
-1.212526767631061375e-04
3.945787611883133650e-04
3.747708396986126900e-04
1.298282295465469360e-03
2.161293523386120796e-03
6.620061467401683331e-04
1.463835942558944225e-03
2.148404484614729881e-03
1.355552114546298981e-03
1.154574332758784294e-03
2.684248145669698715e-03
2.365077612921595573e-03
1.076113432645797729e-03
2.718881471082568169e-03
2.092688810080289841e-03
2.438812050968408585e-03
3.236992517486214638e-03
7.243196014314889908e-03
-7.653774321079254150e-02
4.556319117546081543e-02
-3.616931382566690445e-03
-2.413630718365311623e-03
-5.720003042370080948e-03
-2.403470920398831367e-03
-2.024366287514567375e-03
-5.205387133173644543e-04
-6.218209164217114449e-04
-4.440813208930194378e-04
7.974912878125905991e-04
9.460704168304800987e-04
4.163459234405308962e-04
4.847122763749212027e-04
3.482689789962023497e-04
3.294636844657361507e-04
-3.547485393937677145e-04
7.710627978667616844e-04
1.508130389993311837e-05
7.520833751186728477e-04
4.529584257397800684e-04
7.093432359397411346e-04
-1.419614090991672128e-05
-5.128875491209328175e-04
-4.518699715845286846e-04
-1.914914580993354321e-03
-5.246670334599912167e-04
-3.681337111629545689e-04
-1.997216371819376945e-03
-1.502371276728808880e-03
-4.602498083841055632e-04
-3.084339899942278862e-03
7.864197687013074756e-05
4.529008001554757357e-04
