3.420152515172958374e-02
8.906259387731552124e-02
1.056044846773147583e-01
5.691917985677719116e-02
-1.951728314161300659e-01
-1.454351395368576050e-01
9.105243720114231110e-03
-9.005349129438400269e-02
8.501387387514114380e-02
1.777893900871276855e-01
-3.094417750835418701e-01
2.601507604122161865e-01
-2.199822515249252319e-01
1.333306580781936646e-01
-1.004383489489555359e-01
1.407342404127120972e-01
-8.843218535184860229e-02
1.532336324453353882e-01
5.096013657748699188e-03
1.122221052646636963e-01
8.230944722890853882e-02
4.419047757983207703e-02
1.484843343496322632e-01
-9.735320508480072021e-02
9.585980325937271118e-02
3.179728090763092041e-01
3.626224026083946228e-02
-8.831730484962463379e-02
-9.005525708198547363e-02
-1.058354973793029785e-02
-8.267736434936523438e-02
1.255412250757217407e-01
1.062014549970626831e-01
