3.670296818017959595e-02
2.461034990847110748e-02
7.357076276093721390e-03
-3.497306606732308865e-04
-1.276448518037796021e-01
-5.048748478293418884e-02
-1.497612614184617996e-02
-1.421829801984131336e-03
-1.522450894117355347e-01
-1.969482377171516418e-02
2.489747479557991028e-03
7.534755277447402477e-04
-1.143488843808881938e-04
1.438044360838830471e-03
1.020151772536337376e-03
2.928154310211539268e-03
6.844154559075832367e-04
7.065920508466660976e-04
1.448492170311510563e-03
2.301436034031212330e-04
2.913909964263439178e-03
1.593272550962865353e-03
-1.869742845883592963e-04
2.458511735312640667e-04
1.144360867328941822e-03
1.626042299903929234e-03
1.007521408610045910e-03
2.471866784617304802e-03
4.218410700559616089e-03
3.595557063817977905e-03
9.303449653089046478e-03
-2.705437876284122467e-02
-1.783846132457256317e-02
5.635049194097518921e-03
1.663384144194424152e-03
1.745577756082639098e-04
1.778839156031608582e-03
-8.621761808171868324e-04
3.426673647481948137e-04
-9.937437716871500015e-04
-8.671882096678018570e-04
-8.402236271649599075e-04
3.632775042206048965e-05
-1.457762205973267555e-03
-3.813290677499026060e-04
5.792289448436349630e-05
-3.366418241057544947e-04
5.999763961881399155e-04
1.158246421255171299e-03
-4.724902973975986242e-04
2.221082802861928940e-03
9.383856668137013912e-04
7.684977608732879162e-04
1.509281923063099384e-03
8.090027258731424809e-04
-1.783553976565599442e-03
-5.783468484878540039e-03
8.135720156133174896e-03
-6.409973651170730591e-02
-1.500608777860179543e-04
3.829654597211629152e-04
5.253669619560241699e-02
-2.923223935067653656e-02
7.341027259826660156e-03
-1.371293365955352783e-01
