3.654766082763671875e-02
2.838001027703285217e-02
-7.119589019566774368e-03
-4.472358152270317078e-03
-5.716335726901888847e-05
-1.177222118712961674e-03
-5.408993456512689590e-04
1.115065417252480984e-03
-1.910872990265488625e-03
2.910878392867743969e-04
4.706382969743572176e-05
2.825799630954861641e-03
5.215753801167011261e-03
6.591903045773506165e-03
1.117844320833683014e-02
3.406038135290145874e-02
9.939322620630264282e-02
1.961554167792201042e-03
-8.302873931825160980e-03
-8.377340622246265411e-03
-8.320879191160202026e-03
-7.161455694586038589e-03
-7.239791098982095718e-03
-7.335950620472431183e-03
-7.269461639225482941e-03
-7.866866886615753174e-03
-5.827135872095823288e-03
-7.260274607688188553e-03
-3.031600965186953545e-03
-5.143610760569572449e-03
-9.215759113430976868e-03
-3.095192834734916687e-03
-6.985318660736083984e-02
