6.260725110769271851e-02
5.294517055153846741e-02
-3.334478661417961121e-02
-2.153172716498374939e-02
-7.867198437452316284e-03
-4.476922564208507538e-03
-2.107297768816351891e-03
3.879076102748513222e-04
1.231594360433518887e-03
1.736633712425827980e-03
3.126849187538027763e-03
3.437676234170794487e-03
4.114673938602209091e-03
4.351442214101552963e-03
-3.757676575332880020e-03
2.546900138258934021e-02
1.070571541786193848e-01
-4.754234105348587036e-02
-2.449193038046360016e-02
-1.798031665384769440e-02
-1.548807322978973389e-02
-1.050075609236955643e-02
-8.556774817407131195e-03
-9.994826279580593109e-03
-1.275987271219491959e-02
-2.199054509401321411e-02
-1.735527813434600830e-02
-2.053773030638694763e-02
7.465645670890808105e-03
-1.885227486491203308e-02
-4.940262809395790100e-02
4.798407666385173798e-03
-1.843311488628387451e-01
