4.343825392425060272e-03
1.790365320630371571e-03
3.796040546149015427e-04
8.963775471784174442e-04
2.706956118345260620e-03
1.713394769467413425e-03
2.828529104590415955e-03
2.270226832479238510e-03
2.797267399728298187e-03
3.366298973560333252e-03
3.221386577934026718e-03
4.784472752362489700e-03
5.422085989266633987e-03
9.613020345568656921e-03
1.723163016140460968e-02
-3.276745229959487915e-02
2.078705700114369392e-03
-5.298915319144725800e-03
-4.428566433489322662e-03
-3.215127158910036087e-03
-3.250441281124949455e-03
-4.027890972793102264e-03
-2.918567741289734840e-03
-3.080502850934863091e-03
-2.739844610914587975e-03
-2.423279453068971634e-03
2.230444224551320076e-04
-1.718366052955389023e-03
-6.488061510026454926e-03
1.112688551074825227e-06
-6.372064817696809769e-03
-7.550068665295839310e-03
-3.534581977874040604e-03
