2.720620669424533844e-02
1.650465303100645542e-03
3.871000604704022408e-03
6.163953116811171640e-07
2.056516241282224655e-03
-1.086548552848398685e-03
-2.283636713400483131e-03
4.078860729350708425e-05
2.162019227398559451e-04
2.863359637558460236e-03
2.181048970669507980e-03
2.546809613704681396e-03
3.976366424467414618e-04
-3.922689356841146946e-04
3.453969475231133401e-05
8.051272743614390492e-05
-1.228861394338309765e-03
6.393365911208093166e-04
-5.318963085301220417e-04
1.750498922774568200e-04
-6.379151600413024426e-04
9.681252995505928993e-04
-8.402400999329984188e-04
6.534333806484937668e-04
2.771629951894283295e-04
1.227946253493428230e-03
1.266594976186752319e-03
1.808804925531148911e-03
1.509276335127651691e-03
2.182411262765526772e-03
1.043976563960313797e-02
1.628715842962265015e-01
-1.659594774246215820e-01
-1.397234015166759491e-02
-5.554724484682083130e-03
-3.904476528987288475e-03
-3.839731682091951370e-03
-3.231812734156847000e-03
-3.064999356865882874e-03
-2.194357337430119514e-03
-2.629682654514908791e-03
-2.076650271192193031e-03
-1.691115670837461948e-03
-1.430438016541302204e-03
-2.236004220321774483e-03
-9.201603825204074383e-04
-1.017920440062880516e-03
-7.055609603412449360e-04
-3.344413125887513161e-04
-1.553560286993160844e-04
-1.346023491350933909e-04
-9.049816289916634560e-04
4.738986608572304249e-04
-1.857369206845760345e-04
-3.175547753926366568e-04
-7.069982821121811867e-04
-7.136573549360036850e-04
-2.093016402795910835e-03
-1.582907512784004211e-03
-2.418919932097196579e-03
-5.091857165098190308e-03
1.106607451220043004e-04
7.223677821457386017e-04
-2.111196704208850861e-02
-1.751073636114597321e-02
