-7.167238742113113403e-02
-2.841045521199703217e-02
-1.145709976553916931e-01
5.612839385867118835e-02
5.172515660524368286e-02
-2.955796942114830017e-02
-5.652458220720291138e-02
-8.696332573890686035e-02
1.513544023036956787e-01
-1.789414882659912109e-01
-7.494785636663436890e-02
6.286238785833120346e-03
-1.709108054637908936e-01
7.423856854438781738e-02
-1.282321959733963013e-01
3.665689006447792053e-02
-2.522184513509273529e-02
-1.050264760851860046e-01
-1.782775297760963440e-02
-3.277496621012687683e-02
6.995098199695348740e-03
-1.671905443072319031e-02
-1.073882579803466797e-01
1.058554947376251221e-01
-6.609898060560226440e-02
-4.868704080581665039e-02
7.849467545747756958e-02
-6.023518741130828857e-02
2.997739007696509361e-03
6.165765970945358276e-02
-7.766127586364746094e-02
1.125559359788894653e-01
-6.441164761781692505e-02
8.323605358600616455e-02
-1.291548181325197220e-02
7.055094838142395020e-02
-2.644190331920981407e-03
9.696055948734283447e-02
-9.995411382988095284e-04
9.731991589069366455e-02
5.318112298846244812e-02
1.805871352553367615e-02
1.853986382484436035e-01
-8.054395020008087158e-02
1.112981736660003662e-01
1.007912456989288330e-01
2.508209273219108582e-02
4.285236448049545288e-02
5.615474656224250793e-02
-5.003883037716150284e-03
8.593400567770004272e-02
-8.714604377746582031e-02
-3.663830831646919250e-02
2.799600958824157715e-01
-7.574924826622009277e-02
-4.515020176768302917e-02
5.406218022108078003e-02
1.092087402939796448e-01
-9.253825247287750244e-02
-6.732561439275741577e-02
2.300476133823394775e-01
-2.217710167169570923e-01
3.213948309421539307e-01
-3.114338964223861694e-02
-9.903299808502197266e-02
