1.347751473076641560e-03
1.844316837377846241e-03
1.490937313064932823e-03
-3.107833210378885269e-03
1.636810018680989742e-03
4.351202805992215872e-04
1.964636030606925488e-04
-9.100230527110397816e-04
2.254610444651916623e-05
4.228852340020239353e-04
-3.449784126132726669e-04
-8.572728838771581650e-04
6.312123150564730167e-04
2.770550199784338474e-04
-4.108540015295147896e-04
-7.186387083493173122e-04
-6.438458221964538097e-04
-9.342400589957833290e-04
4.346347413957118988e-04
-4.802120092790573835e-04
-3.673061291920021176e-05
-2.840652596205472946e-04
-1.488687004894018173e-03
-1.312297536060214043e-03
1.116960720537463203e-05
-1.517698867246508598e-03
-1.585692516528069973e-03
-1.999236177653074265e-03
5.813748430227860808e-05
1.380503643304109573e-03
6.613046396523714066e-03
-3.475546464323997498e-02
-6.899224221706390381e-02
3.176235407590866089e-02
1.660588942468166351e-02
8.661808446049690247e-03
4.890296142548322678e-03
4.505215678364038467e-03
3.727874252945184708e-03
2.663639839738607407e-03
2.116490155458450317e-03
1.226609805598855019e-03
1.229974091984331608e-03
2.005255315452814102e-03
1.208810717798769474e-03
2.970536006614565849e-04
1.013237284496426582e-03
1.205577398650348186e-03
6.380175473168492317e-04
1.553429610794410110e-04
8.575688698329031467e-04
2.064269792754203081e-04
3.620881470851600170e-04
2.033869532169774175e-04
-2.115279901772737503e-03
-1.363793620839715004e-03
-1.618574722670018673e-03
7.878575706854462624e-04
-2.440467244014143944e-03
-3.460589330643415451e-03
2.942886389791965485e-02
-7.886900752782821655e-02
1.897827982902526855e-01
6.108921952545642853e-03
1.028470601886510849e-02
