2.581353066489100456e-03
3.232822753489017487e-03
1.215019961819052696e-03
1.498479163274168968e-03
-1.219064346514642239e-03
-1.877085422165691853e-03
-8.680394967086613178e-04
-1.987742260098457336e-03
-1.489389804191887379e-03
-8.910009637475013733e-04
-4.436880699358880520e-04
-6.809573387727141380e-04
5.815159529447555542e-04
-4.648669855669140816e-04
-5.389136495068669319e-04
-2.350280701648443937e-04
-6.493854743894189596e-05
4.182979755569249392e-04
7.690404308959841728e-04
9.925692575052380562e-04
1.639154274016618729e-03
2.610012190416455269e-03
2.788771409541368484e-03
2.650747075676918030e-03
3.630095627158880234e-03
5.121359135955572128e-03
4.702268168330192566e-03
5.823658313602209091e-03
7.046976592391729355e-03
8.443145081400871277e-03
1.417935546487569809e-02
-6.122994422912597656e-02
-3.423982113599777222e-02
-7.512525189667940140e-03
-4.412228707224130630e-03
-3.373043378815054893e-03
-2.497190376743674278e-03
-1.342715113423764706e-03
-1.743966946378350258e-03
-9.857355616986751556e-04
-9.125457727350294590e-04
-1.644801086513325572e-04
-6.630211137235164642e-04
4.716561234090477228e-04
3.192067742929793894e-05
-6.521548493765294552e-04
1.497266464866697788e-03
1.097430867957882583e-04
2.268276730319485068e-04
1.900326242321170866e-05
-3.031848464161157608e-04
-1.232321141287684441e-03
-4.147190484218299389e-04
-4.877109604422003031e-04
6.198011105880141258e-04
7.413029088638722897e-04
-5.875770584680140018e-04
-1.531772082671523094e-03
-1.025684527121484280e-03
-1.040184637531638145e-03
-2.026085741817951202e-03
-4.924536915495991707e-04
-5.886085637030191720e-05
4.345533961895853281e-04
-5.121225025504827499e-03
