-1.277343481779098511e-01
-3.248096676543354988e-03
-4.313910380005836487e-02
-1.276016980409622192e-02
1.735450699925422668e-02
5.657756235450506210e-03
2.475343830883502960e-02
-1.108974218368530273e-03
-2.977459691464900970e-03
-2.004699083045125008e-03
-3.688596421852707863e-03
-3.654845291748642921e-03
-5.093383602797985077e-03
-6.407997570931911469e-03
-1.295314170420169830e-02
1.661095768213272095e-02
-1.240079756826162338e-02
1.708020642399787903e-02
1.104320678859949112e-02
8.839214220643043518e-03
6.637590005993843079e-03
6.143763195723295212e-03
6.977487821131944656e-03
4.887111950665712357e-03
1.139739062637090683e-02
1.369270961731672287e-02
6.418105913326144218e-04
-1.236963868141174316e-01
-7.952929474413394928e-03
5.429892614483833313e-02
-2.636407315731048584e-01
-1.405262798070907593e-01
-1.547257900238037109e-01
