5.815662443637847900e-02
5.640085041522979736e-02
-1.606368087232112885e-02
-1.294214371591806412e-02
-1.176962512545287609e-03
1.142076565884053707e-03
-9.693731408333405852e-05
2.434803638607263565e-03
5.364294629544019699e-03
2.631601877510547638e-03
4.940619226545095444e-03
6.159762851893901825e-03
7.809740025550127029e-03
9.094251319766044617e-03
8.412707597017288208e-03
2.617924008518457413e-03
8.780682086944580078e-02
-4.923946037888526917e-02
-3.358583897352218628e-02
-2.157213166356086731e-02
-1.648004539310932159e-02
-1.542945578694343567e-02
-1.355739776045084000e-02
-1.125472970306873322e-02
-1.045492850244045258e-02
-1.404980476945638657e-02
-1.038981787860393524e-02
-1.043531764298677444e-02
-1.200936641544103622e-02
-3.358187898993492126e-02
-6.378598511219024658e-02
-6.613048724830150604e-03
-1.773050129413604736e-01
