4.510813392698764801e-03
-1.469769864343106747e-03
9.568367968313395977e-04
5.880119279026985168e-04
-4.339198581874370575e-03
-4.703698679804801941e-03
2.139701100531965494e-04
-2.073965035378932953e-03
-4.849945195019245148e-03
-7.536179851740598679e-03
-1.075805630534887314e-02
-1.147097162902355194e-02
-1.260173693299293518e-02
-1.521313842386007309e-02
-1.590156182646751404e-02
-5.096120759844779968e-02
4.168218746781349182e-02
-2.263406058773398399e-03
-1.989795273402705789e-04
-1.231532660312950611e-03
1.611203188076615334e-03
8.536925306543707848e-04
2.743982186075299978e-04
1.373674604110419750e-03
-1.235937379533424973e-04
4.232175648212432861e-03
4.708889871835708618e-03
6.463546887971460819e-04
4.815955471713095903e-04
-3.375501255504786968e-04
2.067191991955041885e-03
3.611400257796049118e-03
4.780892282724380493e-03
