-2.124149538576602936e-02
2.831885591149330139e-02
2.796829678118228912e-02
3.862846642732620239e-02
3.908477723598480225e-02
1.895631663501262665e-02
5.872076004743576050e-02
1.748501695692539215e-02
2.053534146398305893e-03
3.656180342659354210e-04
6.660464568994939327e-04
1.469290436943992972e-04
3.070092992857098579e-03
1.617553993128240108e-03
9.157651220448315144e-04
1.623969874344766140e-03
1.124090398661792278e-03
1.323941047303378582e-03
6.530816317535936832e-04
1.112057943828403950e-03
1.255620853044092655e-03
2.252864418551325798e-03
1.363954739645123482e-03
2.330866875126957893e-03
1.321088871918618679e-03
1.802628859877586365e-03
2.648842753842473030e-03
1.908240839838981628e-03
2.860241336748003960e-03
1.821261364966630936e-03
2.370533300563693047e-03
1.857960410416126251e-02
-1.945489435456693172e-03
-1.670285500586032867e-02
-6.740274373441934586e-03
-4.269007127732038498e-03
-2.356472657993435860e-03
-3.262810176238417625e-03
-2.402591053396463394e-03
-1.590146566741168499e-03
-2.792556304484605789e-03
-8.521552663296461105e-04
-1.424948452040553093e-03
-3.679491346701979637e-04
-3.207020927220582962e-03
-1.426569418981671333e-03
-1.906757825054228306e-03
-1.764927990734577179e-03
-1.630286220461130142e-03
-1.453463104553520679e-03
-5.553246010094881058e-04
-1.598518341779708862e-03
8.642764296382665634e-04
8.732761489227414131e-04
-1.808262197300791740e-03
-1.097908476367592812e-03
-7.738725398667156696e-04
1.979136839509010315e-03
1.835365663282573223e-03
2.464933134615421295e-02
3.325375262647867203e-03
5.600840784609317780e-03
-7.832307368516921997e-03
4.276064410805702209e-02
-1.724453456699848175e-02
