-7.677428424358367920e-03
-8.761896751821041107e-04
2.279050415381789207e-03
2.189357066527009010e-03
2.144000492990016937e-03
-3.861384175252169371e-04
-2.410636981949210167e-03
-1.890620798803865910e-03
1.016562455333769321e-04
7.820894243195652962e-04
1.561387092806398869e-03
7.989860605448484421e-04
7.880659541115164757e-05
-2.752730622887611389e-03
-2.552872989326715469e-03
1.988521963357925415e-01
-1.059845462441444397e-01
1.221480499953031540e-02
1.152373012155294418e-02
1.032060757279396057e-02
8.996489457786083221e-03
8.710548281669616699e-03
4.712720401585102081e-03
3.994239959865808487e-03
8.647849317640066147e-04
-2.874510246329009533e-04
-7.559877703897655010e-04
1.692650141194462776e-03
3.900366369634866714e-03
5.263233091682195663e-03
3.765364177525043488e-03
4.701043479144573212e-03
1.742159388959407806e-02
