2.353046089410781860e-02
2.638778649270534515e-02
-2.314316108822822571e-02
-2.907728776335716248e-02
2.453648718073964119e-03
-9.812740609049797058e-03
-5.237526260316371918e-03
-2.174022083636373281e-04
1.496845739893615246e-03
1.944187679328024387e-03
1.487885165261104703e-04
2.325215376913547516e-03
1.386744086630642414e-03
9.509122464805841446e-04
6.623046356253325939e-04
1.181226223707199097e-03
7.467917748726904392e-04
8.426736458204686642e-04
9.665537509135901928e-04
9.865282336249947548e-04
8.975852979347109795e-04
9.931499371305108070e-04
1.939387526363134384e-03
2.455284586176276207e-03
2.339772414416074753e-03
2.799874404445290565e-03
3.724915906786918640e-03
4.953443072736263275e-03
5.694187246263027191e-03
9.560866281390190125e-03
2.061725035309791565e-02
-6.216794624924659729e-02
1.183941308408975601e-02
8.971580973593518138e-05
1.139906380558386445e-04
-7.677709218114614487e-04
-6.656391196884214878e-04
-1.605950761586427689e-03
-1.337101915851235390e-03
-1.799717545509338379e-03
-4.698783159255981445e-04
-1.364796538837254047e-03
-1.086641219444572926e-03
-4.094097821507602930e-04
-1.381245674565434456e-03
-2.394464798271656036e-03
-1.041060429997742176e-03
-1.296945963986217976e-03
-2.353291492909193039e-03
-1.181122934212908149e-04
-2.287953160703182220e-03
-1.235994859598577023e-03
-2.119340235367417336e-03
-5.599766736850142479e-04
-3.839294891804456711e-03
-2.875488018617033958e-03
-4.754251800477504730e-03
-7.446298841387033463e-03
-3.233433002606034279e-03
-1.642818935215473175e-02
-2.612817659974098206e-02
-7.581645250320434570e-02
-5.206962674856185913e-02
-3.633415326476097107e-02
2.265116199851036072e-02
