6.009316444396972656e-02
3.356218710541725159e-02
4.334357380867004395e-02
2.305372804403305054e-02
-7.105802744626998901e-02
-5.531401932239532471e-02
2.218547975644469261e-03
-2.168211527168750763e-02
-9.719946235418319702e-02
-2.756629884243011475e-02
-2.360038831830024719e-02
1.943736709654331207e-02
7.979099638760089874e-03
5.109522957354784012e-03
6.804578937590122223e-03
7.247803732752799988e-03
3.197125624865293503e-03
1.003870181739330292e-02
6.682160776108503342e-03
7.968830876052379608e-03
6.495064590126276016e-03
7.298741955310106277e-03
8.209803141653537750e-03
7.124650757759809494e-03
9.013999253511428833e-03
1.109179202467203140e-02
1.341782789677381516e-02
1.395307201892137527e-02
2.285029552876949310e-02
4.051822051405906677e-02
2.517468109726905823e-02
-1.255597919225692749e-01
-1.005819439888000488e-01
-4.926934093236923218e-02
-6.981873419135808945e-03
-6.348827853798866272e-03
-4.178243689239025116e-03
-4.798159934580326080e-03
-2.901895204558968544e-03
-4.080071579664945602e-03
-3.411907004192471504e-03
-2.934347838163375854e-03
-2.250223187729716301e-03
-2.874066354706883430e-03
-3.970420919358730316e-03
-4.253215622156858444e-03
-2.999909047503024340e-04
-3.609437728300690651e-03
-2.721548778936266899e-03
-6.337473634630441666e-03
-7.687808014452457428e-03
-2.429211698472499847e-02
-6.992147304117679596e-03
-6.384802050888538361e-03
-1.276148576289415359e-02
-1.693044789135456085e-02
-1.192494295537471771e-02
-2.232559211552143097e-02
-6.385395675897598267e-02
-7.293001282960176468e-03
-5.024905130267143250e-02
5.462681502103805542e-02
-2.372597903013229370e-02
-2.672971598803997040e-02
-1.329622715711593628e-01
