1.605449914932250977e-01
-6.663640588521957397e-02
1.353044807910919189e-01
-8.117416501045227051e-02
1.338419318199157715e-01
-2.275268584489822388e-01
4.617026820778846741e-02
1.095802411437034607e-01
1.593514531850814819e-01
2.432657871395349503e-03
-5.585240200161933899e-02
7.134654372930526733e-02
-1.423146296292543411e-02
1.964539103209972382e-02
-7.937976717948913574e-02
6.743156909942626953e-02
-1.299238204956054688e-01
6.870182603597640991e-02
-5.596094951033592224e-02
-2.138653770089149475e-02
2.132790163159370422e-02
5.366651341319084167e-02
-3.517588973045349121e-02
8.973455429077148438e-02
1.157767698168754578e-01
-1.929244697093963623e-01
-5.137595161795616150e-02
-1.287651658058166504e-01
1.469537019729614258e-01
2.699591219425201416e-02
2.780286781489849091e-02
-1.443650126457214355e-01
2.156133353710174561e-01
