7.005658745765686035e-02
1.267153769731521606e-01
-1.000012829899787903e-01
-1.221558600664138794e-01
8.806167542934417725e-02
-1.418700665235519409e-01
-4.281403124332427979e-02
8.404945954680442810e-03
8.827555924654006958e-03
6.287328153848648071e-02
6.228340789675712585e-03
-5.151145532727241516e-02
2.227814346551895142e-01
-2.167505323886871338e-01
9.319785237312316895e-02
7.469920814037322998e-02
9.874016791582107544e-02
2.874058485031127930e-02
-2.349688671529293060e-02
7.838264107704162598e-02
2.469730935990810394e-02
-2.179941162467002869e-02
6.150355935096740723e-02
-2.321363892406225204e-03
1.297821104526519775e-02
1.653149910271167755e-02
1.927977544255554676e-03
1.587781682610511780e-02
-1.029944419860839844e-02
-1.134042721241712570e-02
2.255786210298538208e-02
-4.158303514122962952e-02
1.893489272333681583e-03
-4.234916530549526215e-03
-6.472905725240707397e-02
3.570006415247917175e-02
-9.743306785821914673e-02
6.960390135645866394e-03
-6.099535897374153137e-02
-7.555673271417617798e-02
1.943367160856723785e-02
-1.548539102077484131e-01
3.635272011160850525e-02
-1.437178701162338257e-01
2.140286192297935486e-02
-9.637350589036941528e-02
-8.766625821590423584e-02
4.215739667415618896e-02
-1.304575204849243164e-01
-7.915291003882884979e-03
7.678285706788301468e-03
3.003032319247722626e-02
2.251205779612064362e-02
-3.403673321008682251e-02
-6.630292534828186035e-02
6.545084714889526367e-02
7.596426457166671753e-02
-1.355454325675964355e-01
1.351328343152999878e-01
-1.060515046119689941e-01
-6.894829124212265015e-02
-1.449868977069854736e-01
-1.187617108225822449e-01
-1.420727744698524475e-02
1.373554170131683350e-01
