3.166242316365242004e-02
7.410083711147308350e-02
8.589440584182739258e-02
4.604468494653701782e-02
-1.547438055276870728e-01
-1.165448054671287537e-01
7.544260937720537186e-03
-5.540163815021514893e-02
1.184910610318183899e-01
2.210193425416946411e-01
-1.681249141693115234e-01
2.268488258123397827e-01
-2.502281963825225830e-01
3.809866681694984436e-02
-6.937275640666484833e-03
2.276315987110137939e-01
-5.204810574650764465e-02
1.234106943011283875e-01
1.774141419446095824e-04
-5.705861840397119522e-03
1.114098057150840759e-01
4.722798988223075867e-02
3.668073192238807678e-02
1.507073640823364258e-01
2.309853397309780121e-02
5.166014283895492554e-02
6.803245842456817627e-02
1.373518109321594238e-01
-8.542779833078384399e-02
1.658378094434738159e-01
-5.132267624139785767e-02
6.978614628314971924e-02
-2.767619676887989044e-02
4.494528844952583313e-02
-5.613016337156295776e-02
1.997837983071804047e-02
-3.311825543642044067e-02
-5.915378779172897339e-02
6.660138815641403198e-02
-1.211003661155700684e-01
-2.864956110715866089e-02
8.310486376285552979e-02
-6.416547298431396484e-02
-7.888073474168777466e-02
-6.011174619197845459e-02
-1.264050416648387909e-02
-8.434597402811050415e-02
8.054013550281524658e-02
-4.390049353241920471e-02
-2.662595510482788086e-01
1.167704164981842041e-01
-2.013027481734752655e-02
3.530101478099822998e-02
6.539800018072128296e-02
-7.463106513023376465e-02
-5.104037746787071228e-02
8.089379221200942993e-02
-7.960838079452514648e-02
8.272065222263336182e-02
3.709412738680839539e-02
1.988685280084609985e-01
-1.435782164335250854e-01
-4.574521258473396301e-02
1.232900246977806091e-01
-2.547187171876430511e-02
