-8.792123943567276001e-02
4.384823143482208252e-02
-1.219030842185020447e-02
7.810796960256993771e-04
2.508261613547801971e-02
1.381653081625699997e-02
2.609302103519439697e-01
1.103348433971405029e-01
-3.481605648994445801e-02
-4.855111241340637207e-03
-6.957294791936874390e-02
-2.640707790851593018e-01
1.539521962404251099e-01
-1.078650131821632385e-01
-1.029507368803024292e-01
5.258338525891304016e-02
7.848738878965377808e-02
-6.829266250133514404e-02
1.110441982746124268e-01
6.819885969161987305e-02
-3.005091287195682526e-02
9.240725776180624962e-04
9.274940192699432373e-02
-5.835326388478279114e-02
3.702476993203163147e-02
9.274319745600223541e-03
-4.330502822995185852e-03
-2.515176869928836823e-02
4.714862629771232605e-02
-6.003163754940032959e-02
3.946794196963310242e-03
3.706624358892440796e-02
-1.286799162626266479e-01
1.497704684734344482e-01
-1.979294717311859131e-01
1.245590671896934509e-01
-1.006157994270324707e-01
1.843897625803947449e-03
-2.221193350851535797e-02
2.274559112265706062e-03
-7.175422459840774536e-02
-2.433643490076065063e-02
9.456838667392730713e-02
-2.171120494604110718e-01
5.510743334889411926e-02
1.626041084527969360e-01
-2.273192703723907471e-01
-1.010724082589149475e-01
1.435316205024719238e-01
-1.297706961631774902e-01
7.044017780572175980e-03
1.105873435735702515e-01
-2.157722413539886475e-02
-2.468472160398960114e-02
1.196357235312461853e-01
-7.141293585300445557e-02
-8.752056211233139038e-02
7.853721827268600464e-02
7.684778887778520584e-03
1.566691398620605469e-01
4.116344824433326721e-02
2.399769425392150879e-02
-8.668013662099838257e-02
7.420969754457473755e-02
-3.933103382587432861e-02
