1.629769504070281982e-01
-6.513160467147827148e-02
1.368939131498336792e-01
-7.866983860731124878e-02
1.362891197204589844e-01
-2.253212183713912964e-01
5.239075049757957458e-02
1.265468150377273560e-01
1.874257028102874756e-01
3.997197747230529785e-02
-5.341460462659597397e-03
1.259832233190536499e-01
2.571089565753936768e-02
4.229373484849929810e-02
-6.319441646337509155e-02
6.680900603532791138e-02
-1.555299758911132812e-01
4.685567319393157959e-02
-8.943704515695571899e-02
-5.076869577169418335e-02
4.409455135464668274e-02
8.960679918527603149e-02
-2.703775651752948761e-02
7.739875465631484985e-02
9.470889717340469360e-02
-2.157111316919326782e-01
-6.815113127231597900e-02
-1.364780515432357788e-01
1.426360905170440674e-01
2.181689254939556122e-02
2.252239920198917389e-02
-1.486771553754806519e-01
2.125445604324340820e-01
