1.592971384525299072e-01
-7.302198559045791626e-02
1.241841763257980347e-01
-9.220620989799499512e-02
1.265645325183868408e-01
-2.294179052114486694e-01
4.767471551895141602e-02
1.230617314577102661e-01
1.802292764186859131e-01
1.783479005098342896e-02
-2.758088149130344391e-02
1.594168394804000854e-01
1.224120631814002991e-01
1.021156162023544312e-01
-1.160289272665977478e-01
-4.220480844378471375e-02
-2.303641885519027710e-01
-6.344923749566078186e-03
-1.612491011619567871e-01
-4.874836280941963196e-02
1.697703748941421509e-01
2.285786569118499756e-01
3.600971028208732605e-02
7.910350710153579712e-02
7.570422440767288208e-02
-2.324453294277191162e-01
-7.176187634468078613e-02
-1.420014798641204834e-01
1.335610449314117432e-01
1.951851695775985718e-02
2.682746946811676025e-02
-1.424893438816070557e-01
2.175776362419128418e-01
