6.464611738920211792e-02
1.217347234487533569e-01
-1.045523211359977722e-01
-1.274725645780563354e-01
8.197525143623352051e-02
-1.499251276254653931e-01
-5.149586498737335205e-02
4.516190849244594574e-03
1.143884751945734024e-02
6.876366585493087769e-02
1.427658926695585251e-02
-4.328020662069320679e-02
2.258389145135879517e-01
-2.178890705108642578e-01
1.026044189929962158e-01
9.311431646347045898e-02
1.151982471346855164e-01
4.507952928543090820e-02
-1.632730662822723389e-02
7.630160450935363770e-02
2.129072137176990509e-02
-1.954846084117889404e-02
8.027409762144088745e-02
1.597933098673820496e-02
1.598763093352317810e-02
1.305545028299093246e-02
1.307355239987373352e-02
2.841574326157569885e-02
-1.343133393675088882e-02
-4.388121888041496277e-03
2.750681899487972260e-02
-5.171078443527221680e-02
8.727508597075939178e-03
-9.964219294488430023e-03
-7.744411379098892212e-02
3.753321990370750427e-02
-1.037429645657539368e-01
-1.658362452872097492e-03
-6.028770282864570618e-02
-7.361523807048797607e-02
1.749073900282382965e-02
-1.577084511518478394e-01
3.214836493134498596e-02
-1.479646861553192139e-01
2.062674984335899353e-02
-9.237093478441238403e-02
-8.593909442424774170e-02
4.034996405243873596e-02
-1.306293159723281860e-01
-9.513354860246181488e-03
-1.744462060742080212e-03
1.629573293030261993e-02
9.982573799788951874e-03
-4.302498698234558105e-02
-7.048033177852630615e-02
6.467209756374359131e-02
7.540879398584365845e-02
-1.361878514289855957e-01
1.361327916383743286e-01
-1.032344475388526917e-01
-6.605505943298339844e-02
-1.440536230802536011e-01
-1.205626651644706726e-01
-1.866678148508071899e-02
1.313371211290359497e-01
