-3.981023654341697693e-02
2.678039483726024628e-02
2.120554260909557343e-02
2.394503727555274963e-02
2.747698873281478882e-02
2.340618893504142761e-02
8.116394281387329102e-02
3.287326917052268982e-02
9.203077293932437897e-03
2.770984079688787460e-03
2.092106966301798820e-03
-1.529509900137782097e-03
3.682196605950593948e-03
2.039790386334061623e-03
6.631236756220459938e-04
1.115477934945374727e-04
1.296316739171743393e-03
9.192316792905330658e-04
-6.474762340076267719e-04
1.128525589592754841e-03
-4.823704875889234245e-05
6.023322930559515953e-04
1.054555876180529594e-03
2.693229180295020342e-04
2.332230797037482262e-04
4.534507461357861757e-04
-8.574465027777478099e-05
-2.633116673678159714e-03
-9.864970343187451363e-04
-1.711627264739945531e-04
2.307716570794582367e-02
5.808144435286521912e-02
-1.857580542564392090e-01
-8.676420897245407104e-03
-1.119147054851055145e-02
-3.134910017251968384e-03
-2.934910124167799950e-03
-2.430776366963982582e-03
-1.298999530263245106e-03
-1.985352486371994019e-03
-1.549157314002513885e-03
-2.569147618487477303e-04
-8.363893139176070690e-04
-1.959827728569507599e-03
-1.783279469236731529e-03
-1.265920232981443405e-03
-1.431954442523419857e-03
-2.827384974807500839e-03
-2.735286951065063477e-03
-5.049138795584440231e-03
-5.860704695805907249e-04
-3.270593297202140093e-04
-3.151718061417341232e-03
-9.759536013007164001e-03
2.868106821551918983e-03
-1.126285921782255173e-02
-1.200948562473058701e-02
1.641796715557575226e-02
2.483222633600234985e-03
4.683518782258033752e-02
2.629921585321426392e-02
1.237260829657316208e-02
-5.330707877874374390e-02
2.074809931218624115e-02
-2.799864672124385834e-02
