-6.771225482225418091e-02
-7.963618636131286621e-02
-1.928351968526840210e-01
7.292015850543975830e-02
1.375544369220733643e-01
2.211496420204639435e-02
8.574844896793365479e-02
2.739457488059997559e-01
-6.348720192909240723e-02
-7.553825527429580688e-02
-1.401184946298599243e-01
8.963264524936676025e-03
1.811316609382629395e-01
-5.168794188648462296e-03
-1.257359683513641357e-01
6.334967445582151413e-03
1.480876505374908447e-01
3.483514860272407532e-02
-1.061222553253173828e-01
6.815425120294094086e-03
5.816255509853363037e-02
-7.544089853763580322e-02
2.496070414781570435e-02
-6.364216096699237823e-03
-4.006640985608100891e-02
5.498570203781127930e-02
-8.374560624361038208e-02
7.836821675300598145e-02
-8.321267366409301758e-02
4.789574816823005676e-02
-2.712065167725086212e-02
-4.129047971218824387e-03
5.043195094913244247e-03
-5.169932264834642410e-03
-2.688222192227840424e-02
6.145142763853073120e-02
-1.137934848666191101e-01
1.346292197704315186e-01
-1.200251802802085876e-01
5.354751273989677429e-02
2.695677056908607483e-02
-1.003033518791198730e-01
1.093779355287551880e-01
-7.764503359794616699e-02
7.816172204911708832e-03
8.823907002806663513e-03
-7.550919055938720703e-02
-8.639009669423103333e-03
-6.635132245719432831e-03
-1.935227029025554657e-02
-1.451048403978347778e-01
5.274545401334762573e-02
1.666960269212722778e-01
-2.733932137489318848e-01
-1.426424179226160049e-02
-1.156957894563674927e-01
6.560370326042175293e-02
1.555328629910945892e-02
-1.208317577838897705e-01
4.746329784393310547e-02
6.490988284349441528e-02
2.507637441158294678e-02
1.386272311210632324e-01
-1.032433807849884033e-01
-1.332050114870071411e-01
