3.006252460181713104e-02
7.198376208543777466e-02
8.587868511676788330e-02
4.971896857023239136e-02
-1.488675028085708618e-01
-1.106792166829109192e-01
1.182114984840154648e-02
-5.244292318820953369e-02
1.176601201295852661e-01
2.163086831569671631e-01
-1.643587499856948853e-01
2.477612346410751343e-01
-2.182898223400115967e-01
6.179132685065269470e-02
-1.157726440578699112e-02
2.021168023347854614e-01
-7.128123193979263306e-02
1.288686245679855347e-01
3.565659001469612122e-02
4.085417464375495911e-02
1.397189348936080933e-01
6.181725859642028809e-02
2.759311720728874207e-02
1.171395704150199890e-01
3.706644847989082336e-02
8.000370115041732788e-02
1.999250613152980804e-02
1.167146936058998108e-01
-5.120195820927619934e-02
1.458519548177719116e-01
-5.273520573973655701e-02
9.257933497428894043e-02
-2.631952054798603058e-02
6.043058633804321289e-02
-3.171815350651741028e-02
3.909009695053100586e-02
-2.420242235530167818e-04
-4.824506118893623352e-02
6.477305293083190918e-02
-7.188378274440765381e-02
-2.493468485772609711e-02
2.293960377573966980e-02
-6.386987864971160889e-02
-2.300775051116943359e-02
-2.180822752416133881e-02
-1.001490186899900436e-02
-1.136225089430809021e-01
6.235914304852485657e-02
-9.681316092610359192e-03
-2.127826064825057983e-01
1.357830613851547241e-01
-3.532312810420989990e-02
1.358863431960344315e-02
5.302276462316513062e-02
-7.521260529756546021e-02
-4.820924624800682068e-02
8.000933378934860229e-02
-8.638934046030044556e-02
7.043957710266113281e-02
2.380291372537612915e-02
1.893640458583831787e-01
-1.498064398765563965e-01
-5.250019580125808716e-02
1.163800507783889771e-01
-3.000861778855323792e-02
