8.435340970754623413e-02
1.557226032018661499e-01
-1.283361911773681641e-01
-1.575756669044494629e-01
1.062494590878486633e-01
-1.716794669628143311e-01
-3.620040416717529297e-02
3.138459846377372742e-02
2.506889216601848602e-02
1.098117455840110779e-01
8.254937082529067993e-02
-5.938341096043586731e-02
2.534084618091583252e-01
-1.052779108285903931e-01
1.972135901451110840e-01
-6.751179695129394531e-03
4.497575387358665466e-02
4.834945127367973328e-02
-6.836706399917602539e-02
5.962920933961868286e-02
-1.108371689915657043e-01
1.414047181606292725e-02
-5.715430900454521179e-02
-1.005057245492935181e-01
1.166600733995437622e-01
-2.999796271324157715e-01
4.733926430344581604e-02
-5.786428973078727722e-02
1.660950928926467896e-01
-3.262704238295555115e-02
-6.966609507799148560e-02
7.627373933792114258e-02
-2.679944634437561035e-01
