2.406502887606620789e-02
6.753204017877578735e-02
7.966904342174530029e-02
4.000264406204223633e-02
-1.605489253997802734e-01
-1.228591427206993103e-01
-1.585678546689450741e-04
-6.414251774549484253e-02
1.049909442663192749e-01
1.968445181846618652e-01
-2.009741067886352539e-01
1.938970983028411865e-01
-2.772012352943420410e-01
1.373363379389047623e-02
-4.391511529684066772e-02
1.690746843814849854e-01
-1.198801845312118530e-01
6.292682886123657227e-02
-4.780817776918411255e-02
-5.501622706651687622e-02
5.150394886732101440e-02
3.308502025902271271e-03
-1.228437758982181549e-02
7.526663690805435181e-02
1.411354821175336838e-02
7.982621341943740845e-02
8.962538093328475952e-03
1.238072142004966736e-01
-2.200494520366191864e-02
1.537884175777435303e-01
-2.268266119062900543e-02
1.351411789655685425e-01
3.980720881372690201e-03
1.000977233052253723e-01
1.443245168775320053e-02
8.543735742568969727e-02
3.298397362232208252e-02
-9.851616807281970978e-03
1.105991825461387634e-01
-6.970900297164916992e-02
-1.198406424373388290e-02
7.411051541566848755e-02
-5.453421548008918762e-02
-4.802940413355827332e-02
-2.870926819741725922e-02
5.913207773119211197e-03
-7.938121259212493896e-02
8.839456737041473389e-02
-2.394205890595912933e-02
-2.404029965400695801e-01
1.389814317226409912e-01
-3.121609799563884735e-03
4.872259870171546936e-02
7.559820264577865601e-02
-6.527619808912277222e-02
-3.923946619033813477e-02
9.656403958797454834e-02
-6.228568777441978455e-02
9.792389720678329468e-02
4.975761100649833679e-02
2.120129019021987915e-01
-1.286079734563827515e-01
-3.168457746505737305e-02
1.353331357240676880e-01
-1.455679722130298615e-02
