2.400640025734901428e-02
1.595190353691577911e-02
-5.252550356090068817e-03
-1.728174393065273762e-03
-2.009860472753643990e-03
-7.149471639422699809e-05
9.644469246268272400e-04
-1.371199614368379116e-03
-2.096554497256875038e-03
-4.845137882512062788e-04
-9.906039485940709710e-05
2.466337289661169052e-03
4.676393698900938034e-03
8.978136815130710602e-03
1.160697173327207565e-02
2.813227847218513489e-02
9.224637597799301147e-02
1.391786616295576096e-03
-4.986410029232501984e-03
-9.033817797899246216e-03
-8.548215031623840332e-03
-6.709842942655086517e-03
-8.187893778085708618e-03
-7.801877800375223160e-03
-5.742247682064771652e-03
-5.108343437314033508e-03
-3.275089897215366364e-03
-4.050632473081350327e-03
-2.277557272464036942e-03
-3.716469975188374519e-03
-5.015074741095304489e-03
-3.377933287993073463e-03
-4.453615471720695496e-02
