-3.034182637929916382e-02
-2.435296773910522461e-03
-1.255634520202875137e-02
-6.572331767529249191e-03
-3.514484502375125885e-03
-8.630956290289759636e-05
4.999349475838243961e-04
-2.645600761752575636e-04
-1.732257893308997154e-03
1.290738349780440331e-03
-1.401133253239095211e-03
-1.514166215201839805e-04
8.254563435912132263e-04
-1.017541624605655670e-03
-2.450872561894357204e-04
-6.239433423615992069e-04
-1.165058230981230736e-03
7.066191756166517735e-05
5.539046251215040684e-04
8.007744327187538147e-04
-3.553534916136413813e-04
-5.156084080226719379e-04
4.335431149229407310e-04
-1.548592466861009598e-03
-9.421156137250363827e-04
-3.968867822550237179e-04
-7.193039637058973312e-04
-8.865403942763805389e-04
-1.815616036765277386e-03
-5.761053762398660183e-04
2.599082887172698975e-03
-1.016126573085784912e-02
-3.437208011746406555e-02
2.405505441129207611e-02
9.447146207094192505e-03
7.552161812782287598e-03
5.792481359094381332e-03
3.947667311877012253e-03
4.289613105356693268e-03
3.017748473212122917e-03
4.406975582242012024e-03
3.076716093346476555e-03
1.822318183258175850e-03
2.868802286684513092e-03
2.584973815828561783e-03
2.695145318284630775e-03
2.663866151124238968e-03
3.959266003221273422e-03
1.881759730167686939e-03
8.818059577606618404e-04
1.428491785190999508e-03
9.318633819930255413e-04
1.546962303109467030e-03
1.747519825585186481e-03
3.040726762264966965e-03
4.484177101403474808e-03
1.389746903441846371e-03
3.172238823026418686e-03
2.604269655421376228e-03
5.172243807464838028e-03
5.697838496416807175e-03
-1.075234962627291679e-03
8.446123450994491577e-02
8.295165374875068665e-03
-1.347198337316513062e-02
