4.865184798836708069e-02
9.590280055999755859e-02
-5.871346592903137207e-02
-1.228468343615531921e-01
3.983117640018463135e-02
-1.200028508901596069e-02
9.323216974735260010e-03
1.643463037908077240e-02
1.943160220980644226e-02
2.424859814345836639e-02
2.913507260382175446e-02
3.330053389072418213e-02
3.420466929674148560e-02
7.972576655447483063e-03
6.131468690000474453e-04
5.155735090374946594e-02
1.669452339410781860e-01
-9.797179698944091797e-02
-7.056953758001327515e-02
-5.178816989064216614e-02
-3.485876694321632385e-02
-2.762616053223609924e-02
-2.074639499187469482e-02
-1.408526208251714706e-02
-1.036326773464679718e-02
-4.155192058533430099e-03
-9.073261171579360962e-03
-6.273513194173574448e-03
6.329925265163183212e-03
1.451042108237743378e-02
1.321842055767774582e-02
1.651702821254730225e-02
-9.561961144208908081e-02
