3.326301649212837219e-02
8.819961547851562500e-02
1.040832698345184326e-01
5.696137249469757080e-02
-1.886246204376220703e-01
-1.312152296304702759e-01
3.168641775846481323e-02
-5.799200758337974548e-02
1.241796091198921204e-01
2.322958111763000488e-01
-2.342366874217987061e-01
3.412848412990570068e-01
-1.308760792016983032e-01
2.121455520391464233e-01
-6.788471341133117676e-02
1.511154323816299438e-01
-9.340453147888183594e-02
8.991684764623641968e-02
-9.906934946775436401e-02
-7.203309796750545502e-03
-4.852513968944549561e-02
-8.751729875802993774e-02
3.135295212268829346e-02
-1.968568861484527588e-01
2.275662962347269058e-03
2.400901764631271362e-01
-1.241368148475885391e-02
-1.148938834667205811e-01
-1.061343401670455933e-01
-2.122788690030574799e-02
-8.993449807167053223e-02
1.197096034884452820e-01
1.010589748620986938e-01
