-1.033908873796463013e-01
6.063636764883995056e-02
-4.663129337131977081e-03
1.460903789848089218e-02
4.423249885439872742e-02
2.225404232740402222e-02
3.058768212795257568e-01
1.005114912986755371e-01
-8.946967124938964844e-02
-2.921578474342823029e-03
9.977371245622634888e-02
-1.438526660203933716e-01
1.043287664651870728e-01
-1.044689789414405823e-01
-1.116476207971572876e-02
-1.619655080139636993e-02
-1.139425635337829590e-01
5.245996266603469849e-02
-1.844588220119476318e-01
6.301441788673400879e-02
-1.745461970567703247e-01
-1.613273471593856812e-02
-6.742893159389495850e-02
-1.519141197204589844e-01
-2.525568753480911255e-02
-1.181557849049568176e-01
7.244510948657989502e-02
-3.512457907199859619e-01
1.802601106464862823e-02
1.682994067668914795e-01
-3.348201811313629150e-01
-1.657429635524749756e-01
-1.689012795686721802e-01
