-6.742784380912780762e-02
6.151362508535385132e-02
1.067562960088253021e-02
3.279275074601173401e-02
6.536903977394104004e-02
3.644656389951705933e-02
2.739595770835876465e-01
1.224604696035385132e-01
-2.538173273205757141e-02
1.886444049887359142e-03
-6.849174201488494873e-02
-2.726443111896514893e-01
1.305319964885711670e-01
-1.444817930459976196e-01
-1.492034792900085449e-01
6.890582852065563202e-03
4.855141043663024902e-02
-7.278745621442794800e-02
1.353947520256042480e-01
1.051726043224334717e-01
1.745548914186656475e-03
3.825840726494789124e-02
1.179224848747253418e-01
-8.145653456449508667e-02
4.391606152057647705e-02
9.911381453275680542e-02
8.457525074481964111e-02
-5.602322518825531006e-03
-3.104361146688461304e-02
-6.575872749090194702e-02
1.804727613925933838e-01
1.447841431945562363e-02
-2.834748625755310059e-01
1.345377713441848755e-01
-2.480780184268951416e-01
1.308961212635040283e-01
-5.995216965675354004e-02
5.357540398836135864e-02
8.109617233276367188e-02
-4.098189063370227814e-03
-1.454606652259826660e-01
-2.300149528309702873e-03
1.250697970390319824e-01
-2.366253137588500977e-01
5.694304779171943665e-02
1.713989377021789551e-01
-2.459179908037185669e-01
-1.127924770116806030e-01
1.607557833194732666e-01
-9.170836955308914185e-02
5.406138300895690918e-02
1.478114575147628784e-01
1.158987637609243393e-03
-1.215454563498497009e-02
1.349840164184570312e-01
-4.947722330689430237e-02
-7.789362967014312744e-02
7.622806727886199951e-02
1.843789825215935707e-03
1.485124677419662476e-01
3.766091540455818176e-02
1.421419717371463776e-02
-1.046051308512687683e-01
4.513964056968688965e-02
-7.233463972806930542e-02
