-8.058190345764160156e-03
2.974385768175125122e-02
2.423815429210662842e-02
7.044221740216016769e-03
1.651778630912303925e-02
8.252593688666820526e-03
2.114015072584152222e-02
8.229038678109645844e-03
1.730035175569355488e-03
3.189141396433115005e-03
2.258816268295049667e-03
3.488867776468396187e-03
6.966050132177770138e-04
5.891422042623162270e-04
1.950141624547541142e-03
3.344785422086715698e-03
2.697930205613374710e-03
1.316432375460863113e-03
2.017725957557559013e-03
2.803563838824629784e-03
2.969881054013967514e-03
2.648189198225736618e-03
2.398606855422258377e-03
2.765385899692773819e-03
3.205859102308750153e-03
4.176944494247436523e-03
4.702928941696882248e-03
5.177856422960758209e-03
6.551272701472043991e-03
1.266638189554214478e-02
1.243396475911140442e-02
-2.326546795666217804e-02
-6.894133053719997406e-03
-1.332986075431108475e-02
-4.945502150803804398e-03
-2.542073372751474380e-03
-2.694644499570131302e-03
-2.459359820932149887e-03
-1.912145409733057022e-03
-2.095686038956046104e-03
-1.244220882654190063e-03
-2.192487940192222595e-03
-1.237379037775099277e-03
-1.009201747365295887e-03
-1.607806421816349030e-03
-1.906074176076799631e-04
-1.459398888982832432e-03
-7.544630207121372223e-04
1.233161543495953083e-03
-5.743990186601877213e-04
-2.440843731164932251e-03
-1.940727932378649712e-03
-1.154053141362965107e-03
1.138065243139863014e-03
-2.021912514464929700e-04
4.689944034907966852e-05
2.116756979376077652e-03
-5.318048642948269844e-04
2.507050288841128349e-03
3.602546174079179764e-03
7.642396725714206696e-03
7.709385245107114315e-04
-1.363489590585231781e-02
2.085329405963420868e-02
-9.419787675142288208e-03
