1.152454018592834473e-01
1.854780465364456177e-01
-1.162085980176925659e-01
-1.542865931987762451e-01
1.249916106462478638e-01
-1.374369412660598755e-01
-2.898188121616840363e-02
1.492531877011060715e-02
3.890359308570623398e-03
6.211310252547264099e-02
-2.023325115442276001e-02
-8.584611862897872925e-02
2.902094721794128418e-01
-2.470464557409286499e-01
9.123785793781280518e-02
2.333536557853221893e-02
4.601674526929855347e-02
3.609553724527359009e-02
-9.334181249141693115e-02
2.529830858111381531e-02
-9.210282564163208008e-02
8.431718498468399048e-02
-2.945770509541034698e-02
-1.219260394573211670e-01
1.028039306402206421e-01
-2.855506241321563721e-01
6.160014495253562927e-02
-7.956878840923309326e-02
1.184471696615219116e-01
-8.833114057779312134e-02
-1.148339956998825073e-01
2.502993866801261902e-02
-3.176228106021881104e-01
