-5.955246463418006897e-02
3.916812688112258911e-02
1.140299141407012939e-01
-3.132635354995727539e-01
-1.638157814741134644e-01
-3.681818395853042603e-02
9.559721499681472778e-02
-6.538330763578414917e-02
2.904389500617980957e-01
-1.114058643579483032e-01
1.443079710006713867e-01
-7.468354701995849609e-02
1.096797809004783630e-01
8.515573106706142426e-03
3.219177946448326111e-02
5.228809267282485962e-02
-2.073398418724536896e-02
2.926904521882534027e-02
-7.217361778020858765e-02
1.003848374239169061e-04
-1.019207760691642761e-01
-2.586554363369941711e-02
-2.227224409580230713e-02
-7.575416564941406250e-02
-1.315197348594665527e-01
5.545816849917173386e-03
2.552671134471893311e-01
2.324789203703403473e-02
-7.518468797206878662e-02
-7.619278877973556519e-02
2.673324346542358398e-01
8.245508372783660889e-02
-2.647007107734680176e-01
