7.786256074905395508e-02
7.238753139972686768e-02
9.485296159982681274e-02
1.499051153659820557e-01
-9.262992069125175476e-03
-1.694372296333312988e-01
8.842499554157257080e-02
-3.009542822837829590e-02
-5.291279032826423645e-02
1.452481746673583984e-01
1.094264909625053406e-03
7.409944664686918259e-03
3.291977196931838989e-02
6.108103785663843155e-03
2.030219184234738350e-03
6.158760283142328262e-03
2.670235466212034225e-03
3.807771718129515648e-03
3.389569930732250214e-03
3.357577137649059296e-03
2.783349249511957169e-03
3.207233035936951637e-03
4.664017818868160248e-03
7.008663378655910492e-03
6.509570404887199402e-03
7.394471671432256699e-03
9.850660338997840881e-03
1.179659459739923477e-02
1.397161651402711868e-02
1.487697940319776535e-02
1.187498960644006729e-02
2.362893894314765930e-03
1.796643733978271484e-01
-4.010586068034172058e-02
-1.447105128318071365e-02
-3.489523660391569138e-03
-1.988367410376667976e-03
3.635986358858644962e-04
1.058627502061426640e-03
1.986753894016146660e-03
1.901040901429951191e-03
4.657689132727682590e-04
1.444222434656694531e-04
2.414099872112274170e-03
3.752332646399736404e-03
1.648490899242460728e-03
3.816513810306787491e-03
1.071030274033546448e-03
9.874897077679634094e-04
3.845489816740155220e-03
4.284182097762823105e-03
-1.347231119871139526e-02
1.027206704020500183e-01
-2.552201040089130402e-02
9.287738241255283356e-03
1.326604094356298447e-02
6.950495392084121704e-02
1.216686144471168518e-01
1.308046430349349976e-01
2.778816819190979004e-01
-5.080961063504219055e-02
2.286924608051776886e-02
-9.678415954113006592e-02
4.470945894718170166e-02
1.768161542713642120e-02
