1.327257975935935974e-02
1.928794234991073608e-01
4.108554869890213013e-02
2.520532310009002686e-01
-1.109806299209594727e-01
-2.128012031316757202e-01
-8.545851707458496094e-02
4.130777902901172638e-03
1.481160223484039307e-01
-5.849695578217506409e-02
-3.316780626773834229e-01
4.481017589569091797e-02
9.115868806838989258e-02
-1.994292438030242920e-01
-2.389791607856750488e-02
2.446128241717815399e-02
-1.216948684304952621e-02
9.398481249809265137e-02
-9.856609255075454712e-02
5.322557315230369568e-02
1.028798799961805344e-02
-1.323395967483520508e-01
-2.579530887305736542e-02
-1.270889639854431152e-01
5.799431726336479187e-02
-8.222062140703201294e-03
-3.534903824329376221e-01
-3.808830305933952332e-02
-2.920660078525543213e-01
-1.688464283943176270e-01
-2.831034958362579346e-01
-2.458865791559219360e-01
-4.927627369761466980e-02
