8.919386565685272217e-02
8.292243629693984985e-02
1.092306748032569885e-01
1.721752882003784180e-01
-1.142727024853229523e-02
-9.506105631589889526e-02
2.230967022478580475e-02
1.167223695665597916e-02
1.527024619281291962e-02
1.704522036015987396e-02
2.025017887353897095e-02
3.274195641279220581e-02
4.530669376254081726e-02
7.208684086799621582e-02
1.036411449313163757e-01
-7.255683094263076782e-02
1.685311347246170044e-01
-5.865184590220451355e-02
-2.742779627442359924e-02
-1.179156266152858734e-02
-9.876866824924945831e-03
-6.064539309591054916e-03
-6.182875484228134155e-03
-2.966929459944367409e-03
6.488875020295381546e-03
2.098192780977115035e-04
2.627026103436946869e-02
4.153059795498847961e-02
8.361114561557769775e-02
-4.099691808223724365e-01
-3.205395638942718506e-01
1.256295293569564819e-01
3.608196377754211426e-01
