-2.581263184547424316e-01
-1.423301994800567627e-01
5.810780078172683716e-02
6.732013821601867676e-02
-7.012432068586349487e-02
-2.868441045284271240e-01
9.095823764801025391e-02
2.792992293834686279e-01
2.624345123767852783e-01
1.142032369971275330e-01
2.957460470497608185e-02
-9.858307242393493652e-02
-7.651939243078231812e-02
-1.989589184522628784e-01
6.583456695079803467e-02
2.018988132476806641e-01
-1.200486272573471069e-01
1.794394552707672119e-01
7.665475457906723022e-02
9.582047909498214722e-02
1.447568088769912720e-01
2.003974914550781250e-01
2.072658836841583252e-01
5.260492488741874695e-02
2.870723605155944824e-01
1.656108647584915161e-01
2.337424904108047485e-01
2.876489460468292236e-01
2.036255747079849243e-01
9.433445334434509277e-02
1.077733188867568970e-01
-3.231998533010482788e-02
-1.103032231330871582e-01
-4.276842623949050903e-02
-1.809149980545043945e-01
-2.083977684378623962e-02
-7.519692927598953247e-02
-7.849307730793952942e-03
1.315412390977144241e-02
-7.195684313774108887e-02
1.036036759614944458e-01
1.201796904206275940e-01
-9.714629501104354858e-02
1.715034693479537964e-01
-8.175028115510940552e-02
3.583222627639770508e-02
-7.131110876798629761e-02
8.601720631122589111e-02
1.336689740419387817e-01
-3.625379502773284912e-01
-1.961029879748821259e-02
1.998168975114822388e-01
-3.207786679267883301e-01
-6.624446716159582138e-03
5.961826443672180176e-02
-1.251456886529922485e-01
5.403363145887851715e-03
-1.959672421216964722e-01
-5.877269431948661804e-02
-8.833842724561691284e-02
1.980760395526885986e-01
-2.935982495546340942e-02
-1.567328572273254395e-01
1.156405359506607056e-02
7.923541963100433350e-02
