9.730844199657440186e-02
2.362678050994873047e-01
2.010651230812072754e-01
4.717726260423660278e-02
-2.381926774978637695e-01
-1.295681744813919067e-01
-1.536222174763679504e-02
-4.075637552887201309e-03
-8.455466479063034058e-03
-1.059526763856410980e-02
-5.352223757654428482e-03
-2.490135375410318375e-03
7.129819598048925400e-03
2.204978652298450470e-02
5.178358033299446106e-02
-2.143817543983459473e-01
1.022687107324600220e-01
-1.173214986920356750e-01
-8.219121396541595459e-02
-5.244100093841552734e-02
-3.941766172647476196e-02
-3.134318813681602478e-02
-2.266069315373897552e-02
-2.470951341092586517e-02
-3.755152225494384766e-02
-1.119974777102470398e-01
-1.382276322692632675e-02
-8.816433697938919067e-02
-1.451938450336456299e-01
2.171097993850708008e-01
2.760875411331653595e-02
4.781896248459815979e-02
-6.582842022180557251e-02
