-1.299472805112600327e-02
-3.409307450056076050e-03
1.311003118753433228e-01
5.419589113444089890e-03
7.677470892667770386e-02
-1.071466580033302307e-01
9.913288056850433350e-02
2.145825624465942383e-01
2.341967672109603882e-01
-1.977953314781188965e-01
8.300253003835678101e-02
-1.855792254209518433e-01
1.076711341738700867e-01
-2.352067083120346069e-01
1.017559841275215149e-01
-1.104838028550148010e-02
-1.172698102891445160e-02
1.490239053964614868e-01
-9.702890366315841675e-02
-5.478755012154579163e-02
3.710307553410530090e-02
-2.288695797324180603e-02
-1.814691349864006042e-02
-4.327229410409927368e-02
-8.319875225424766541e-03
-3.793373331427574158e-02
-1.190419308841228485e-02
-3.265608474612236023e-02
-3.210326889529824257e-03
-3.751716017723083496e-02
5.496075842529535294e-03
-2.460401505231857300e-02
8.065671660006046295e-03
1.511660404503345490e-03
1.179877016693353653e-02
2.794955857098102570e-02
1.505041308701038361e-02
3.547701984643936157e-02
4.282557219266891479e-02
-1.063819229602813721e-02
1.235029324889183044e-01
-4.888344183564186096e-02
4.386712983250617981e-02
1.152734905481338501e-01
-5.115328356623649597e-02
-5.100348964333534241e-02
-2.931400202214717865e-02
1.276796758174896240e-01
-4.024415835738182068e-02
1.097890585660934448e-01
3.179343882948160172e-03
-3.464183211326599121e-02
2.394565790891647339e-01
3.854824975132942200e-02
-1.517472714185714722e-01
2.072209864854812622e-01
4.719648510217666626e-02
-3.976673260331153870e-02
2.469373047351837158e-01
-3.867837786674499512e-02
6.158608198165893555e-02
-3.557468065991997719e-03
2.977666258811950684e-02
4.678497556596994400e-03
8.067430555820465088e-02
