-1.299472805112600327e-02
-3.409307450056076050e-03
1.311003118753433228e-01
5.419589113444089890e-03
7.677470892667770386e-02
-1.071466580033302307e-01
9.913288056850433350e-02
2.145825624465942383e-01
2.341967672109603882e-01
-1.977953314781188965e-01
8.300222456455230713e-02
-1.855838596820831299e-01
1.076476350426673889e-01
-2.352198958396911621e-01
1.019585281610488892e-01
-1.033393573015928268e-02
-1.071472372859716415e-02
1.494940221309661865e-01
-9.739428758621215820e-02
-5.342381820082664490e-02
4.610491916537284851e-02
-5.308436695486307144e-03
-2.459058072417974472e-03
-2.821304090321063995e-02
1.561049930751323700e-02
-1.704873330891132355e-02
4.598985426127910614e-03
-1.216246560215950012e-02
1.259540859609842300e-02
-2.554728277027606964e-02
2.027198672294616699e-02
-2.337689697742462158e-02
1.719253137707710266e-02
-9.555806405842304230e-03
2.886228496208786964e-03
1.432373095303773880e-02
-1.544171385467052460e-02
1.966444030404090881e-02
6.430300883948802948e-03
-4.280021414160728455e-02
1.020430326461791992e-01
-9.901624172925949097e-02
6.168577820062637329e-03
1.038222983479499817e-01
-6.564940512180328369e-02
-6.565327942371368408e-02
-3.287705406546592712e-02
1.307842284440994263e-01
-3.727657720446586609e-02
1.112818792462348938e-01
3.820803714916110039e-03
-3.449302166700363159e-02
2.394382059574127197e-01
3.853596374392509460e-02
-1.517501175403594971e-01
2.072205543518066406e-01
4.719644784927368164e-02
-3.976673260331153870e-02
2.469373047351837158e-01
-3.867837786674499512e-02
6.158608198165893555e-02
-3.557468065991997719e-03
2.977666258811950684e-02
4.678497556596994400e-03
8.067430555820465088e-02
