7.355236262083053589e-02
1.785158812999725342e-01
1.518772095441818237e-01
3.770101070404052734e-02
-3.073002770543098450e-02
-2.057160735130310059e-01
-1.462206691503524780e-01
-3.557594493031501770e-02
-7.096417248249053955e-02
1.095533445477485657e-01
2.571460008621215820e-01
1.174390595406293869e-02
1.181318890303373337e-02
2.203177893534302711e-03
3.007812425494194031e-03
4.632305353879928589e-03
5.807566922158002853e-03
1.714048907160758972e-03
3.116205101832747459e-03
2.416053554043173790e-03
3.566234139725565910e-03
3.439127700403332710e-03
3.455273574218153954e-03
4.646730143576860428e-03
7.401634939014911652e-03
7.048839237540960312e-03
8.031604811549186707e-03
9.732520207762718201e-03
1.306755747646093369e-02
1.486034318804740906e-02
1.047559548169374466e-02
1.572012156248092651e-02
1.557546705007553101e-01
-3.544984757900238037e-02
-1.455998513847589493e-02
-1.497458899393677711e-03
-1.760528393788263202e-04
8.479798270855098963e-05
2.737334230914711952e-03
1.195671502500772476e-03
2.058506710454821587e-03
3.074666485190391541e-03
1.900955452583730221e-03
4.046649846713989973e-04
2.490199403837323189e-03
2.043150598183274269e-03
-1.044884091243147850e-03
5.082842893898487091e-03
2.808071440085768700e-03
4.665178246796131134e-03
5.897982977330684662e-03
-1.464344933629035950e-02
-1.217213086783885956e-02
3.945664037019014359e-03
1.759885624051094055e-02
-2.831283584237098694e-02
4.555298388004302979e-02
2.002073228359222412e-01
7.333178073167800903e-02
1.566392928361892700e-01
1.702033579349517822e-01
-2.064827531576156616e-01
-1.655114740133285522e-01
-9.598987549543380737e-02
-1.109627634286880493e-01
