7.355236262083053589e-02
1.785158812999725342e-01
1.518772095441818237e-01
3.770101070404052734e-02
-3.073002770543098450e-02
-2.057160735130310059e-01
-7.821558415889739990e-02
-1.035952195525169373e-01
-2.985569881275296211e-03
4.228896647691726685e-02
3.505059778690338135e-01
2.195122465491294861e-02
6.019561365246772766e-02
5.341916810721158981e-03
-2.295001409947872162e-03
-5.776644218713045120e-03
-3.522482700645923615e-03
1.608670281711965799e-04
-5.072196479886770248e-03
-1.496591256000101566e-03
-2.109715715050697327e-03
-4.475174646358937025e-04
-4.809338133782148361e-05
3.638798079919070005e-04
1.004949794150888920e-03
1.034467131830751896e-03
2.946897642686963081e-03
6.288534961640834808e-03
1.100011914968490601e-02
2.570662461221218109e-02
5.391206964850425720e-02
-1.437023580074310303e-01
-1.593299582600593567e-02
-2.872069180011749268e-02
-2.386947348713874817e-02
-1.844654791057109833e-02
-1.614224351942539215e-02
-1.389414072036743164e-02
-1.243156008422374725e-02
-9.954303503036499023e-03
-6.900137756019830704e-03
-8.045845665037631989e-03
-7.231567520648241043e-03
-3.835676936432719231e-03
-5.059198476374149323e-03
-6.346131674945354462e-03
-7.201324682682752609e-03
-8.062534034252166748e-03
-4.847493954002857208e-03
-1.325192488729953766e-02
-9.323371574282646179e-03
-9.977528452873229980e-02
-1.417558789253234863e-01
2.490826696157455444e-02
5.214679986238479614e-02
-7.855370640754699707e-02
4.555298388004302979e-02
2.002073228359222412e-01
7.333178073167800903e-02
1.566392928361892700e-01
1.702033579349517822e-01
-2.064827531576156616e-01
-1.655114740133285522e-01
-9.598987549543380737e-02
-1.109627634286880493e-01
