-9.587533771991729736e-02
-9.637811034917831421e-02
-5.694390088319778442e-02
-1.270856112241744995e-01
4.728047177195549011e-02
-2.349623292684555054e-01
8.443751186132431030e-02
-8.396649360656738281e-02
3.516178727149963379e-01
-1.735826879739761353e-01
2.268112301826477051e-01
-2.144094109535217285e-01
9.311237931251525879e-02
2.847254648804664612e-02
1.747526973485946655e-01
-5.584658589214086533e-03
3.228133544325828552e-02
-2.007640600204467773e-01
-1.031645685434341431e-01
2.713119983673095703e-01
4.653320834040641785e-02
-1.114104911684989929e-01
1.718224398791790009e-02
4.145025834441184998e-02
-6.480979174375534058e-02
-2.637677490711212158e-01
-5.617233738303184509e-02
-1.476196646690368652e-01
-1.227703914046287537e-01
-1.608520895242691040e-01
-4.802686162292957306e-03
-2.072161063551902771e-02
7.291172444820404053e-02
7.241898030042648315e-02
1.975844502449035645e-01
1.137049198150634766e-01
2.918219752609729767e-02
2.715701460838317871e-01
-2.349014580249786377e-02
1.895266175270080566e-01
-8.061144500970840454e-02
2.251743227243423462e-01
3.925118595361709595e-02
-2.288377285003662109e-01
-1.525376737117767334e-01
4.452688153833150864e-03
2.034518122673034668e-01
-6.563290208578109741e-02
3.558497875928878784e-03
-1.233383417129516602e-01
7.345393765717744827e-03
1.662007868289947510e-01
2.207373976707458496e-01
-1.106103360652923584e-01
1.269656717777252197e-01
6.655230373144149780e-02
2.237745374441146851e-01
-3.627714216709136963e-01
1.367810517549514771e-01
8.962330222129821777e-02
4.534547030925750732e-02
4.467700421810150146e-02
1.511083394289016724e-01
-1.445896327495574951e-01
-8.778146654367446899e-02
