-4.400283470749855042e-02
1.535112708806991577e-01
-4.504637420177459717e-02
2.196807563304901123e-01
-2.342366427183151245e-01
4.344833269715309143e-02
-1.366806924343109131e-01
2.183434553444385529e-03
-4.923472180962562561e-03
-5.435356404632329941e-03
-4.089275840669870377e-03
-5.544748855754733086e-04
5.373605992645025253e-03
2.661262452602386475e-02
5.243915319442749023e-02
-1.851042658090591431e-01
8.133882284164428711e-02
-1.326406300067901611e-01
-9.405188262462615967e-02
-6.067764386534690857e-02
-4.299479722976684570e-02
-3.394074738025665283e-02
-3.008729405701160431e-02
-2.266270853579044342e-02
-7.935564965009689331e-02
-6.548841297626495361e-02
-3.260737359523773193e-01
4.631648361682891846e-01
-7.760147750377655029e-02
3.072298765182495117e-01
-1.784492097795009613e-02
9.676714241504669189e-02
2.124778628349304199e-01
