7.355236262083053589e-02
1.785158812999725342e-01
1.518772095441818237e-01
3.770101070404052734e-02
-3.073002770543098450e-02
-2.057160735130310059e-01
-7.821558415889739990e-02
-1.035952195525169373e-01
-2.985569881275296211e-03
4.228896647691726685e-02
3.505059778690338135e-01
-4.363894462585449219e-02
1.014738529920578003e-01
4.624992609024047852e-03
2.723338454961776733e-02
1.602397765964269638e-03
-5.907944287173449993e-04
-1.822798047214746475e-03
1.352490624412894249e-03
9.515688871033489704e-04
4.516914777923375368e-04
-1.011793152429163456e-03
-8.108564070425927639e-04
-4.172223561909049749e-04
-5.772708100266754627e-04
-1.003147801384329796e-03
-1.505712862126529217e-03
-1.044532866217195988e-03
-1.040736213326454163e-03
-6.464716861955821514e-04
-1.446725567802786827e-03
2.997054718434810638e-03
-9.225859306752681732e-03
7.130790036171674728e-03
2.399682300165295601e-03
1.984760630875825882e-03
3.999340115115046501e-04
-1.180618419311940670e-04
-3.068800142500549555e-04
6.064827903173863888e-04
-8.466593571938574314e-04
2.264534821733832359e-03
-7.939340139273554087e-05
-1.094518695026636124e-03
1.839229371398687363e-03
2.772797051875386387e-05
1.957654254510998726e-03
7.646596524864435196e-03
-5.647687241435050964e-02
6.030759308487176895e-03
-1.123505383729934692e-01
-1.471123695373535156e-01
-8.342625200748443604e-02
2.490826696157455444e-02
5.214679986238479614e-02
-7.855370640754699707e-02
4.555298388004302979e-02
2.002073228359222412e-01
7.333178073167800903e-02
1.566392928361892700e-01
1.702033579349517822e-01
-2.064827531576156616e-01
-1.655114740133285522e-01
-9.598987549543380737e-02
-1.109627634286880493e-01
