-2.857107818126678467e-01
1.587734371423721313e-01
-9.713508188724517822e-02
-8.298466354608535767e-02
-1.733643114566802979e-01
-9.566254168748855591e-02
-1.072139814496040344e-01
1.516996920108795166e-01
-7.932683080434799194e-02
-4.046876356005668640e-02
-2.801944687962532043e-02
-1.247426047921180725e-01
8.475922793149948120e-02
-7.508961111307144165e-02
-2.131588011980056763e-02
-1.406535655260086060e-01
-2.975265868008136749e-02
-2.710443362593650818e-02
-1.069500520825386047e-01
9.396551549434661865e-02
5.438274517655372620e-02
-1.105862110853195190e-01
5.798435211181640625e-02
-2.633735537528991699e-02
-2.100980840623378754e-02
2.468674816191196442e-02
-4.661133512854576111e-02
4.719469696283340454e-02
-5.998083576560020447e-02
5.860398709774017334e-02
-6.956882029771804810e-02
6.360750645399093628e-02
-5.928444489836692810e-02
5.687617510557174683e-02
-4.021468386054039001e-02
3.775164112448692322e-02
-1.782499998807907104e-02
9.883084334433078766e-03
-2.204042859375476837e-03
1.902851834893226624e-02
-3.082665428519248962e-02
5.271800234913825989e-02
-5.650072917342185974e-02
4.390862211585044861e-02
5.395723506808280945e-02
1.997940056025981903e-02
-3.030655086040496826e-01
1.347568333148956299e-01
7.730598747730255127e-02
-9.905105689540505409e-04
5.311255343258380890e-03
-1.364846974611282349e-01
1.321153193712234497e-01
6.972935050725936890e-02
1.214130967855453491e-01
9.007596969604492188e-02
8.892111480236053467e-02
-1.248264610767364502e-01
-1.963704824447631836e-02
1.953287571668624878e-01
1.011783909052610397e-02
1.895101368427276611e-02
-1.450612209737300873e-02
-2.210656702518463135e-01
-1.512914150953292847e-01
