-1.798103190958499908e-02
-1.744520850479602814e-02
1.463670432567596436e-01
-1.037142425775527954e-02
6.533473730087280273e-02
-2.192373126745223999e-01
-4.836718365550041199e-02
6.141210719943046570e-02
1.172634586691856384e-01
-3.712473213672637939e-01
3.317031636834144592e-02
-2.068646699190139771e-01
2.177892178297042847e-01
-2.663387954235076904e-01
1.622512787580490112e-01
-6.344152241945266724e-02
1.663790047168731689e-01
-1.130773127079010010e-01
-5.600455403327941895e-02
-2.562942728400230408e-02
-2.016405910253524780e-01
-8.703321218490600586e-02
-2.548400461673736572e-01
-1.456643939018249512e-01
2.244216157123446465e-03
-3.750378787517547607e-01
-1.622157692909240723e-01
1.651427745819091797e-01
-6.016314774751663208e-02
-1.174305751919746399e-01
-7.036481052637100220e-02
1.487767994403839111e-01
7.965694367885589600e-02
