-2.318984270095825195e-01
3.858155310153961182e-01
1.038986742496490479e-01
1.053300648927688599e-01
-4.697009176015853882e-02
-5.132799968123435974e-02
-8.897905796766281128e-02
2.098717838525772095e-01
-2.607421949505805969e-02
9.818597137928009033e-02
1.516004651784896851e-01
-7.685783505439758301e-02
7.017830759286880493e-02
-3.014811687171459198e-02
8.644744753837585449e-02
-1.042602658271789551e-01
-4.028614237904548645e-02
1.292937099933624268e-01
-1.452960968017578125e-01
1.901267170906066895e-01
8.962968736886978149e-02
-1.144251227378845215e-01
1.482057869434356689e-01
1.695919930934906006e-01
-1.975895017385482788e-01
-1.419051885604858398e-01
-1.110549569129943848e-01
4.717874980997294188e-04
-3.548039868474006653e-02
-9.009268134832382202e-02
-4.288362264633178711e-01
9.713060408830642700e-02
1.191902756690979004e-01
