7.740476634353399277e-03
1.376772075891494751e-01
1.132325679063796997e-01
1.527820229530334473e-01
-4.484416916966438293e-02
-2.454796247184276581e-02
-1.706079244613647461e-01
2.045436799526214600e-01
-1.463665626943111420e-02
-1.862146705389022827e-01
-2.635856391862034798e-03
-6.322891917079687119e-03
-1.267334446310997009e-03
-6.908594514243304729e-04
-1.298386370763182640e-03
1.780870370566844940e-04
2.572691766545176506e-03
5.135651445016264915e-04
2.984243445098400116e-03
-1.079979701898992062e-03
2.390474081039428711e-03
1.176913268864154816e-03
2.249174052849411964e-03
3.208718029782176018e-03
2.386875450611114502e-03
9.457424166612327099e-04
3.127001924440264702e-03
-1.174164703115820885e-03
-4.354631062597036362e-03
-1.455122046172618866e-02
-3.221645206212997437e-02
1.684121638536453247e-01
-7.969451253302395344e-04
1.252198405563831329e-02
1.506196893751621246e-02
1.171129569411277771e-02
1.207854598760604858e-02
8.751034736633300781e-03
6.514417938888072968e-03
5.510941147804260254e-03
4.876234102994203568e-03
4.432048182934522629e-03
4.040775820612907410e-03
2.380399964749813080e-03
-4.210975021123886108e-05
4.916349425911903381e-04
8.487553568556904793e-04
2.753035398200154305e-03
4.762234166264533997e-03
3.845601575449109077e-03
8.170409128069877625e-03
2.985974133480340242e-04
-1.885537430644035339e-02
-9.183567017316818237e-02
9.785782545804977417e-02
-1.366668287664651871e-02
1.596401780843734741e-01
-1.287612915039062500e-01
9.719900041818618774e-02
-2.247738093137741089e-01
-2.705523073673248291e-01
-8.501808345317840576e-02
-9.390077739953994751e-02
-1.268851459026336670e-01
3.290667012333869934e-02
