6.959041929803788662e-04
-6.423502415418624878e-02
1.511196047067642212e-01
1.364276651293039322e-02
2.920041605830192566e-02
2.380808740854263306e-01
-1.478483229875564575e-01
1.113390251994132996e-01
5.050973035395145416e-03
-1.902693808078765869e-01
3.047695383429527283e-02
5.751110613346099854e-02
1.519975513219833374e-01
-2.462334036827087402e-01
-8.610835671424865723e-02
2.117350250482559204e-01
3.676367923617362976e-02
-4.324617609381675720e-02
1.357657760381698608e-01
1.219317782670259476e-02
-1.111429743468761444e-02
-2.309113293886184692e-01
2.168489545583724976e-01
-1.217690855264663696e-01
-5.560025945305824280e-02
7.099492847919464111e-02
-1.572490483522415161e-01
6.735914945602416992e-02
-8.867590129375457764e-02
-8.132256567478179932e-03
-1.755039952695369720e-02
-4.342426359653472900e-02
1.981238834559917450e-02
-4.281068220734596252e-02
5.737167224287986755e-02
-2.105736546218395233e-02
8.714681863784790039e-02
-5.263431929051876068e-03
1.355798393487930298e-01
-4.263712617103010416e-04
7.489414513111114502e-02
1.740176677703857422e-01
-7.588999718427658081e-02
8.385504782199859619e-02
6.855230778455734253e-02
2.381692379713058472e-01
3.138035535812377930e-02
-8.320109546184539795e-02
7.356023788452148438e-02
1.112429946660995483e-01
-7.528200745582580566e-02
2.943533957004547119e-01
1.846513450145721436e-01
-2.614857852458953857e-01
1.001808196306228638e-01
-3.046735376119613647e-02
5.466307327151298523e-02
-1.281067132949829102e-01
6.033104285597801208e-02
8.768852055072784424e-02
-9.629997611045837402e-02
2.130117034539580345e-03
-2.107231914997100830e-01
-5.969077721238136292e-02
-1.624642759561538696e-01
