4.060095176100730896e-02
2.753902375698089600e-01
1.195715218782424927e-01
4.102499037981033325e-02
-1.861303597688674927e-01
-6.376136094331741333e-02
2.101777307689189911e-02
3.524212865158915520e-03
9.277655743062496185e-03
1.216641161590814590e-02
9.290754795074462891e-03
8.716734126210212708e-03
1.663039322011172771e-03
-5.941923242062330246e-03
-2.289992943406105042e-02
1.844644695520401001e-01
-6.419549882411956787e-02
8.986283838748931885e-02
6.420504301786422729e-02
4.017659276723861694e-02
3.251093626022338867e-02
2.163170650601387024e-02
2.140765544027090073e-03
5.200905725359916687e-03
1.298179384320974350e-02
1.227900851517915726e-02
4.522098973393440247e-02
1.416882574558258057e-01
-1.226416230201721191e-01
-5.271951481699943542e-02
1.881235279142856598e-02
1.117418408393859863e-01
-2.869512438774108887e-01
