9.170515090227127075e-02
1.095931977033615112e-01
2.106468379497528076e-01
2.608528137207031250e-01
-2.025960087776184082e-01
1.712787300348281860e-01
-9.043022990226745605e-02
-6.291045993566513062e-02
-1.974382400512695312e-01
6.869406998157501221e-02
-8.891630917787551880e-03
-2.776493132114410400e-02
3.215835690498352051e-01
6.220426782965660095e-02
9.140557795763015747e-02
1.552305966615676880e-01
4.464233666658401489e-02
-7.803364098072052002e-02
-2.594243176281452179e-02
-2.501959204673767090e-01
-1.356430351734161377e-01
8.446527272462844849e-02
6.093995645642280579e-02
-1.231343969702720642e-01
9.672891348600387573e-02
7.840567268431186676e-03
-1.072485297918319702e-01
1.618279963731765747e-01
-1.389424204826354980e-01
9.235569834709167480e-02
-4.302416369318962097e-02
5.030450411140918732e-04
1.876430027186870575e-02
-3.555569425225257874e-02
2.706459164619445801e-02
-2.922432962805032730e-03
-2.805441617965698242e-02
5.559134855866432190e-02
-4.486107081174850464e-02
-8.488784544169902802e-03
4.388219863176345825e-02
3.262053802609443665e-02
-8.414407819509506226e-02
-9.665874391794204712e-02
-1.233356148004531860e-01
-5.321589112281799316e-02
1.140156313776969910e-01
-2.210660576820373535e-01
-3.769923448562622070e-01
-1.057319641113281250e-01
2.150360029190778732e-03
3.485058993101119995e-02
1.449721902608871460e-01
-5.358990281820297241e-02
-1.049436181783676147e-01
-5.510458350181579590e-02
-2.745890617370605469e-01
1.246986016631126404e-01
2.868239283561706543e-01
1.424225978553295135e-02
3.521607443690299988e-02
1.009015291929244995e-01
-5.107999313622713089e-04
8.865747600793838501e-02
-5.846491828560829163e-02
