-3.175724744796752930e-01
1.764793843030929565e-01
-1.079649776220321655e-01
-9.222639352083206177e-02
-1.926770955324172974e-01
-1.063109785318374634e-01
-1.191118732094764709e-01
1.690608710050582886e-01
-8.492325991392135620e-02
-2.877018228173255920e-02
2.469702623784542084e-03
-1.538056433200836182e-01
9.078584611415863037e-03
-1.128632426261901855e-01
-5.686976760625839233e-02
-8.146686106920242310e-02
-7.054933160543441772e-02
6.340131908655166626e-02
7.055638730525970459e-02
1.858173608779907227e-01
1.690312474966049194e-01
4.202111810445785522e-02
1.169239059090614319e-01
2.029777169227600098e-01
1.233249716460704803e-02
1.601182669401168823e-02
-4.363195225596427917e-02
1.116126626729965210e-01
8.236906677484512329e-02
-1.822929270565509796e-02
-3.893881142139434814e-01
1.247897818684577942e-01
1.358804851770401001e-01
