-5.955246463418006897e-02
3.916811943054199219e-02
1.140297427773475647e-01
-3.132628500461578369e-01
-1.637575477361679077e-01
-3.629178926348686218e-02
9.795650839805603027e-02
-5.759078636765480042e-02
3.058000802993774414e-01
-1.058695986866950989e-01
1.093766093254089355e-01
-1.300095468759536743e-01
8.689668029546737671e-02
-2.958534285426139832e-02
-1.340345107018947601e-02
3.628401830792427063e-02
-4.519310221076011658e-02
4.567099362611770630e-02
-4.890178143978118896e-02
3.699561581015586853e-02
-2.997229993343353271e-02
3.842583671212196350e-02
-4.464781843125820160e-03
-8.978125452995300293e-02
-1.434613913297653198e-01
2.202851930633187294e-03
2.549594938755035400e-01
2.337140031158924103e-02
-7.513270527124404907e-02
-7.618639618158340454e-02
2.673327624797821045e-01
8.245508372783660889e-02
-2.647007107734680176e-01
