-3.409631550312042236e-02
1.776473969221115112e-01
-3.656649217009544373e-02
-3.089387118816375732e-01
6.049875542521476746e-02
4.198142886161804199e-02
1.068081986159086227e-02
-7.220286875963211060e-03
-4.824273288249969482e-03
-1.554031763225793839e-02
-2.505602315068244934e-02
-2.857146412134170532e-02
-4.059138521552085876e-02
-6.471531093120574951e-02
-9.355450421571731567e-02
5.306362733244895935e-02
-1.703858971595764160e-01
1.898355036973953247e-02
-4.323142580687999725e-03
-7.803853601217269897e-03
-1.070827152580022812e-02
-9.679283015429973602e-03
-1.068844925612211227e-02
-9.469082579016685486e-03
-1.484474260360002518e-02
1.751855202019214630e-02
-5.197740718722343445e-02
-1.476207822561264038e-01
3.375329822301864624e-02
-1.257354021072387695e-01
2.401555180549621582e-01
1.056494936347007751e-01
4.638418182730674744e-02
