6.959041929803788662e-04
-6.423502415418624878e-02
1.511196047067642212e-01
1.364276651293039322e-02
2.920041605830192566e-02
2.380808740854263306e-01
-1.478486508131027222e-01
1.113382354378700256e-01
5.052229389548301697e-03
-1.902611255645751953e-01
3.051040135324001312e-02
5.764247849583625793e-02
1.522487848997116089e-01
-2.459256500005722046e-01
-8.538632839918136597e-02
2.132168561220169067e-01
3.904603049159049988e-02
-3.934329003095626831e-02
1.405898928642272949e-01
1.161993201822042465e-02
-1.715374737977981567e-02
-2.077757716178894043e-01
3.100474476814270020e-01
4.204301536083221436e-02
2.059018015861511230e-01
3.949061930179595947e-01
1.328581720590591431e-01
3.601552248001098633e-01
1.569561958312988281e-01
1.675909608602523804e-01
1.027105003595352173e-01
-4.524958133697509766e-02
-6.755872070789337158e-02
-1.758698225021362305e-01
-3.417736291885375977e-02
-1.526845097541809082e-01
-3.820998221635818481e-02
-3.170924633741378784e-02
7.645946741104125977e-02
-1.386556923389434814e-01
-1.678871922194957733e-02
1.175139173865318298e-01
-1.481674164533615112e-01
5.021662265062332153e-02
8.778265118598937988e-02
2.651507556438446045e-01
4.052581265568733215e-02
-8.609948307275772095e-02
6.911516934633255005e-02
1.087041571736335754e-01
-7.654885202646255493e-02
2.933898568153381348e-01
1.839047521352767944e-01
-2.620594501495361328e-01
9.968983381986618042e-02
-3.069234266877174377e-02
5.462268739938735962e-02
-1.281092613935470581e-01
6.033101305365562439e-02
8.768852055072784424e-02
-9.629997611045837402e-02
2.130117034539580345e-03
-2.107231914997100830e-01
-5.969077721238136292e-02
-1.624642759561538696e-01
