2.680861353874206543e-01
6.200797855854034424e-02
1.012769490480422974e-01
1.038782596588134766e-01
-1.217143759131431580e-01
-5.967220291495323181e-02
2.531511187553405762e-01
8.723308145999908447e-02
-4.710051417350769043e-02
9.027542918920516968e-02
3.147295713424682617e-01
4.928645864129066467e-02
-1.774057000875473022e-01
-7.140785455703735352e-02
-2.571191079914569855e-02
-2.227050215005874634e-01
-1.479137539863586426e-01
2.227803468704223633e-01
1.693323403596878052e-01
4.772710427641868591e-02
-1.412465870380401611e-01
-1.487302780151367188e-01
1.823389083147048950e-01
1.181033030152320862e-01
6.675194017589092255e-04
5.585528537631034851e-02
4.288578033447265625e-02
4.088147729635238647e-02
6.340306252241134644e-02
7.016503810882568359e-02
5.036317557096481323e-02
1.415976136922836304e-01
-3.405970335006713867e-02
6.544025987386703491e-02
-9.469067305326461792e-02
-1.356156319379806519e-01
-4.634127020835876465e-02
-2.696308791637420654e-01
-8.973597735166549683e-02
-1.034853160381317139e-01
-1.835663616657257080e-01
-1.024668291211128235e-01
-3.115166909992694855e-02
-9.059658646583557129e-02
1.750547289848327637e-01
5.793547630310058594e-02
-2.384316623210906982e-01
-3.519317507743835449e-02
2.644763886928558350e-01
-2.706209421157836914e-01
1.792194247245788574e-01
1.941593885421752930e-01
-3.443087264895439148e-02
1.264755707234144211e-02
-2.544853985309600830e-01
-4.511216282844543457e-02
-5.634320899844169617e-02
-8.420524746179580688e-02
1.889869570732116699e-01
2.098936587572097778e-01
-2.149177640676498413e-01
2.365002222359180450e-02
1.594782918691635132e-01
6.454147398471832275e-02
5.150086060166358948e-02
