7.355236262083053589e-02
1.785158812999725342e-01
1.518772095441818237e-01
3.770101070404052734e-02
-3.073002770543098450e-02
-2.057160735130310059e-01
-1.741634309291839600e-01
-7.624455261975526810e-03
-9.889081120491027832e-02
1.688476502895355225e-01
1.843528002500534058e-01
1.302760443650186062e-03
6.553255021572113037e-03
1.616494264453649521e-03
3.601934760808944702e-03
1.716081867925822735e-03
2.922983607277274132e-03
3.212076611816883087e-03
2.334725577384233475e-03
6.710358866257593036e-05
6.443867459893226624e-03
4.130497574806213379e-03
5.294596776366233826e-03
2.614809432998299599e-03
6.384461186826229095e-03
6.464198697358369827e-03
8.289485238492488861e-03
1.060277596116065979e-02
1.190025359392166138e-02
1.207825634628534317e-02
9.988926351070404053e-03
2.774681523442268372e-02
1.241107508540153503e-01
-3.860190138220787048e-02
-1.381966006010770798e-02
-2.671609399840235710e-03
-5.299850454321131110e-05
1.645623240619897842e-03
3.084038617089390755e-03
3.496596356853842735e-03
2.864836249500513077e-03
4.105797503143548965e-03
1.709965406917035580e-03
-6.327279261313378811e-04
-2.409049338893964887e-04
-1.122948015108704567e-03
7.321165176108479500e-04
3.109398996457457542e-03
-4.435125272721052170e-03
3.378735156729817390e-03
5.265913438051939011e-03
5.593434441834688187e-03
-3.855337854474782944e-03
-5.019882693886756897e-03
-4.574609454721212387e-03
-5.011480767279863358e-03
4.555298388004302979e-02
2.002073228359222412e-01
7.333178073167800903e-02
1.566392928361892700e-01
1.702033579349517822e-01
-2.064827531576156616e-01
-1.655114740133285522e-01
-9.598987549543380737e-02
-1.109627634286880493e-01
