-5.127566307783126831e-02
1.235993728041648865e-01
-2.383715473115444183e-02
1.973801404237747192e-01
-1.437397897243499756e-01
-2.517393529415130615e-01
-1.434019654989242554e-01
-8.444921672344207764e-02
2.037064358592033386e-02
-4.570722952485084534e-02
-8.471732586622238159e-02
6.044086813926696777e-02
-1.734222657978534698e-02
-7.913473993539810181e-03
8.297846652567386627e-03
-1.717454195022583008e-02
1.178976055234670639e-02
-8.474728092551231384e-03
1.022411510348320007e-02
-2.312029479071497917e-03
4.160078242421150208e-03
-2.519604517146945000e-03
2.288636937737464905e-02
-6.624283641576766968e-02
2.385744452476501465e-01
1.797587126493453979e-01
-2.299310415983200073e-01
2.254620566964149475e-02
-2.529604732990264893e-01
-1.130510792136192322e-01
-2.204712778329849243e-01
-1.851896345615386963e-01
6.737544201314449310e-03
