1.577375642955303192e-02
-1.093995273113250732e-01
-5.839014798402786255e-02
7.836580276489257812e-02
4.796075075864791870e-02
-1.255741249769926071e-02
-9.631980210542678833e-03
1.641182452440261841e-01
1.789959073066711426e-01
1.639257967472076416e-01
-1.788268834352493286e-01
-6.891948729753494263e-02
-5.249989405274391174e-02
1.754009127616882324e-01
1.489816606044769287e-01
-1.130552068352699280e-01
-1.767997145652770996e-01
-1.406041234731674194e-01
-8.808782696723937988e-02
-5.693373829126358032e-02
6.199867278337478638e-02
1.204728335142135620e-01
-5.301462486386299133e-02
-8.495460450649261475e-02
7.245016098022460938e-02
-2.509541809558868408e-02
-3.600865975022315979e-02
3.627507388591766357e-02
-3.508273139595985413e-02
7.196145597845315933e-03
9.935190901160240173e-04
-2.920261770486831665e-02
4.077504575252532959e-02
-5.149167403578758240e-02
6.807171553373336792e-02
-6.173429638147354126e-02
6.240935251116752625e-02
-3.157731518149375916e-02
9.866721928119659424e-03
4.086206480860710144e-02
-6.345631927251815796e-02
1.176277026534080505e-01
-1.132716611027717590e-01
7.848460972309112549e-02
4.156500473618507385e-02
-4.831779748201370239e-02
-8.375494927167892456e-02
5.150392651557922363e-02
8.907418698072433472e-02
4.774913564324378967e-02
2.610706686973571777e-01
-3.857943415641784668e-02
-2.428397089242935181e-01
8.302409946918487549e-02
-2.581057548522949219e-01
1.226185932755470276e-01
8.498077094554901123e-02
6.765980739146471024e-03
5.838667228817939758e-02
6.712509691715240479e-02
1.058021560311317444e-03
-3.004406392574310303e-02
1.776458472013473511e-01
2.214665897190570831e-02
-4.321092739701271057e-02
