-3.751078248023986816e-02
1.309897601604461670e-01
-3.845027834177017212e-02
1.876769065856933594e-01
-1.690917164087295532e-01
2.641557529568672180e-02
-1.693453788757324219e-01
1.582594662904739380e-01
-1.228264421224594116e-01
-5.400772020220756531e-02
-1.345937848091125488e-01
-7.559518516063690186e-02
3.292660042643547058e-02
6.422915961593389511e-03
9.811472147703170776e-03
5.696175154298543930e-03
-4.128491564188152552e-04
6.965696811676025391e-04
-1.624483411433175206e-04
5.679156747646629810e-04
-7.346372585743665695e-04
3.622024087235331535e-04
-4.254671803209930658e-04
2.677240408957004547e-04
-2.231367689091712236e-04
5.917875569139141589e-06
-1.784772175597026944e-04
5.261991755105555058e-04
4.305075563024729490e-04
4.838277527596801519e-05
1.768673973856493831e-04
2.852454315871000290e-03
-1.270343782380223274e-04
-1.167703769169747829e-03
-8.982592407846823335e-05
-4.695533716585487127e-04
-2.305981906829401851e-04
-2.009615855058655143e-04
4.163979319855570793e-04
6.695396732538938522e-04
1.953452447196468711e-04
-3.103721828665584326e-04
-1.813131268136203289e-03
-6.519408780150115490e-04
-1.362531747872708365e-05
1.263067126274108887e-03
7.961724768392741680e-04
-4.664997104555368423e-03
6.325517460936680436e-05
1.348238065838813782e-02
2.310874126851558685e-02
-1.114244945347309113e-02
-1.188745200634002686e-01
2.516120113432407379e-02
1.741472072899341583e-02
1.321673952043056488e-02
-2.046875096857547760e-02
1.233171373605728149e-01
3.369091451168060303e-01
-1.245307698845863342e-01
-2.202061116695404053e-01
3.364823386073112488e-02
5.673604458570480347e-02
-4.693575948476791382e-02
-2.258341759443283081e-01
