-9.587533771991729736e-02
-9.637811034917831421e-02
-5.694390088319778442e-02
-1.270856112241744995e-01
4.728047177195549011e-02
-2.349623292684555054e-01
8.443751186132431030e-02
-8.396644890308380127e-02
3.516184985637664795e-01
-1.735797971487045288e-01
2.268158495426177979e-01
-2.144194543361663818e-01
9.307024627923965454e-02
2.841861359775066376e-02
1.746206730604171753e-01
-5.936655215919017792e-03
3.182139992713928223e-02
-2.012833505868911743e-01
-1.048914268612861633e-01
2.673645615577697754e-01
4.189969971776008606e-02
-1.152460798621177673e-01
1.240454334765672684e-02
5.001152306795120239e-02
1.888396800495684147e-03
-1.345279514789581299e-01
6.675543636083602905e-02
-4.489918053150177002e-02
1.551673188805580139e-02
-3.149124979972839355e-02
2.806101180613040924e-02
-3.957750275731086731e-02
3.853034228086471558e-02
-4.107632115483283997e-02
4.221468791365623474e-02
1.796195842325687408e-02
-6.477040797472000122e-02
1.373337954282760620e-01
-1.249150410294532776e-01
1.284179389476776123e-01
-1.345552951097488403e-01
1.832218170166015625e-01
2.495770342648029327e-02
-2.235670536756515503e-01
-1.456672996282577515e-01
6.654398515820503235e-03
2.028684765100479126e-01
-6.659178435802459717e-02
3.073050407692790031e-03
-1.235529780387878418e-01
7.198543287813663483e-03
1.660999059677124023e-01
2.206827700138092041e-01
-1.106370985507965088e-01
1.269592493772506714e-01
6.655213981866836548e-02
2.237745970487594604e-01
-3.627714216709136963e-01
1.367810517549514771e-01
8.962330222129821777e-02
4.534547030925750732e-02
4.467700421810150146e-02
1.511083394289016724e-01
-1.445896327495574951e-01
-8.778146654367446899e-02
