-3.751078248023986816e-02
1.309897601604461670e-01
-3.845027834177017212e-02
1.876769065856933594e-01
-1.690917164087295532e-01
2.641557529568672180e-02
-1.693453788757324219e-01
1.582594662904739380e-01
-1.228264421224594116e-01
-5.400772020220756531e-02
-1.345937848091125488e-01
-6.153446808457374573e-02
7.190743461251258850e-03
2.822591923177242279e-03
-1.806442975066602230e-03
4.516745917499065399e-03
6.480643642134964466e-04
2.158695599064230919e-03
-1.737624756060540676e-03
1.448301831260323524e-03
4.623259010259062052e-04
1.157211881945841014e-04
-2.914995711762458086e-04
-2.308609691681340337e-04
3.018446150235831738e-04
7.214502547867596149e-04
1.874353038147091866e-04
1.119240419939160347e-03
8.765444508753716946e-04
1.594078028574585915e-03
2.164828823879361153e-03
-5.152396857738494873e-03
4.378648940473794937e-03
-2.097516087815165520e-03
-9.439863497391343117e-04
2.037180674960836768e-04
-7.767155766487121582e-04
-7.638477254658937454e-04
1.033091975841671228e-04
-3.650529833976179361e-05
-6.396696553565561771e-04
2.424746635369956493e-04
9.965718491002917290e-04
-1.922874362207949162e-03
-2.562288893386721611e-03
-2.769153506960719824e-04
5.508292233571410179e-04
2.676456235349178314e-03
3.161924425512552261e-03
-3.023647936061024666e-03
-3.392023965716362000e-03
-3.745666891336441040e-02
-8.169589191675186157e-02
-9.750206023454666138e-03
1.741472072899341583e-02
1.321673952043056488e-02
-2.046875096857547760e-02
1.233171373605728149e-01
3.369091451168060303e-01
-1.245307698845863342e-01
-2.202061116695404053e-01
3.364823386073112488e-02
5.673604458570480347e-02
-4.693575948476791382e-02
-2.258341759443283081e-01
