3.699173033237457275e-02
-1.403973698616027832e-01
-2.467773482203483582e-02
-2.234657406806945801e-01
2.542144060134887695e-01
1.248586624860763550e-01
1.105348169803619385e-01
2.776932902634143829e-02
-6.785785406827926636e-02
-1.202089563012123108e-01
-1.982472985982894897e-01
-5.145505815744400024e-02
1.314809173345565796e-01
1.769940136000514030e-03
4.013870842754840851e-03
-6.849575438536703587e-04
2.405174309387803078e-03
-7.052288856357336044e-04
-1.485241577029228210e-03
-1.935144187882542610e-03
-1.760996528901159763e-03
-6.986056105233728886e-04
-6.088349036872386932e-04
-2.692217007279396057e-03
-2.392470603808760643e-03
-2.716392278671264648e-03
-1.250477973371744156e-03
-2.960211597383022308e-03
-5.713637452572584152e-03
-1.006311178207397461e-02
-1.598605886101722717e-02
4.154539108276367188e-02
-1.193340588361024857e-02
1.261388976126909256e-02
1.015857607126235962e-02
7.116792257875204086e-03
5.184640176594257355e-03
3.763473592698574066e-03
2.697512041777372360e-03
2.029990544542670250e-03
2.197375055402517319e-03
2.471855143085122108e-03
7.124192779883742332e-04
1.338526722975075245e-03
1.592498389072716236e-03
1.435065292753279209e-03
1.467777416110038757e-03
1.989971846342086792e-03
3.076163819059729576e-03
-1.836500479839742184e-03
4.114299267530441284e-02
-3.994821570813655853e-03
1.782534569501876831e-01
-4.735482856631278992e-02
2.585940808057785034e-02
-8.540938049554824829e-02
2.960073947906494141e-01
-7.177843153476715088e-02
-2.522598765790462494e-02
3.468364477157592773e-02
-1.995783001184463501e-01
-1.483278572559356689e-01
3.032285487279295921e-03
-1.628213822841644287e-01
-1.182552427053451538e-01
