4.060095176100730896e-02
2.753902375698089600e-01
1.195715218782424927e-01
2.196844667196273804e-01
-3.383755087852478027e-01
-4.517711102962493896e-01
-2.503826655447483063e-02
2.709039021283388138e-03
-1.145279593765735626e-02
-5.587196908891201019e-03
-5.814676173031330109e-03
-8.029600605368614197e-03
-1.049260795116424561e-02
-1.475988607853651047e-02
-2.443564496934413910e-02
5.648442357778549194e-02
-5.072541534900665283e-02
8.353886008262634277e-02
8.261393755674362183e-02
3.824707865715026855e-02
2.028064802289009094e-02
1.830219663679599762e-02
1.378094498068094254e-02
1.473376061767339706e-02
1.096925232559442520e-02
-2.067132890224456787e-01
1.456356197595596313e-01
1.215742006897926331e-01
-6.796724349260330200e-02
-5.271951481699943542e-02
1.881235279142856598e-02
1.117418408393859863e-01
-2.869512438774108887e-01
