4.907568171620368958e-02
-1.859788745641708374e-01
-3.227306902408599854e-02
-2.760249376296997070e-01
3.177571892738342285e-01
1.123621165752410889e-01
2.952692657709121704e-02
1.769595406949520111e-02
9.536668658256530762e-03
1.022143755108118057e-02
1.244339440017938614e-02
1.256194058805704117e-02
5.844276398420333862e-03
-1.778894569724798203e-03
-2.517312578856945038e-02
2.004282623529434204e-01
-7.425997406244277954e-02
1.117369383573532104e-01
7.543630897998809814e-02
5.009303614497184753e-02
3.495783358812332153e-02
2.655129507184028625e-02
2.048350125551223755e-02
1.304539293050765991e-02
2.041863277554512024e-02
5.164946988224983215e-02
1.017645820975303650e-01
1.359981149435043335e-01
4.200920090079307556e-02
-5.005538836121559143e-02
-1.158898789435625076e-02
6.965845823287963867e-02
-2.548088729381561279e-01
