-1.610659807920455933e-02
-4.226920660585165024e-03
1.624897271394729614e-01
6.717372220009565353e-03
9.508066624402999878e-02
-1.338701695203781128e-01
1.172767803072929382e-01
2.485679686069488525e-01
2.605077624320983887e-01
-2.515116035938262939e-01
1.417268067598342896e-01
-2.655808031558990479e-01
7.010532170534133911e-02
-1.945494264364242554e-01
5.311832204461097717e-02
-9.241678565740585327e-02
5.696821212768554688e-02
4.765727226185845211e-06
5.648361891508102417e-02
5.767362937331199646e-02
-4.820069763809442520e-03
1.191809400916099548e-01
-4.251916706562042236e-02
-5.906466394662857056e-02
7.538482546806335449e-02
-2.400757223367691040e-01
-2.114073932170867920e-02
2.522277534008026123e-01
-8.402079343795776367e-03
-7.983439415693283081e-02
-3.693880140781402588e-02
1.797669082880020142e-01
8.157270401716232300e-02
