-9.587533771991729736e-02
-9.637811779975891113e-02
-5.698948353528976440e-02
-1.340079158544540405e-01
-2.320061810314655304e-02
-3.273839652538299561e-01
-7.890171371400356293e-03
-1.565575897693634033e-01
3.059425652027130127e-01
-2.116176933050155640e-01
1.788892298936843872e-01
-2.712938189506530762e-01
2.167174592614173889e-02
-8.221842348575592041e-02
2.612233348190784454e-02
-1.506963819265365601e-01
-7.751049101352691650e-02
-3.557009994983673096e-01
-3.615575134754180908e-01
-1.495932508260011673e-02
-2.177361547946929932e-01
-3.513025939464569092e-01
-2.038108557462692261e-01
-1.515670418739318848e-01
-2.113290280103683472e-01
-2.647792100906372070e-01
-6.015388667583465576e-02
-1.484017372131347656e-01
-1.255174279212951660e-01
-1.122302412986755371e-01
5.697448551654815674e-02
-1.102627720683813095e-05
2.430172450840473175e-02
5.020608007907867432e-02
1.501256078481674194e-01
-3.337190300226211548e-02
-3.347728401422500610e-02
1.535165160894393921e-01
-1.732646971940994263e-01
5.149717256426811218e-02
-1.884528547525405884e-01
8.721493929624557495e-02
-6.975935399532318115e-02
-2.212224751710891724e-01
-9.730880707502365112e-02
-5.333324149250984192e-02
3.623181954026222229e-02
-2.202799171209335327e-01
-9.165235608816146851e-02
-2.008078098297119141e-01
-5.920864269137382507e-02
1.481443792581558228e-01
2.340257912874221802e-01
-1.275534927845001221e-01
7.911354303359985352e-02
3.116956353187561035e-02
2.197133302688598633e-01
-3.315001428127288818e-01
1.948506534099578857e-01
1.319457441568374634e-01
4.637695103883743286e-02
4.468081519007682800e-02
1.511083394289016724e-01
-1.445896327495574951e-01
-8.778146654367446899e-02
