-1.299472805112600327e-02
-3.409307450056076050e-03
1.311003118753433228e-01
5.419589113444089890e-03
7.677470892667770386e-02
-1.071466580033302307e-01
9.913288056850433350e-02
2.145825624465942383e-01
2.341967672109603882e-01
-1.977953165769577026e-01
8.300269395112991333e-02
-1.855769902467727661e-01
1.076776087284088135e-01
-2.352562695741653442e-01
1.016301512718200684e-01
-1.118300668895244598e-02
-1.360851246863603592e-02
1.467449069023132324e-01
-9.234129637479782104e-02
-4.422124847769737244e-02
4.757057130336761475e-02
-6.894954480230808258e-03
5.772147793322801590e-03
-1.531206909567117691e-02
1.919565163552761078e-02
-1.386678032577037811e-02
1.473061833530664444e-02
-1.753596588969230652e-02
1.812240295112133026e-02
-1.899031177163124084e-02
1.890999637544155121e-02
-1.493996195495128632e-02
9.927441366016864777e-03
-5.975129548460245132e-03
-3.222697647288441658e-03
4.476150497794151306e-03
-1.277409214526414871e-02
3.478038823232054710e-03
1.421684771776199341e-02
-5.364946648478507996e-02
8.144026994705200195e-02
-8.113094419240951538e-02
8.045556955039501190e-03
8.206540346145629883e-02
-6.068731844425201416e-02
-3.819670900702476501e-02
-1.550529338419437408e-02
1.324889808893203735e-01
-4.143659025430679321e-02
1.075779944658279419e-01
1.561920857056975365e-03
-3.580294176936149597e-02
2.386689633131027222e-01
3.812817856669425964e-02
-1.518891304731369019e-01
2.071996480226516724e-01
4.719525203108787537e-02
-3.976675868034362793e-02
2.469373047351837158e-01
-3.867837786674499512e-02
6.158608198165893555e-02
-3.557468065991997719e-03
2.977666258811950684e-02
4.678497556596994400e-03
8.067430555820465088e-02
