7.740476634353399277e-03
1.376772075891494751e-01
1.132325679063796997e-01
1.527820229530334473e-01
-4.484416916966438293e-02
-2.454796247184276581e-02
-1.706079244613647461e-01
2.045436799526214600e-01
-1.463665626943111420e-02
-1.856123059988021851e-01
-6.254254840314388275e-03
-8.882900327444076538e-02
7.959181815385818481e-02
-6.454829126596450806e-03
-5.802571773529052734e-03
-6.384689826518297195e-03
-4.763576202094554901e-03
-3.065912751480937004e-03
-3.215638455003499985e-03
-4.016615450382232666e-03
-4.388581030070781708e-03
-5.107279866933822632e-03
-5.195393227040767670e-03
-5.846095737069845200e-03
-7.844585925340652466e-03
-9.201744571328163147e-03
-1.176518760621547699e-02
-1.187240425497293472e-02
-1.640954054892063141e-02
-2.525953203439712524e-02
-3.524870425462722778e-02
1.775281317532062531e-02
-6.890105456113815308e-02
3.554712235927581787e-02
2.167563512921333313e-02
1.055963616818189621e-02
8.275405503809452057e-03
4.921253304928541183e-03
3.860595868900418282e-03
3.411363344639539719e-03
2.934083808213472366e-03
1.408484880812466145e-03
7.902874494902789593e-04
1.431113574653863907e-03
1.461141393519937992e-03
1.579524978296831250e-04
2.705216407775878906e-03
2.409663575235754251e-04
-8.946327143348753452e-04
-9.626922546885907650e-04
2.247118158265948296e-03
-3.383693099021911621e-02
-1.038562729954719543e-01
-1.809184700250625610e-01
1.812352240085601807e-01
7.000202685594558716e-02
7.598860561847686768e-02
-1.287612915039062500e-01
9.719900041818618774e-02
-2.247738093137741089e-01
-2.705523073673248291e-01
-8.501808345317840576e-02
-9.390077739953994751e-02
-1.268851459026336670e-01
3.290667012333869934e-02
