-9.587533771991729736e-02
-9.637811034917831421e-02
-5.694390088319778442e-02
-1.270856112241744995e-01
4.728047177195549011e-02
-2.349623292684555054e-01
8.443751186132431030e-02
-8.396644890308380127e-02
3.516184985637664795e-01
-1.735798120498657227e-01
2.268151044845581055e-01
-2.144285291433334351e-01
9.302768111228942871e-02
2.827460877597332001e-02
1.742474734783172607e-01
-6.637892220169305801e-03
3.075165674090385437e-02
-2.039722055196762085e-01
-1.145390793681144714e-01
2.453975081443786621e-01
8.505742065608501434e-03
-1.621050685644149780e-01
-6.435441970825195312e-02
-5.933596938848495483e-02
-9.995669126510620117e-02
-2.254731059074401855e-01
-6.643179059028625488e-02
-1.941035836935043335e-01
-9.747397154569625854e-02
-1.227713003754615784e-01
-2.912913821637630463e-02
-3.789928928017616272e-02
8.751550316810607910e-02
3.913161158561706543e-02
1.399237066507339478e-01
1.605543494224548340e-01
7.525763660669326782e-02
2.413217574357986450e-01
-5.051496438682079315e-03
2.397309839725494385e-01
-7.241200655698776245e-02
2.161104679107666016e-01
6.617805361747741699e-02
-1.739110201597213745e-01
-1.109734624624252319e-01
2.039482630789279938e-02
2.057489752769470215e-01
-6.589107960462570190e-02
3.744232701137661934e-03
-1.232323050498962402e-01
7.231605239212512970e-03
1.660878360271453857e-01
2.206789851188659668e-01
-1.106360256671905518e-01
1.269605010747909546e-01
6.655238568782806396e-02
2.237745821475982666e-01
-3.627714216709136963e-01
1.367810517549514771e-01
8.962330222129821777e-02
4.534547030925750732e-02
4.467700421810150146e-02
1.511083394289016724e-01
-1.445896327495574951e-01
-8.778146654367446899e-02
