3.699173033237457275e-02
-1.403973698616027832e-01
-2.467773482203483582e-02
-2.234657406806945801e-01
2.542144060134887695e-01
1.248586624860763550e-01
1.105348169803619385e-01
2.776932902634143829e-02
-6.785785406827926636e-02
-1.202089563012123108e-01
-1.982472985982894897e-01
-4.580056667327880859e-02
1.257618367671966553e-01
3.095161868259310722e-03
-4.105928819626569748e-03
6.162747740745544434e-03
-3.958937886636704206e-04
2.329242648556828499e-03
2.374335890635848045e-04
1.627385965548455715e-03
1.111961435526609421e-03
-1.857526949606835842e-03
-4.694258677773177624e-04
2.294124336913228035e-03
-1.449382398277521133e-03
-4.298499319702386856e-03
-3.484158311039209366e-03
-5.187354516237974167e-03
-1.205375511199235916e-02
-2.205174043774604797e-02
-4.774215072393417358e-02
1.398515403270721436e-01
-1.961903944902587682e-05
2.843061275780200958e-02
2.420391142368316650e-02
2.020926214754581451e-02
1.834588684141635895e-02
1.408159080892801285e-02
1.065238099545240402e-02
7.492029573768377304e-03
7.472176570445299149e-03
5.156097467988729477e-03
6.656072568148374557e-03
8.790803141891956329e-03
3.174049779772758484e-03
7.074655033648014069e-03
4.897624254226684570e-03
6.347570568323135376e-03
1.997762592509388924e-03
3.051712876185774803e-03
3.858028911054134369e-03
-5.132925696671009064e-03
1.779337376356124878e-01
-4.697189480066299438e-02
2.585940808057785034e-02
-8.540938049554824829e-02
2.960073947906494141e-01
-7.177843153476715088e-02
-2.522598765790462494e-02
3.468364477157592773e-02
-1.995783001184463501e-01
-1.483278572559356689e-01
3.032285487279295921e-03
-1.628213822841644287e-01
-1.182552427053451538e-01
