-3.013962209224700928e-01
2.043159008026123047e-01
-8.335502445697784424e-02
-7.697792351245880127e-02
-1.925477236509323120e-01
-1.134220883250236511e-01
-1.195494383573532104e-01
1.812245398759841919e-01
-6.191645935177803040e-02
1.995359314605593681e-03
4.314202442765235901e-02
-7.697568275034427643e-03
2.825751304626464844e-01
7.701119035482406616e-02
2.443394809961318970e-02
-2.100465893745422363e-01
-4.777036979794502258e-02
2.123774886131286621e-01
-1.529832929372787476e-01
1.843108981847763062e-01
1.811404526233673096e-01
-1.085317432880401611e-01
1.849891431629657745e-02
1.446977555751800537e-01
-6.559779495000839233e-02
-5.528201535344123840e-02
-9.816014021635055542e-02
8.110982179641723633e-02
7.576522976160049438e-02
-1.406218204647302628e-02
-3.803284764289855957e-01
1.375581026077270508e-01
1.450418233871459961e-01
