-5.250939726829528809e-02
8.801982551813125610e-02
-4.859001934528350830e-02
-4.356253147125244141e-02
2.579020336270332336e-03
3.767066821455955505e-02
1.149548292160034180e-01
-2.295384407043457031e-01
9.028790146112442017e-02
9.382245689630508423e-02
1.012856960296630859e-01
-7.759366184473037720e-02
-4.930379800498485565e-03
-2.171468436717987061e-01
-1.568259447813034058e-01
-2.535586059093475342e-01
-1.335351914167404175e-01
3.187582194805145264e-01
7.838617265224456787e-02
-3.150704130530357361e-02
-1.568208485841751099e-01
1.200744509696960449e-01
1.479210406541824341e-01
-2.189453244209289551e-01
4.437169805169105530e-02
6.169956922531127930e-02
-1.227463707327842712e-01
1.125910133123397827e-01
-9.414251148700714111e-02
5.680843815207481384e-02
-3.263391554355621338e-02
-5.645378492772579193e-03
2.258767187595367432e-02
-3.954988345503807068e-02
4.784256592392921448e-02
-4.036810621619224548e-02
3.635732829570770264e-02
2.048201300203800201e-02
-6.303499639034271240e-02
1.834940910339355469e-01
-2.268481850624084473e-01
1.828841716051101685e-01
1.145399957895278931e-01
-2.902116179466247559e-01
2.063257060945034027e-02
-8.949167281389236450e-02
2.136858999729156494e-01
-7.787518203258514404e-02
2.303517162799835205e-01
-3.251997381448745728e-02
-9.749786555767059326e-02
1.807356625795364380e-01
-1.031976938247680664e-01
-1.570990681648254395e-01
1.760916560888290405e-01
-5.962709337472915649e-02
-6.397007405757904053e-02
-1.268177330493927002e-01
1.074859872460365295e-01
9.423083811998367310e-02
-9.563525766134262085e-02
-2.144573628902435303e-02
-1.325933188199996948e-01
-2.693081507459282875e-03
1.918355971574783325e-01
