9.170515090227127075e-02
1.095931977033615112e-01
2.106468379497528076e-01
2.608528137207031250e-01
-2.025960087776184082e-01
1.712787300348281860e-01
-9.043022990226745605e-02
-6.291045993566513062e-02
-1.974382400512695312e-01
6.869369745254516602e-02
-8.898050524294376373e-03
-2.781160734593868256e-02
3.214177489280700684e-01
6.183850020170211792e-02
9.078896790742874146e-02
1.543493121862411499e-01
4.351884499192237854e-02
-7.928652316331863403e-02
-2.732057869434356689e-02
-2.530861496925354004e-01
-1.461122035980224609e-01
6.076217070221900940e-02
2.272867783904075623e-02
-1.730257868766784668e-01
4.266148805618286133e-02
-5.060477554798126221e-02
-1.659578830003738403e-01
1.128817200660705566e-01
-1.838792264461517334e-01
6.766508519649505615e-02
-5.988044664263725281e-02
-1.329684909433126450e-02
3.004719689488410950e-02
-2.124017290771007538e-02
5.168671160936355591e-02
2.107858657836914062e-02
1.089957635849714279e-02
9.969309717416763306e-02
-3.022296540439128876e-02
3.094643354415893555e-02
1.088338866829872131e-01
5.455779284238815308e-02
-1.033646836876869202e-01
-1.147971600294113159e-01
-1.300319284200668335e-01
-5.397780984640121460e-02
1.165166497230529785e-01
-2.173891812562942505e-01
-3.739258646965026855e-01
-1.039013788104057312e-01
3.073966363444924355e-03
3.528892248868942261e-02
1.450930386781692505e-01
-5.361717194318771362e-02
-1.049705594778060913e-01
-5.509325861930847168e-02
-2.745772898197174072e-01
1.247011497616767883e-01
2.868241071701049805e-01
1.424226537346839905e-02
3.521607443690299988e-02
1.009015291929244995e-01
-5.107999313622713089e-04
8.865747600793838501e-02
-5.846491828560829163e-02
