1.024927850812673569e-02
1.823011338710784912e-01
1.499316990375518799e-01
2.021261304616928101e-01
-5.886451900005340576e-02
-4.145044460892677307e-02
-1.724940389394760132e-01
-6.650792900472879410e-03
-4.429954104125499725e-03
-6.963014136999845505e-03
-9.564289823174476624e-03
-1.725528575479984283e-02
-2.338806353509426117e-02
-3.622946515679359436e-02
-4.997183382511138916e-02
8.573608100414276123e-02
-1.322154998779296875e-01
7.034673541784286499e-02
4.317330196499824524e-02
2.376113086938858032e-02
1.410532183945178986e-02
8.026293478906154633e-03
4.847055301070213318e-03
-2.260409062728285789e-03
2.137830480933189392e-03
-2.643290720880031586e-02
3.177108168601989746e-01
-4.666149988770484924e-02
-5.359914153814315796e-02
-1.617123484611511230e-01
2.047066241502761841e-01
1.938951760530471802e-01
-2.169795781373977661e-01
