1.577375642955303192e-02
-1.093995273113250732e-01
-5.839014798402786255e-02
7.836580276489257812e-02
4.796075075864791870e-02
-1.255740784108638763e-02
-9.631801396608352661e-03
1.641206890344619751e-01
1.790081858634948730e-01
1.639489233493804932e-01
-1.787944138050079346e-01
-6.882661581039428711e-02
-5.224977061152458191e-02
1.759676486253738403e-01
1.499816626310348511e-01
-1.116246357560157776e-01
-1.749167740345001221e-01
-1.382923722267150879e-01
-8.172959089279174805e-02
-4.914833232760429382e-02
5.491706728935241699e-02
1.020446792244911194e-01
-3.027629479765892029e-02
-3.398460894823074341e-02
5.568728223443031311e-02
-1.909703016281127930e-02
3.954018000513315201e-03
1.005197875201702118e-02
-8.758503012359142303e-03
2.517503220587968826e-03
3.717815736308693886e-03
-1.177730131894350052e-02
2.850287221372127533e-02
-2.839091606438159943e-02
3.995891287922859192e-02
-4.324946179986000061e-02
4.212083294987678528e-02
-3.360447660088539124e-02
1.054156571626663208e-02
2.091043628752231598e-02
-6.679359078407287598e-02
1.104835271835327148e-01
-1.191663742065429688e-01
7.144780457019805908e-02
3.545897826552391052e-02
-5.149796977639198303e-02
-8.490759879350662231e-02
5.261898413300514221e-02
9.146773815155029297e-02
5.012828111648559570e-02
2.627889811992645264e-01
-3.761461004614830017e-02
-2.425272613763809204e-01
8.308109641075134277e-02
-2.580945193767547607e-01
1.226206496357917786e-01
8.498094975948333740e-02
6.765986327081918716e-03
5.838667228817939758e-02
6.712509691715240479e-02
1.058021560311317444e-03
-3.004406392574310303e-02
1.776458472013473511e-01
2.214665897190570831e-02
-4.321092739701271057e-02
