4.060095176100730896e-02
2.753902375698089600e-01
1.195715218782424927e-01
2.196844667196273804e-01
-3.383755087852478027e-01
-4.839922487735748291e-01
-2.293555624783039093e-02
3.287288825958967209e-03
-8.470253087580204010e-03
-3.761960892006754875e-03
-1.137252245098352432e-02
-1.365424878895282745e-02
-1.684189960360527039e-02
-3.116963617503643036e-02
-5.274857953190803528e-02
1.916169971227645874e-01
-1.041187644004821777e-01
1.032379046082496643e-01
7.423460483551025391e-02
4.819625988602638245e-02
3.536373749375343323e-02
2.634819783270359039e-02
1.956937648355960846e-02
1.492691226303577423e-02
1.928423158824443817e-02
-1.542787402868270874e-01
1.129481941461563110e-01
1.215742006897926331e-01
-6.796724349260330200e-02
-5.271951481699943542e-02
1.881235279142856598e-02
1.117418408393859863e-01
-2.869512438774108887e-01
