8.919386565685272217e-02
8.292243629693984985e-02
1.092306748032569885e-01
1.721752882003784180e-01
-1.142727024853229523e-02
-1.732521504163742065e-01
1.364185214042663574e-01
-9.837427642196416855e-04
9.232045849785208702e-04
2.862402005121111870e-03
-3.780535480473190546e-04
-1.589918858371675014e-03
-1.658352091908454895e-03
-2.461076481267809868e-03
-2.147522987797856331e-03
2.551007783040404320e-03
-8.739805780351161957e-03
1.679659821093082428e-03
1.201771956402808428e-04
5.600034492090344429e-04
1.664344454184174538e-03
-7.566477870568633080e-04
1.816442003473639488e-03
4.660491645336151123e-02
1.310458183288574219e-01
5.351578816771507263e-02
-2.939711511135101318e-02
4.153059795498847961e-02
8.361114561557769775e-02
-4.099691808223724365e-01
-3.205395638942718506e-01
1.256295293569564819e-01
3.608196377754211426e-01
