-5.250939726829528809e-02
8.801982551813125610e-02
-4.859001934528350830e-02
-4.355941340327262878e-02
3.284972393885254860e-03
4.665774106979370117e-02
1.252515316009521484e-01
-2.232658118009567261e-01
8.612982183694839478e-02
8.636516332626342773e-02
9.347714483737945557e-02
-9.197326004505157471e-02
-5.916783120483160019e-03
-2.054619938135147095e-01
-1.427724957466125488e-01
-2.458037585020065308e-01
-1.380776017904281616e-01
2.991428375244140625e-01
4.540473222732543945e-02
-7.007493078708648682e-02
-1.857988685369491577e-01
1.008561253547668457e-01
8.131896704435348511e-02
-3.833523988723754883e-01
-1.524063944816589355e-01
-5.578307807445526123e-02
-1.840873360633850098e-01
-1.519945682957768440e-03
-2.878470420837402344e-01
-1.300697773694992065e-01
-1.278437227010726929e-01
6.007891893386840820e-02
2.373927980661392212e-01
-5.640390142798423767e-02
6.787598878145217896e-02
1.804139614105224609e-01
1.849252283573150635e-01
1.968308910727500916e-02
4.129151348024606705e-03
2.994762063026428223e-01
-1.892176717519760132e-01
1.960994899272918701e-01
1.041520461440086365e-01
-3.209966719150543213e-01
6.371062248945236206e-03
-8.853413164615631104e-02
2.056855112314224243e-01
-8.519785851240158081e-02
2.249144613742828369e-01
-3.819221258163452148e-02
-9.917872399091720581e-02
1.776480078697204590e-01
-1.104417145252227783e-01
-1.761002689599990845e-01
1.447201669216156006e-01
-9.068308025598526001e-02
-8.916994929313659668e-02
-1.400778293609619141e-01
1.029472872614860535e-01
9.413902461528778076e-02
-9.563563764095306396e-02
-2.144573628902435303e-02
-1.325933188199996948e-01
-2.693081507459282875e-03
1.918355971574783325e-01
