9.730844199657440186e-02
2.362678050994873047e-01
2.010651230812072754e-01
4.717726260423660278e-02
-1.039633974432945251e-01
-2.232221066951751709e-01
-4.169041663408279419e-02
-2.798879146575927734e-02
-1.454837271012365818e-03
-9.996387176215648651e-03
-3.163877408951520920e-03
-1.889926847070455551e-03
5.466621834784746170e-03
2.248957939445972443e-02
4.908429831266403198e-02
-9.824559092521667480e-02
-1.314940582960844040e-02
-1.089481338858604431e-01
-6.845396012067794800e-02
-4.567787796258926392e-02
-3.392666205763816833e-02
-2.410971559584140778e-02
-2.120281383395195007e-02
-1.838343031704425812e-02
-2.990492992103099823e-02
-1.984735727310180664e-01
1.145246773958206177e-01
-1.795964539051055908e-01
-1.451938450336456299e-01
2.171097993850708008e-01
2.760875411331653595e-02
4.781896248459815979e-02
-6.582842022180557251e-02
