-3.751078248023986816e-02
1.309897601604461670e-01
-3.845027834177017212e-02
1.876769065856933594e-01
-1.690917164087295532e-01
2.641557529568672180e-02
-1.693453788757324219e-01
1.582594662904739380e-01
-1.228264421224594116e-01
-6.236442923545837402e-02
-1.199204549193382263e-01
-5.464178696274757385e-02
7.561752106994390488e-03
-1.051760045811533928e-03
-1.749421004205942154e-03
2.230159239843487740e-03
2.486722776666283607e-03
1.873764325864613056e-03
1.613038475625216961e-03
2.185912337154150009e-03
1.769579714164137840e-03
1.058551366440951824e-03
1.903641852550208569e-03
1.665826537646353245e-03
2.000235486775636673e-03
3.395862644538283348e-03
4.147718194872140884e-03
4.115179181098937988e-03
6.838010158389806747e-03
7.179561071097850800e-03
1.028031948953866959e-02
2.305105142295360565e-02
2.999672479927539825e-02
-2.254561334848403931e-02
-1.342027820646762848e-02
-7.710033096373081207e-03
-5.504059605300426483e-03
-3.508964320644736290e-03
-2.532260492444038391e-03
-1.598022645339369774e-03
-2.011044882237911224e-03
-2.201050752773880959e-03
-4.185471334494650364e-05
-5.951690836809575558e-04
2.341023355256766081e-04
-6.220076465979218483e-04
-1.544213737361133099e-03
5.942880525253713131e-04
-5.284357466734945774e-04
-4.943540552631020546e-04
1.938412431627511978e-03
7.789576775394380093e-04
-9.771834313869476318e-02
6.414374802261590958e-03
1.741472072899341583e-02
1.321673952043056488e-02
-2.046875096857547760e-02
1.233171373605728149e-01
3.369091451168060303e-01
-1.245307698845863342e-01
-2.202061116695404053e-01
3.364823386073112488e-02
5.673604458570480347e-02
-4.693575948476791382e-02
-2.258341759443283081e-01
