-2.581263184547424316e-01
-1.423301994800567627e-01
5.810780078172683716e-02
6.732013821601867676e-02
-7.012432068586349487e-02
-2.868441045284271240e-01
9.095823764801025391e-02
2.792992293834686279e-01
2.624342739582061768e-01
1.141991689801216125e-01
2.954687178134918213e-02
-9.866803884506225586e-02
-7.664829492568969727e-02
-1.990786790847778320e-01
6.556124240159988403e-02
2.008213251829147339e-01
-1.232604458928108215e-01
1.707387417554855347e-01
5.540821701288223267e-02
5.116735026240348816e-02
6.125403940677642822e-02
7.660764455795288086e-02
7.254186272621154785e-02
-8.554214984178543091e-02
1.175973862409591675e-01
-1.853544637560844421e-02
1.597124710679054260e-02
1.671090535819530487e-02
1.171779725700616837e-02
-6.794242653995752335e-03
1.775537990033626556e-02
5.279756151139736176e-03
-1.467565540224313736e-02
3.691199794411659241e-02
-5.731379613280296326e-02
4.755617678165435791e-02
-5.882179364562034607e-02
-9.827812202274799347e-03
1.754761859774589539e-02
-8.841574192047119141e-02
1.249763742089271545e-02
2.244297787547111511e-02
-1.596515625715255737e-01
1.233894005417823792e-01
-1.148550510406494141e-01
1.925349049270153046e-02
-8.178783953189849854e-02
7.881981134414672852e-02
1.320279389619827271e-01
-3.608054816722869873e-01
-1.829825900495052338e-02
2.000436186790466309e-01
-3.207883238792419434e-01
-6.564641837030649185e-03
5.966787412762641907e-02
-1.251264512538909912e-01
5.408490076661109924e-03
-1.959665864706039429e-01
-5.877265706658363342e-02
-8.833842724561691284e-02
1.980760395526885986e-01
-2.935982495546340942e-02
-1.567328572273254395e-01
1.156405359506607056e-02
7.923541963100433350e-02
