9.730844199657440186e-02
2.362678050994873047e-01
2.073646932840347290e-01
4.374529793858528137e-02
-1.034431457519531250e-01
-2.176883816719055176e-01
-7.525958120822906494e-02
-4.884665831923484802e-02
-5.400814116001129150e-04
-1.516948250355198979e-04
5.010725930333137512e-03
-5.894585512578487396e-03
-5.359360366128385067e-04
2.628932334482669830e-02
7.574099302291870117e-02
-5.842911452054977417e-02
-2.116638123989105225e-01
-1.467977911233901978e-01
-1.705006659030914307e-01
-1.166035532951354980e-01
-6.828252226114273071e-02
-5.253693833947181702e-02
-4.174868762493133545e-02
-3.537356480956077576e-02
-6.190701574087142944e-02
-1.926706433296203613e-01
1.906943619251251221e-01
-2.074904292821884155e-01
-1.558544337749481201e-01
2.171097993850708008e-01
2.760875411331653595e-02
4.781896248459815979e-02
-6.582842022180557251e-02
