-1.420978903770446777e-01
-1.031158044934272766e-01
-1.858291923999786377e-01
1.826795041561126709e-01
3.661899566650390625e-01
1.318024098873138428e-01
1.145856156945228577e-01
-1.578742265701293945e-01
-4.273162409663200378e-02
1.837964057922363281e-01
-1.462734043598175049e-01
1.986112892627716064e-01
-1.467718183994293213e-01
2.902807593345642090e-01
-7.982449978590011597e-02
-1.267094761133193970e-01
-3.241582587361335754e-02
-9.985970705747604370e-02
3.473908603191375732e-01
2.428335845470428467e-01
-1.905365139245986938e-01
8.691754192113876343e-02
1.747163236141204834e-01
2.076824605464935303e-01
-5.924183502793312073e-02
1.359614580869674683e-01
5.039959400892257690e-02
2.078560413792729378e-03
4.676782712340354919e-02
1.458355635404586792e-01
2.896830737590789795e-01
1.059437841176986694e-01
9.202611446380615234e-02
