7.740476634353399277e-03
1.376772075891494751e-01
1.132325679063796997e-01
1.527820229530334473e-01
-4.484416916966438293e-02
-2.454796247184276581e-02
-1.706079244613647461e-01
2.045436799526214600e-01
-1.463665626943111420e-02
-2.160506993532180786e-01
2.519780304282903671e-03
-3.120788373053073883e-02
4.157864302396774292e-02
4.185791476629674435e-04
-2.009189047385007143e-04
-5.669973907060921192e-04
-1.853362045949324965e-04
-1.334256608970463276e-03
-9.216729085892438889e-04
-6.937040598131716251e-04
-8.821794181130826473e-04
-8.412668103119358420e-05
-2.696833689697086811e-04
-5.390389706008136272e-04
-1.602861098945140839e-03
-1.641861745156347752e-03
-1.814514049328863621e-03
-2.850217046216130257e-03
-5.223044659942388535e-03
-7.912881672382354736e-03
-1.279645133763551712e-02
8.079077303409576416e-02
-8.532096445560455322e-02
1.589559949934482574e-02
1.170895155519247055e-02
7.191868033260107040e-03
5.150096956640481949e-03
3.848026273772120476e-03
2.694400260224938393e-03
2.366045722737908363e-03
2.120979363098740578e-03
2.093853428959846497e-03
2.088696928694844246e-03
7.250740309245884418e-04
5.125589086674153805e-04
1.085335854440927505e-03
5.105164600536227226e-04
-7.260798010975122452e-04
-1.632378407521173358e-04
-8.748043910600244999e-04
2.979546261485666037e-04
-5.713209882378578186e-02
-6.333438307046890259e-02
-1.620294749736785889e-01
1.483709067106246948e-01
6.718152761459350586e-02
9.254433959722518921e-02
-1.287612915039062500e-01
9.719900041818618774e-02
-2.247738093137741089e-01
-2.705523073673248291e-01
-8.501808345317840576e-02
-9.390077739953994751e-02
-1.268851459026336670e-01
3.290667012333869934e-02
