9.170515090227127075e-02
1.095931977033615112e-01
2.106468379497528076e-01
2.608528137207031250e-01
-2.025960087776184082e-01
1.712787300348281860e-01
-9.043022990226745605e-02
-6.291045993566513062e-02
-1.974382400512695312e-01
6.869360059499740601e-02
-8.900074288249015808e-03
-2.782800048589706421e-02
3.213555216789245605e-01
6.169280782341957092e-02
9.053583443164825439e-02
1.540256738662719727e-01
4.309048131108283997e-02
-8.005347102880477905e-02
-2.879552915692329407e-02
-2.564446926116943359e-01
-1.552746593952178955e-01
3.899915143847465515e-02
-1.780906692147254944e-02
-2.372849583625793457e-01
-4.824167490005493164e-02
-1.648356616497039795e-01
-2.988184392452239990e-01
-3.241715580224990845e-02
-3.307557702064514160e-01
-7.392269372940063477e-02
-1.727632582187652588e-01
-8.398658782243728638e-02
1.501101884059607983e-03
-2.675363561138510704e-03
1.088812500238418579e-01
1.040171161293983459e-01
9.898311644792556763e-02
1.879520118236541748e-01
5.635964497923851013e-02
9.229800850152969360e-02
1.408720612525939941e-01
7.698661834001541138e-02
-8.150952309370040894e-02
-9.818717092275619507e-02
-1.212025880813598633e-01
-5.029107257723808289e-02
1.182856559753417969e-01
-2.162651270627975464e-01
-3.732422292232513428e-01
-1.035602390766143799e-01
3.210695227608084679e-03
3.534596785902976990e-02
1.451038271188735962e-01
-5.363839119672775269e-02
-1.049888506531715393e-01
-5.509502813220024109e-02
-2.745755910873413086e-01
1.247016042470932007e-01
2.868241369724273682e-01
1.424226630479097366e-02
3.521607443690299988e-02
1.009015291929244995e-01
-5.107999313622713089e-04
8.865747600793838501e-02
-5.846491828560829163e-02
