4.907568171620368958e-02
-1.859788745641708374e-01
-3.227306902408599854e-02
-2.936104536056518555e-01
3.353123068809509277e-01
1.802023649215698242e-01
1.738997101783752441e-01
-4.803771153092384338e-03
-1.157636381685733795e-02
-1.381931826472282410e-02
-2.118605747818946838e-02
-3.041865304112434387e-02
-4.447337239980697632e-02
-7.029400020837783813e-02
-1.015235632658004761e-01
9.431236982345581055e-02
-1.666945964097976685e-01
6.268239766359329224e-02
3.935158997774124146e-02
2.337958663702011108e-02
1.848389394581317902e-02
1.141225453466176987e-02
1.107278745621442795e-02
1.544492552056908607e-03
1.063262894749641418e-01
1.366316974163055420e-01
2.900443971157073975e-01
6.100233644247055054e-02
9.961687773466110229e-02
-5.005538836121559143e-02
-1.158898789435625076e-02
6.965845823287963867e-02
-2.548088729381561279e-01
