-4.819505847990512848e-03
1.777940243482589722e-01
3.944892063736915588e-02
2.530552744865417480e-01
-1.490399390459060669e-01
-2.958909869194030762e-01
-2.254702150821685791e-01
-1.295087039470672607e-01
6.560147553682327271e-02
-3.326775133609771729e-02
-2.778767049312591553e-01
-1.732695400714874268e-01
5.863213911652565002e-02
-2.135696411132812500e-01
-5.395299196243286133e-02
3.764249756932258606e-02
-3.533416986465454102e-02
1.406933814287185669e-01
-8.838451653718948364e-02
3.060996718704700470e-02
-1.234576385468244553e-02
-1.308088600635528564e-01
-2.197343297302722931e-02
-1.716693192720413208e-01
-4.757606610655784607e-02
-9.623067826032638550e-02
-3.439468741416931152e-01
-4.943356290459632874e-02
-3.761606812477111816e-01
-2.499920725822448730e-01
-3.644693791866302490e-01
-3.337165713310241699e-01
-1.346147954463958740e-01
