1.165193170309066772e-01
8.794784545898437500e-02
1.056208536028862000e-01
1.265563815832138062e-02
6.541925668716430664e-02
-1.943930983543395996e-01
6.741995364427566528e-02
-6.103201210498809814e-02
1.891682483255863190e-02
-7.216861844062805176e-02
-7.794886082410812378e-02
1.175291836261749268e-01
2.546098828315734863e-01
9.838625043630599976e-02
2.122045606374740601e-01
8.750449866056442261e-03
-8.334577828645706177e-02
-5.878171324729919434e-02
-8.684371411800384521e-02
3.347078338265419006e-02
-3.540947660803794861e-02
-2.992115169763565063e-02
-1.152590289711952209e-01
1.664284020662307739e-01
5.497117061167955399e-03
5.063588917255401611e-02
2.372443377971649170e-01
8.976799435913562775e-03
-8.511183410882949829e-02
6.585839390754699707e-02
2.078366279602050781e-01
1.558281332254409790e-01
1.591287553310394287e-01
