-9.587533771991729736e-02
-9.637811034917831421e-02
-5.694390088319778442e-02
-1.270856112241744995e-01
4.728047177195549011e-02
-2.349623292684555054e-01
8.443751186132431030e-02
-8.396644890308380127e-02
3.516183495521545410e-01
-1.735827177762985229e-01
2.267975062131881714e-01
-2.144617438316345215e-01
9.301390498876571655e-02
2.828562073409557343e-02
1.744282692670822144e-01
-5.881058517843484879e-03
3.227497637271881104e-02
-2.012607157230377197e-01
-1.073766350746154785e-01
2.615765035152435303e-01
3.881103545427322388e-02
-1.121388599276542664e-01
5.833164788782596588e-03
3.439358994364738464e-02
1.553291548043489456e-02
-9.548907727003097534e-02
7.774702459573745728e-02
-5.274994298815727234e-02
2.534471824765205383e-02
-2.200368978083133698e-02
2.733708359301090240e-02
-3.626192733645439148e-02
4.364150762557983398e-02
-4.415906965732574463e-02
2.986228093504905701e-02
1.634144410490989685e-02
-6.754285842180252075e-02
1.237825527787208557e-01
-1.251579225063323975e-01
1.357800513505935669e-01
-1.401925683021545410e-01
1.719514578580856323e-01
2.659365907311439514e-02
-2.127435952425003052e-01
-1.376662403345108032e-01
8.908902294933795929e-03
2.021237611770629883e-01
-6.737055629491806030e-02
2.795422682538628578e-03
-1.235153824090957642e-01
7.363993208855390549e-03
1.662195920944213867e-01
2.207435071468353271e-01
-1.106046065688133240e-01
1.269703656435012817e-01
6.655374914407730103e-02
2.237746864557266235e-01
-3.627714216709136963e-01
1.367810517549514771e-01
8.962330222129821777e-02
4.534547030925750732e-02
4.467700421810150146e-02
1.511083394289016724e-01
-1.445896327495574951e-01
-8.778146654367446899e-02
