4.907568171620368958e-02
-1.859788745641708374e-01
-3.227306902408599854e-02
-2.936104536056518555e-01
3.353123068809509277e-01
2.409064322710037231e-01
2.991571836173534393e-02
1.423977036029100418e-02
9.723156690597534180e-03
6.326003000140190125e-03
2.282708650454878807e-03
9.809423936530947685e-04
-6.242569070309400558e-03
-2.155667170882225037e-02
-5.288600921630859375e-02
2.335678040981292725e-01
-1.263541579246520996e-01
1.284039765596389771e-01
8.778960257768630981e-02
5.996313318610191345e-02
4.079566150903701782e-02
3.573618829250335693e-02
1.729231141507625580e-02
1.188028044998645782e-02
2.121068164706230164e-02
6.349328160285949707e-02
2.792071104049682617e-01
6.100233644247055054e-02
9.961687773466110229e-02
-5.005538836121559143e-02
-1.158898789435625076e-02
6.965845823287963867e-02
-2.548088729381561279e-01
