-2.581263184547424316e-01
-1.423301994800567627e-01
5.810780078172683716e-02
6.732013821601867676e-02
-7.012432068586349487e-02
-2.868441045284271240e-01
9.095823764801025391e-02
2.792992293834686279e-01
2.624344825744628906e-01
1.142027452588081360e-01
2.957275323569774628e-02
-9.858427196741104126e-02
-7.651399075984954834e-02
-1.989446133375167847e-01
6.585291773080825806e-02
2.019158601760864258e-01
-1.200239807367324829e-01
1.795062422752380371e-01
7.689683884382247925e-02
9.641318023204803467e-02
1.457819342613220215e-01
2.022452950477600098e-01
2.110098153352737427e-01
5.923576280474662781e-02
2.967035770416259766e-01
1.768903434276580811e-01
2.430211007595062256e-01
2.912821471691131592e-01
2.024647891521453857e-01
9.137479215860366821e-02
1.049514934420585632e-01
-3.348079696297645569e-02
-1.112975329160690308e-01
-4.375269263982772827e-02
-1.802810728549957275e-01
-2.129689045250415802e-02
-7.644511759281158447e-02
-6.166137289255857468e-03
1.756195351481437683e-02
-6.778794527053833008e-02
1.063153669238090515e-01
1.220960244536399841e-01
-9.553369879722595215e-02
1.727263033390045166e-01
-8.094286173582077026e-02
3.638940677046775818e-02
-7.093930989503860474e-02
8.622112870216369629e-02
1.337820887565612793e-01
-3.624759912490844727e-01
-1.958598941564559937e-02
1.998254954814910889e-01
-3.207734823226928711e-01
-6.621328182518482208e-03
5.961835756897926331e-02
-1.251464635133743286e-01
5.403041373938322067e-03
-1.959672868251800537e-01
-5.877269804477691650e-02
-8.833842724561691284e-02
1.980760395526885986e-01
-2.935982495546340942e-02
-1.567328572273254395e-01
1.156405359506607056e-02
7.923541963100433350e-02
