-5.127566307783126831e-02
1.235993802547454834e-01
-2.383630909025669098e-02
1.973979920148849487e-01
-1.435740739107131958e-01
-2.509348094463348389e-01
-1.409409344196319580e-01
-7.931859791278839111e-02
2.808487229049205780e-02
-4.664904996752738953e-02
-1.400656551122665405e-01
-5.372373387217521667e-02
-1.488669067621231079e-01
-1.689717173576354980e-01
-6.804872304201126099e-02
-5.445788800716400146e-02
4.703773185610771179e-02
6.626678258180618286e-02
4.688023030757904053e-02
5.867255106568336487e-02
3.502512350678443909e-02
2.658875100314617157e-02
5.635907128453254700e-02
-6.471074372529983521e-02
2.240967750549316406e-01
1.717341989278793335e-01
-2.316087484359741211e-01
2.247650176286697388e-02
-2.529227137565612793e-01
-1.130434870719909668e-01
-2.204707413911819458e-01
-1.851896196603775024e-01
6.737544201314449310e-03
