-1.610659807920455933e-02
-4.226920660585165024e-03
1.624897867441177368e-01
6.724141072481870651e-03
9.521225094795227051e-02
-1.329189091920852661e-01
1.193568632006645203e-01
2.460749894380569458e-01
2.452978044748306274e-01
-2.580294311046600342e-01
2.129931896924972534e-01
-1.524568349123001099e-01
1.278904378414154053e-01
-8.510204404592514038e-02
7.305724918842315674e-02
-4.832886531949043274e-02
3.773069009184837341e-02
-3.162664920091629028e-02
9.768713265657424927e-03
5.448678042739629745e-03
-4.955145716667175293e-02
7.547258585691452026e-02
-6.734614074230194092e-02
-9.296296536922454834e-02
5.604855716228485107e-02
-2.466631978750228882e-01
-2.291809394955635071e-02
2.521308958530426025e-01
-8.334152400493621826e-03
-7.982254773378372192e-02
-3.693818300962448120e-02
1.797669082880020142e-01
8.157270401716232300e-02
