-9.972903877496719360e-02
-1.110949274152517319e-02
6.186477839946746826e-02
2.819590270519256592e-01
-1.463437676429748535e-01
-3.362563252449035645e-01
-2.213745564222335815e-01
1.278661787509918213e-01
-1.285939961671829224e-01
-1.454299539327621460e-01
1.512167304754257202e-01
-2.111470550298690796e-01
-6.129511073231697083e-02
-1.389184892177581787e-01
-2.593462541699409485e-02
-2.011238485574722290e-01
-7.055972516536712646e-02
-8.196450769901275635e-02
7.855933904647827148e-02
2.440202534198760986e-01
2.291973531246185303e-01
-1.687125675380229950e-02
1.847069412469863892e-01
4.148535802960395813e-02
-6.093422998674213886e-04
6.884852796792984009e-02
-5.713845603168010712e-04
1.900379806756973267e-01
6.271678209304809570e-02
1.507821977138519287e-01
9.685063362121582031e-02
1.618047803640365601e-01
-8.449913933873176575e-03
9.516657888889312744e-02
-1.353914439678192139e-01
-5.433931574225425720e-02
-1.210165917873382568e-01
-2.349049299955368042e-01
-1.819914951920509338e-02
-1.952169090509414673e-01
-9.390012174844741821e-02
-2.295018136501312256e-01
1.223693042993545532e-01
-2.813264727592468262e-01
1.772596687078475952e-01
-1.372966468334197998e-01
4.235127568244934082e-02
3.662852942943572998e-01
-4.169138893485069275e-02
1.980560272932052612e-01
-4.290622100234031677e-02
-2.025625668466091156e-02
1.713992059230804443e-01
6.978484243154525757e-02
2.179104536771774292e-01
1.753054857254028320e-01
-2.586228847503662109e-01
-7.933642715215682983e-02
4.752762243151664734e-02
2.306955121457576752e-02
-1.742256805300712585e-02
1.057932898402214050e-01
7.911480031907558441e-03
1.395335048437118530e-01
1.630491614341735840e-01
