7.786256074905395508e-02
7.238753139972686768e-02
9.485296159982681274e-02
1.499051153659820557e-01
-9.262992069125175476e-03
-1.694372296333312988e-01
8.842499554157257080e-02
-3.009542822837829590e-02
-5.291279032826423645e-02
1.373688280582427979e-01
3.238740563392639160e-02
1.078136786818504333e-01
1.059318985790014267e-02
-7.266682223416864872e-04
5.507764872163534164e-03
1.950187957845628262e-03
7.567878346890211105e-03
4.186900041531771421e-04
3.212088486179709435e-03
1.798749901354312897e-03
3.656801069155335426e-03
3.990425262600183487e-03
5.241615697741508484e-03
5.711922422051429749e-03
6.461738608777523041e-03
8.606951683759689331e-03
1.092487759888172150e-02
1.183531992137432098e-02
1.360649894922971725e-02
1.754294708371162415e-02
1.774048618972301483e-02
2.819820679724216461e-02
1.407704949378967285e-01
-3.692573308944702148e-02
-1.536890026181936264e-02
-4.777581430971622467e-03
-3.326964797452092171e-03
3.016137343365699053e-04
-5.064908764325082302e-04
1.237534801475703716e-03
8.599646389484405518e-04
1.490752445533871651e-03
2.165989251807332039e-03
8.610744262114167213e-04
1.213940558955073357e-03
1.687551615759730339e-03
1.019684714265167713e-03
-2.915772842243313789e-03
-1.458387239836156368e-03
-3.051061648875474930e-04
7.099402602761983871e-03
7.226036395877599716e-03
5.694776028394699097e-02
5.814870446920394897e-02
-1.142708957195281982e-02
3.127678111195564270e-02
6.950495392084121704e-02
1.216686144471168518e-01
1.308046430349349976e-01
2.778816819190979004e-01
-5.080961063504219055e-02
2.286924608051776886e-02
-9.678415954113006592e-02
4.470945894718170166e-02
1.768161542713642120e-02
