3.776967227458953857e-01
2.806215882301330566e-01
-1.008200272917747498e-01
-3.048931062221527100e-01
2.404945194721221924e-01
1.364126522094011307e-02
4.226170107722282410e-02
7.253353949636220932e-03
1.069768518209457397e-02
1.878568530082702637e-02
1.312060002237558365e-02
8.906944654881954193e-03
6.205441895872354507e-03
-3.517172997817397118e-03
-2.456762269139289856e-02
2.184675037860870361e-01
-5.622754618525505066e-02
1.707346290349960327e-01
1.435412317514419556e-01
7.435739785432815552e-02
5.091431736946105957e-02
3.399587422609329224e-02
2.738500945270061493e-02
3.513647615909576416e-02
5.223521962761878967e-03
1.184523329138755798e-01
2.229539677500724792e-02
2.849698439240455627e-02
-8.303038775920867920e-02
-1.169097516685724258e-02
1.332599818706512451e-01
-1.118473708629608154e-01
-2.416797429323196411e-01
