-3.175724744796752930e-01
1.764793843030929565e-01
-1.079649776220321655e-01
-9.222749620676040649e-02
-1.927125304937362671e-01
-1.067305430769920349e-01
-1.206445246934890747e-01
1.688954979181289673e-01
-7.947476953268051147e-02
-1.766982302069664001e-02
5.534953624010086060e-02
-5.981972068548202515e-02
4.539119079709053040e-02
-2.980838157236576080e-02
2.548317052423954010e-02
-1.751829870045185089e-02
1.003720704466104507e-02
-6.199184339493513107e-03
8.525486104190349579e-03
-9.702054783701896667e-03
6.383102852851152420e-03
4.588911309838294983e-03
-2.318440563976764679e-02
4.951535910367965698e-02
-4.599869623780250549e-02
1.018600258976221085e-02
-4.181701689958572388e-02
1.121749356389045715e-01
8.244300633668899536e-02
-1.821745932102203369e-02
-3.893875777721405029e-01
1.247897967696189880e-01
1.358804851770401001e-01
