-5.955246463418006897e-02
3.916813433170318604e-02
1.140304207801818848e-01
-3.132530748844146729e-01
-1.636989265680313110e-01
-3.614376112818717957e-02
9.811263531446456909e-02
-5.706403777003288269e-02
3.113957047462463379e-01
-8.047975599765777588e-02
1.771876513957977295e-01
1.150419283658266068e-02
3.107410371303558350e-01
1.889907121658325195e-01
1.425072699785232544e-01
8.210812509059906006e-02
-1.469255983829498291e-01
-3.425345942378044128e-02
-6.728845089673995972e-02
4.200800880789756775e-02
-1.389576774090528488e-02
3.595118597149848938e-02
-2.079154551029205322e-02
-9.934686124324798584e-02
-1.458505094051361084e-01
1.754897530190646648e-03
2.547800242900848389e-01
2.329024858772754669e-02
-7.515406608581542969e-02
-7.618904113769531250e-02
2.673326730728149414e-01
8.245508372783660889e-02
-2.647007107734680176e-01
