3.776967227458953857e-01
2.806215882301330566e-01
-1.008200272917747498e-01
-2.754004895687103271e-01
2.109092921018600464e-01
2.915231138467788696e-02
1.205696165561676025e-02
1.274795737117528915e-02
1.746328547596931458e-02
1.904757879674434662e-02
1.436608098447322845e-02
8.728856220841407776e-03
8.124868385493755341e-03
-4.731914028525352478e-03
-1.817992888391017914e-02
2.001945227384567261e-01
-7.136907428503036499e-02
9.966408461332321167e-02
6.823497265577316284e-02
4.391919076442718506e-02
2.970343828201293945e-02
1.963317207992076874e-02
2.087106369435787201e-02
1.628846302628517151e-02
9.592057205736637115e-03
9.000889025628566742e-03
9.528732858598232269e-03
7.546161115169525146e-02
-8.303038775920867920e-02
-1.169097516685724258e-02
1.332599818706512451e-01
-1.118473708629608154e-01
-2.416797429323196411e-01
