-5.127566307783126831e-02
1.235993728041648865e-01
-2.383713051676750183e-02
1.973817348480224609e-01
-1.437002420425415039e-01
-2.513929009437561035e-01
-1.423302143812179565e-01
-8.317357301712036133e-02
2.480179257690906525e-02
-3.410821780562400818e-02
-9.539192914962768555e-02
1.203708723187446594e-02
-5.921857059001922607e-02
-3.870336338877677917e-02
-2.909605391323566437e-03
-2.819775044918060303e-02
1.365865860134363174e-02
6.658420432358980179e-03
2.564496174454689026e-02
2.243564650416374207e-02
3.669183701276779175e-02
1.006455533206462860e-02
1.770627684891223907e-02
-8.732272684574127197e-02
2.176814824342727661e-01
1.704283505678176880e-01
-2.320545315742492676e-01
2.230639941990375519e-02
-2.529725134372711182e-01
-1.130514442920684814e-01
-2.204712629318237305e-01
-1.851896345615386963e-01
6.737544201314449310e-03
