1.024927850812673569e-02
1.823011338710784912e-01
1.499316990375518799e-01
2.021261304616928101e-01
-5.886451900005340576e-02
-2.979101426899433136e-02
-1.738376766443252563e-01
1.603598594665527344e-01
5.437677027657628059e-04
-5.688520031981170177e-04
1.478503923863172531e-03
8.447834989055991173e-04
3.246808890253305435e-03
4.408726003021001816e-03
8.500189520418643951e-03
-2.331561408936977386e-02
-2.817060239613056183e-02
5.556662008166313171e-02
3.705054521560668945e-02
7.356121670454740524e-03
4.378865007311105728e-03
7.860138081014156342e-03
5.158950388431549072e-02
3.918118402361869812e-02
9.730398654937744141e-03
-4.377720877528190613e-03
3.128780424594879150e-01
-4.666149988770484924e-02
-5.359914153814315796e-02
-1.617123484611511230e-01
2.047066241502761841e-01
1.938951760530471802e-01
-2.169795781373977661e-01
