3.699173033237457275e-02
-1.403973698616027832e-01
-2.467773482203483582e-02
-2.234657406806945801e-01
2.542144060134887695e-01
1.248586624860763550e-01
1.105348169803619385e-01
2.776932902634143829e-02
-6.785785406827926636e-02
-1.202089563012123108e-01
-1.982472985982894897e-01
6.227617617696523666e-03
5.318155512213706970e-02
4.607913084328174591e-03
-1.885853824205696583e-03
-2.202017931267619133e-04
-2.333303913474082947e-03
5.231317132711410522e-03
-2.687776694074273109e-03
4.249980207532644272e-03
4.619160201400518417e-03
-5.201724125072360039e-04
1.578077790327370167e-03
1.460280385799705982e-03
2.351470524445176125e-03
1.728695002384483814e-03
-1.789959263987839222e-03
-1.943774404935538769e-03
-7.020543795078992844e-03
-2.080694399774074554e-02
-4.695800319314002991e-02
1.428045928478240967e-01
9.136263281106948853e-03
2.034933492541313171e-02
2.399908937513828278e-02
1.630294881761074066e-02
1.339073851704597473e-02
1.012212224304676056e-02
9.735164232552051544e-03
7.159471977502107620e-03
4.847074858844280243e-03
7.555251009762287140e-03
5.543936509639024734e-03
4.167235456407070160e-03
4.855522885918617249e-03
5.120750982314348221e-03
3.244876861572265625e-03
3.389147605048492551e-05
5.089535843580961227e-03
8.311467245221138000e-03
8.027135394513607025e-03
5.313896574079990387e-03
8.640497177839279175e-02
-1.066237222403287888e-02
-3.547106636688113213e-03
-8.540938049554824829e-02
2.960073947906494141e-01
-7.177843153476715088e-02
-2.522598765790462494e-02
3.468364477157592773e-02
-1.995783001184463501e-01
-1.483278572559356689e-01
3.032285487279295921e-03
-1.628213822841644287e-01
-1.182552427053451538e-01
