3.699173033237457275e-02
-1.403973698616027832e-01
-2.467773482203483582e-02
-2.234657406806945801e-01
2.542144060134887695e-01
1.248586624860763550e-01
1.105348169803619385e-01
2.776932902634143829e-02
-6.785785406827926636e-02
-1.202089563012123108e-01
-1.982472985982894897e-01
-5.000462383031845093e-02
1.300306469202041626e-01
2.978153759613633156e-03
-1.719081425108015537e-03
-1.752189564285799861e-04
-9.165890514850616455e-04
2.230435893579851836e-05
8.957320824265480042e-04
-3.376794338691979647e-04
6.236181361600756645e-04
-6.245839758776128292e-04
-1.878541515907272696e-04
-2.418977208435535431e-03
-1.374954008497297764e-03
-2.687780186533927917e-03
-3.135573584586381912e-03
-6.228244863450527191e-03
-1.079718396067619324e-02
-2.155499905347824097e-02
-4.539256542921066284e-02
1.084171310067176819e-01
1.503046602010726929e-02
2.693135105073451996e-02
2.637539990246295929e-02
2.011494897305965424e-02
1.722388342022895813e-02
1.373226568102836609e-02
1.074350159615278244e-02
1.073746476322412491e-02
9.581565856933593750e-03
7.895359769463539124e-03
7.550947833806276321e-03
4.969226662069559097e-03
4.850139841437339783e-03
4.012319725006818771e-03
3.776683937758207321e-03
1.468255999498069286e-03
1.712508150376379490e-03
2.569862175732851028e-03
4.676370881497859955e-03
-2.064829925075173378e-03
1.779796481132507324e-01
-4.698599129915237427e-02
2.585940808057785034e-02
-8.540938049554824829e-02
2.960073947906494141e-01
-7.177843153476715088e-02
-2.522598765790462494e-02
3.468364477157592773e-02
-1.995783001184463501e-01
-1.483278572559356689e-01
3.032285487279295921e-03
-1.628213822841644287e-01
-1.182552427053451538e-01
