7.740476634353399277e-03
1.376772075891494751e-01
1.132325679063796997e-01
1.527820229530334473e-01
-4.484416916966438293e-02
-2.454796247184276581e-02
-1.706079244613647461e-01
2.045436799526214600e-01
-1.463665626943111420e-02
-1.865594685077667236e-01
-5.306914914399385452e-03
-8.775054663419723511e-02
7.740241289138793945e-02
-6.224753800779581070e-03
-1.759246952133253217e-04
-2.280503977090120316e-03
-4.173919092863798141e-03
4.806852666661143303e-04
-2.465099794790148735e-03
-2.323476132005453110e-03
-2.521993592381477356e-03
-3.400665475055575371e-03
-2.718247473239898682e-03
-1.838248106651008129e-03
-3.059599548578262329e-03
-3.428864758461713791e-03
-5.188231356441974640e-03
-6.238271947950124741e-03
-7.215144578367471695e-03
-9.317479096353054047e-03
-1.423973124474287033e-02
1.143991481512784958e-02
-3.189736604690551758e-02
1.785819046199321747e-02
9.902064688503742218e-03
5.534523632377386093e-03
3.036448266357183456e-03
1.439764979295432568e-03
1.954462379217147827e-03
1.911986735649406910e-03
1.674539875239133835e-03
1.429777941666543484e-03
7.556775381090119481e-05
1.678931061178445816e-03
-1.027735052048228681e-04
3.841926518362015486e-04
-8.831412415020167828e-04
-1.552576548419892788e-03
4.050687421113252640e-04
2.333247568458318710e-03
4.274717997759580612e-03
-4.117414727807044983e-02
-9.652897715568542480e-02
-1.809184700250625610e-01
1.812352240085601807e-01
7.000202685594558716e-02
7.598860561847686768e-02
-1.287612915039062500e-01
9.719900041818618774e-02
-2.247738093137741089e-01
-2.705523073673248291e-01
-8.501808345317840576e-02
-9.390077739953994751e-02
-1.268851459026336670e-01
3.290667012333869934e-02
