4.060095176100730896e-02
2.753902375698089600e-01
1.195715218782424927e-01
2.196844667196273804e-01
-3.383755087852478027e-01
-4.676579535007476807e-01
-2.180352434515953064e-02
-1.836485927924513817e-03
-4.677507560700178146e-03
-6.779844872653484344e-03
-8.669450879096984863e-03
-1.099111791700124741e-02
-1.947254315018653870e-02
-3.070306777954101562e-02
-4.334067553281784058e-02
7.773857563734054565e-02
-7.809071242809295654e-02
6.286569684743881226e-02
4.141905903816223145e-02
2.630986087024211884e-02
1.958689838647842407e-02
1.214061677455902100e-02
1.127462740987539291e-02
8.862136863172054291e-03
8.196921087801456451e-03
-1.886641830205917358e-01
1.337408572435379028e-01
1.215742006897926331e-01
-6.796724349260330200e-02
-5.271951481699943542e-02
1.881235279142856598e-02
1.117418408393859863e-01
-2.869512438774108887e-01
