-3.409631550312042236e-02
1.776473969221115112e-01
-5.529779195785522461e-02
-3.074536919593811035e-01
5.250894278287887573e-02
9.588453173637390137e-02
1.468644142150878906e-01
-6.688427645713090897e-03
-1.859671808779239655e-02
-2.399419061839580536e-02
-3.494922071695327759e-02
-4.396576061844825745e-02
-6.955172121524810791e-02
-1.184729635715484619e-01
-1.342059820890426636e-01
3.904873877763748169e-02
-1.987778693437576294e-01
2.874729409813880920e-02
3.577032824978232384e-03
-7.765665650367736816e-03
-9.740897454321384430e-03
-1.438322383910417557e-02
-1.659908331930637360e-02
1.693708705715835094e-03
-5.138090997934341431e-02
7.202312350273132324e-02
-1.136740669608116150e-01
-2.413505613803863525e-01
6.420762836933135986e-02
-1.257354021072387695e-01
2.401555180549621582e-01
1.056494936347007751e-01
4.638418182730674744e-02
