4.907568171620368958e-02
-1.859788745641708374e-01
-3.227306902408599854e-02
-2.870335280895233154e-01
3.287408947944641113e-01
1.434244364500045776e-01
1.021596938371658325e-01
1.784819923341274261e-02
4.384161904454231262e-03
2.911846851930022240e-03
9.957308880984783173e-03
8.935154415667057037e-03
4.681998398154973984e-03
-8.479400537908077240e-03
-3.290497511625289917e-02
1.816927790641784668e-01
-5.954257026314735413e-02
1.776014715433120728e-01
1.565629988908767700e-01
1.009109541773796082e-01
6.352940946817398071e-02
4.650621488690376282e-02
4.203928261995315552e-02
4.049354419112205505e-02
1.625861525535583496e-01
1.480540484189987183e-01
2.112292647361755371e-01
9.136959910392761230e-02
8.533985912799835205e-02
-5.005538836121559143e-02
-1.158898789435625076e-02
6.965845823287963867e-02
-2.548088729381561279e-01
