-1.299472805112600327e-02
-3.409307450056076050e-03
1.311003118753433228e-01
5.419589113444089890e-03
7.677470892667770386e-02
-1.071466580033302307e-01
9.913288056850433350e-02
2.145825773477554321e-01
2.341972887516021729e-01
-1.977902650833129883e-01
8.302123844623565674e-02
-1.855719536542892456e-01
1.075755283236503601e-01
-2.353983670473098755e-01
1.017789021134376526e-01
-1.008563116192817688e-02
-1.041650865226984024e-02
1.464834064245223999e-01
-1.086275056004524231e-01
-7.182456552982330322e-02
2.705414593219757080e-02
-3.487817943096160889e-02
-6.581737101078033447e-02
-1.043052747845649719e-01
-3.086159937083721161e-02
-7.381322979927062988e-02
-8.201846480369567871e-02
-7.008836418390274048e-02
-5.262952297925949097e-02
-8.401105552911758423e-02
-1.182786654680967331e-02
-7.594633102416992188e-02
2.166004478931427002e-02
-3.636223822832107544e-02
3.219540789723396301e-02
3.011484444141387939e-02
-6.163262296468019485e-03
1.002622619271278381e-01
-3.087060060352087021e-03
-6.537740584462881088e-03
1.743755936622619629e-01
-1.394550800323486328e-01
-1.049526385031640530e-03
1.723102480173110962e-01
-3.229813277721405029e-02
-7.116769254207611084e-02
-3.156619891524314880e-02
1.426766663789749146e-01
-2.811876125633716583e-02
1.155748590826988220e-01
5.581343080848455429e-03
-3.401915356516838074e-02
2.395691424608230591e-01
3.868247941136360168e-02
-1.516821235418319702e-01
2.072312980890274048e-01
4.719706252217292786e-02
-3.976671770215034485e-02
2.469373047351837158e-01
-3.867837786674499512e-02
6.158608198165893555e-02
-3.557468065991997719e-03
2.977666258811950684e-02
4.678497556596994400e-03
8.067430555820465088e-02
