-1.299472805112600327e-02
-3.409307450056076050e-03
1.311003118753433228e-01
5.419589113444089890e-03
7.677470892667770386e-02
-1.071466580033302307e-01
9.913288056850433350e-02
2.145825624465942383e-01
2.341967672109603882e-01
-1.977953314781188965e-01
8.300239592790603638e-02
-1.855812221765518188e-01
1.076616570353507996e-01
-2.352055311203002930e-01
1.018609032034873962e-01
-1.075677573680877686e-02
-1.137061975896358490e-02
1.492818295955657959e-01
-9.673551470041275024e-02
-5.361843854188919067e-02
4.117110744118690491e-02
-1.497467420995235443e-02
-9.703539311885833740e-03
-3.475895151495933533e-02
2.167144324630498886e-03
-2.846722491085529327e-02
-1.574972178786993027e-03
-1.966636441648006439e-02
9.098821319639682770e-03
-2.865902893245220184e-02
1.277155894786119461e-02
-2.078986912965774536e-02
1.384313683956861496e-02
-1.638293033465743065e-03
3.586431499570608139e-03
1.752943918108940125e-02
-3.950946556869894266e-04
2.192647010087966919e-02
2.217450365424156189e-02
-3.238814696669578552e-02
1.034697815775871277e-01
-7.738892734050750732e-02
1.935149170458316803e-02
1.011003479361534119e-01
-6.178088486194610596e-02
-5.834505334496498108e-02
-3.181320801377296448e-02
1.278357505798339844e-01
-3.972948342561721802e-02
1.100732460618019104e-01
3.311363747343420982e-03
-3.461595624685287476e-02
2.394383400678634644e-01
3.853241354227066040e-02
-1.517535001039505005e-01
2.072199881076812744e-01
4.719642177224159241e-02
-3.976673260331153870e-02
2.469373047351837158e-01
-3.867837786674499512e-02
6.158608198165893555e-02
-3.557468065991997719e-03
2.977666258811950684e-02
4.678497556596994400e-03
8.067430555820465088e-02
