-4.865757375955581665e-02
-3.327932953834533691e-02
1.255965679883956909e-01
-5.388689786195755005e-02
5.087464675307273865e-02
-1.734661161899566650e-01
6.831831485033035278e-02
1.855235099792480469e-01
1.984766125679016113e-01
-3.018737435340881348e-01
9.380277991294860840e-02
-2.298818528652191162e-01
9.841875731945037842e-02
-2.972295582294464111e-01
1.737412810325622559e-01
-8.198942057788372040e-03
1.424571871757507324e-01
-1.604431122541427612e-01
-8.029564470052719116e-02
3.217997029423713684e-02
5.150510370731353760e-02
5.504072830080986023e-02
-2.882140278816223145e-01
-2.042106986045837402e-01
6.599695235490798950e-02
-2.306059747934341431e-01
-3.047023899853229523e-02
2.341694980859756470e-01
-2.447060681879520416e-02
-9.641717374324798584e-02
-5.589041113853454590e-02
1.561720669269561768e-01
6.011794880032539368e-02
