-1.610659807920455933e-02
-4.226920660585165024e-03
1.624897867441177368e-01
6.724214646965265274e-03
9.521294385194778442e-02
-1.329337507486343384e-01
1.190859898924827576e-01
2.446619570255279541e-01
2.423690557479858398e-01
-2.601002156734466553e-01
2.148551046848297119e-01
-1.506529450416564941e-01
1.259598731994628906e-01
-8.087954670190811157e-02
6.810079514980316162e-02
-4.889159277081489563e-02
3.568468242883682251e-02
-3.074358589947223663e-02
5.550376605242490768e-03
4.311360418796539307e-03
-4.652479290962219238e-02
7.214607298374176025e-02
-6.218159198760986328e-02
-8.583091944456100464e-02
5.904402211308479309e-02
-2.459714710712432861e-01
-2.283090725541114807e-02
2.521358728408813477e-01
-8.334035985171794891e-03
-7.982254773378372192e-02
-3.693818300962448120e-02
1.797669082880020142e-01
8.157270401716232300e-02
