2.680861353874206543e-01
6.200797855854034424e-02
1.012769490480422974e-01
1.038782596588134766e-01
-1.217143759131431580e-01
-5.967114120721817017e-02
2.532888352870941162e-01
7.991442084312438965e-02
-7.295744866132736206e-02
4.378971830010414124e-02
2.480155974626541138e-01
-3.079395927488803864e-02
-2.000209093093872070e-01
3.827955946326255798e-02
1.489697843790054321e-01
-2.229100465774536133e-02
-3.737210994586348534e-03
2.204266041517257690e-01
1.666401475667953491e-01
2.297859638929367065e-01
1.385622322559356689e-01
1.075136512517929077e-01
3.371435701847076416e-01
2.289285063743591309e-01
1.543478816747665405e-01
2.608893215656280518e-01
1.346604079008102417e-01
1.227813810110092163e-01
1.434379070997238159e-01
7.416125386953353882e-02
-6.664951797574758530e-03
3.822473064064979553e-02
-1.208970695734024048e-01
1.706801727414131165e-02
-1.119872406125068665e-01
-6.095158308744430542e-02
9.157595038414001465e-02
-1.243155002593994141e-01
8.400795608758926392e-02
7.515320181846618652e-02
8.090146817266941071e-03
1.312359124422073364e-01
1.661414504051208496e-01
3.528534621000289917e-02
2.642023563385009766e-01
1.945571601390838623e-01
-2.310472726821899414e-02
1.564978510141372681e-01
4.201124310493469238e-01
-7.836984843015670776e-02
3.874897956848144531e-01
4.073998630046844482e-01
1.815379112958908081e-01
1.336814314126968384e-01
-2.137745618820190430e-01
-5.174058675765991211e-02
-9.803490340709686279e-02
-1.418138593435287476e-01
1.319018155336380005e-01
1.930309087038040161e-01
-2.151105850934982300e-01
2.364952117204666138e-02
1.594782918691635132e-01
6.454147398471832275e-02
5.150086060166358948e-02
