7.355236262083053589e-02
1.785158812999725342e-01
1.518772095441818237e-01
3.770101070404052734e-02
-3.073002770543098450e-02
-2.057160735130310059e-01
-7.821558415889739990e-02
-1.035952195525169373e-01
-2.985569881275296211e-03
4.228896647691726685e-02
3.505059778690338135e-01
-4.363894462585449219e-02
9.011032432317733765e-02
-1.607711194083094597e-03
2.626354806125164032e-03
-4.195529501885175705e-03
2.210401580668985844e-04
7.762033026665449142e-03
-2.277988241985440254e-04
-7.050562999211251736e-04
-1.723420136841014028e-04
3.840773133561015129e-04
-1.989548472920432687e-04
2.369053399888798594e-04
-2.717926399782299995e-04
5.406298441812396049e-04
9.640260832384228706e-04
5.621272721327841282e-04
7.221057312563061714e-04
1.361166359856724739e-03
7.811829564161598682e-04
-4.502380266785621643e-03
7.555386051535606384e-03
-1.710299169644713402e-03
-6.195735768415033817e-04
-1.379031804390251637e-03
-2.153183049813378602e-05
-4.488151171244680882e-04
-2.035676152445375919e-04
-6.402566214092075825e-04
-7.373420521616935730e-04
-4.510692087933421135e-04
-2.011099597439169884e-03
-3.093377163168042898e-04
1.099480941775254905e-04
-1.702170819044113159e-03
1.419792301021516323e-03
-3.315021749585866928e-03
-7.132401806302368641e-04
3.084910567849874496e-03
-3.980852663516998291e-03
-2.039412260055541992e-01
-8.342625200748443604e-02
2.490826696157455444e-02
5.214679986238479614e-02
-7.855370640754699707e-02
4.555298388004302979e-02
2.002073228359222412e-01
7.333178073167800903e-02
1.566392928361892700e-01
1.702033579349517822e-01
-2.064827531576156616e-01
-1.655114740133285522e-01
-9.598987549543380737e-02
-1.109627634286880493e-01
