-2.120477408170700073e-01
-1.312155555933713913e-02
6.768889725208282471e-02
2.342824079096317291e-02
3.044145107269287109e-01
-1.775530725717544556e-01
2.560088038444519043e-02
-1.686532609164714813e-02
1.832169145345687866e-01
-5.022286623716354370e-02
1.543784439563751221e-01
1.522734463214874268e-01
1.295387744903564453e-01
-4.044411703944206238e-02
-3.517612442374229431e-02
1.132812276482582092e-01
-2.748574018478393555e-01
-1.884602569043636322e-02
6.485919654369354248e-02
3.489575162529945374e-02
-3.700243309140205383e-02
2.904082462191581726e-02
-7.482962310314178467e-02
3.731944039463996887e-02
4.870215058326721191e-02
-1.171032413840293884e-01
1.293957382440567017e-01
-1.024697050452232361e-01
4.701455682516098022e-02
-9.481479413807392120e-03
-3.508689999580383301e-02
6.310158967971801758e-02
-8.580599725246429443e-02
9.111025184392929077e-02
-6.675111502408981323e-02
3.827801719307899475e-02
3.029671311378479004e-02
-1.021072939038276672e-01
1.669731140136718750e-01
-2.173559963703155518e-01
1.909026205539703369e-01
-1.170030757784843445e-01
-5.636840686202049255e-02
1.127526462078094482e-01
-6.556189060211181641e-02
3.320843353867530823e-02
-1.826273649930953979e-01
-1.039199903607368469e-01
-1.626803427934646606e-01
-2.243451625108718872e-01
-9.630479663610458374e-02
7.256126403808593750e-02
-4.323538839817047119e-01
5.906306952238082886e-02
-6.905717402696609497e-02
3.410041704773902893e-02
-1.732855290174484253e-01
9.764961898326873779e-02
-6.668479740619659424e-02
1.725602149963378906e-01
9.637106955051422119e-02
-9.240882098674774170e-02
5.508433282375335693e-02
-1.647010445594787598e-02
-2.703008651733398438e-01
