-2.857107818126678467e-01
1.587734371423721313e-01
-9.713508188724517822e-02
-8.298466354608535767e-02
-1.733643114566802979e-01
-9.566249698400497437e-02
-1.072136312723159790e-01
1.516944915056228638e-01
-7.940892875194549561e-02
-4.072863608598709106e-02
-2.822655998170375824e-02
-1.252102851867675781e-01
8.209324628114700317e-02
-8.126635104417800903e-02
-3.171204030513763428e-02
-1.580138951539993286e-01
-5.528644472360610962e-02
-6.018249318003654480e-02
-1.459899395704269409e-01
4.665870219469070435e-02
-1.700154854916036129e-03
-1.650838106870651245e-01
3.370763268321752548e-03
-8.956678956747055054e-02
-8.025319874286651611e-02
-3.676052019000053406e-02
-1.134470924735069275e-01
-2.416008617728948593e-03
-1.147208586335182190e-01
9.875102899968624115e-03
-9.503089636564254761e-02
1.865002885460853577e-02
-7.363095879554748535e-02
4.936779290437698364e-02
-3.335956111550331116e-02
6.338377296924591064e-02
2.559599839150905609e-02
6.007350236177444458e-02
4.889421537518501282e-02
7.361126691102981567e-02
2.026114426553249359e-02
1.031417250633239746e-01
-2.442202530801296234e-02
5.107564479112625122e-02
5.531917512416839600e-02
2.700641192495822906e-02
-2.956257164478302002e-01
1.358971446752548218e-01
7.599770277738571167e-02
7.628364837728440762e-04
8.257897570729255676e-03
-1.348919570446014404e-01
1.326123923063278198e-01
6.968510150909423828e-02
1.211994811892509460e-01
8.989446610212326050e-02
8.885873109102249146e-02
-1.248345375061035156e-01
-1.963743381202220917e-02
1.953287571668624878e-01
1.011783909052610397e-02
1.895101368427276611e-02
-1.450612209737300873e-02
-2.210656702518463135e-01
-1.512914150953292847e-01
