-6.747101992368698120e-02
-4.595953226089477539e-02
1.273757666349411011e-01
-3.641539067029953003e-02
-1.765792258083820343e-02
-3.353724181652069092e-01
-1.395071744918823242e-01
7.452168967574834824e-03
1.081371307373046875e-01
-3.391319811344146729e-01
5.361151695251464844e-02
-2.117637991905212402e-01
2.136924117803573608e-01
-2.262654900550842285e-01
1.546265333890914917e-01
-1.015794277191162109e-01
1.459944546222686768e-01
-8.370634913444519043e-02
-3.275468572974205017e-02
-2.487206459045410156e-02
-1.288264244794845581e-01
-4.850083962082862854e-02
-1.334162354469299316e-01
2.241947874426841736e-02
1.434236764907836914e-01
-2.920407056808471680e-01
-1.209171712398529053e-01
1.544688344001770020e-01
-1.243048831820487976e-01
-1.867668926715850830e-01
-1.214019581675529480e-01
1.073079854249954224e-01
5.261954665184020996e-02
