4.907568171620368958e-02
-1.859788745641708374e-01
-3.227306902408599854e-02
-2.936104536056518555e-01
3.353123068809509277e-01
1.653441786766052246e-01
1.840230226516723633e-01
7.402319461107254028e-03
-4.354591481387615204e-03
-1.232034433633089066e-02
-2.975807990878820419e-03
-7.839793339371681213e-03
-1.021767128258943558e-02
-1.672041043639183044e-02
-1.745556108653545380e-02
6.274517159909009933e-03
-3.437716513872146606e-02
5.408055614680051804e-03
1.706166658550500870e-03
1.108670490793883801e-03
-1.685473136603832245e-03
1.525845495052635670e-03
-1.422510365955531597e-03
-1.590949483215808868e-03
1.607044339179992676e-01
3.035565316677093506e-01
2.239787727594375610e-01
6.100233644247055054e-02
9.961687773466110229e-02
-5.005538836121559143e-02
-1.158898789435625076e-02
6.965845823287963867e-02
-2.548088729381561279e-01
