-2.120477408170700073e-01
-1.312155555933713913e-02
6.768889725208282471e-02
2.342824079096317291e-02
3.044145107269287109e-01
-1.775530725717544556e-01
2.560120448470115662e-02
-1.686124503612518311e-02
1.832333803176879883e-01
-5.021016299724578857e-02
1.543836742639541626e-01
1.523734033107757568e-01
1.295882165431976318e-01
-4.075735807418823242e-02
-3.580747544765472412e-02
1.113633736968040466e-01
-2.793990075588226318e-01
-2.277527935802936554e-02
6.962519139051437378e-02
5.117729678750038147e-02
-2.217413298785686493e-02
2.204292826354503632e-02
-7.741420716047286987e-02
8.341316133737564087e-02
7.207332551479339600e-02
-1.325963735580444336e-01
1.591683328151702881e-01
-8.964074403047561646e-02
5.440769717097282410e-02
5.681510083377361298e-04
-1.966065354645252228e-02
5.957418307662010193e-02
-9.802895039319992065e-02
1.206303611397743225e-01
-1.265273392200469971e-01
6.657819449901580811e-02
2.575574256479740143e-02
-1.761326491832733154e-01
1.920851320028305054e-01
-2.016451954841613770e-01
1.435749530792236328e-01
-2.011958807706832886e-01
-1.256530731916427612e-01
8.602041006088256836e-02
-7.627017796039581299e-02
2.111699990928173065e-02
-1.927004903554916382e-01
-1.091146990656852722e-01
-1.645245403051376343e-01
-2.247548103332519531e-01
-9.645467996597290039e-02
7.236963510513305664e-02
-4.324519634246826172e-01
5.904629081487655640e-02
-6.905756890773773193e-02
3.410053625702857971e-02
-1.732855141162872314e-01
9.764961898326873779e-02
-6.668479740619659424e-02
1.725602149963378906e-01
9.637106955051422119e-02
-9.240882098674774170e-02
5.508433282375335693e-02
-1.647010445594787598e-02
-2.703008651733398438e-01
