5.383685603737831116e-02
-6.333056092262268066e-02
3.668696805834770203e-02
2.756121754646301270e-01
2.761108875274658203e-01
1.113208308815956116e-01
-2.193446084856987000e-02
9.635098278522491455e-02
7.666168361902236938e-02
1.574504524469375610e-01
-6.018375232815742493e-02
1.810032576322555542e-01
7.116020191460847855e-03
-2.098399773240089417e-02
6.382468342781066895e-02
-1.038011312484741211e-01
-6.936881982255727053e-05
-3.350833058357238770e-02
1.308829188346862793e-01
2.203320711851119995e-02
2.010245323181152344e-01
2.686646580696105957e-02
1.645739078521728516e-01
2.033779025077819824e-01
-6.138546392321586609e-02
1.909433752298355103e-01
-1.248144432902336121e-01
1.154172122478485107e-01
7.399357855319976807e-02
-9.824104607105255127e-02
-2.031556218862533569e-01
-4.171780124306678772e-02
2.084533572196960449e-01
