9.813818335533142090e-02
5.852907523512840271e-02
7.909266650676727295e-02
-2.599054132588207722e-04
7.640524953603744507e-02
-1.560161709785461426e-01
1.263184398412704468e-01
3.168976306915283203e-02
1.722423285245895386e-01
1.243527978658676147e-01
9.671837091445922852e-02
2.581701576709747314e-01
2.604119777679443359e-01
1.264045387506484985e-02
1.923085302114486694e-01
-8.756855130195617676e-02
4.945771023631095886e-02
-9.023124724626541138e-02
-2.049377262592315674e-01
2.638407349586486816e-01
1.065612509846687317e-01
-1.916434988379478455e-02
1.452999282628297806e-02
3.747727870941162109e-01
1.431218683719635010e-01
1.172306537628173828e-01
2.498647719621658325e-01
-2.678483724594116211e-02
-1.284559965133666992e-01
5.395344644784927368e-02
2.187020629644393921e-01
1.746121942996978760e-01
1.676352024078369141e-01
