3.776967227458953857e-01
2.806215882301330566e-01
-1.008200272917747498e-01
-3.271616101264953613e-01
2.258827239274978638e-01
2.173998206853866577e-02
-3.468255745247006416e-03
1.341190841048955917e-02
6.776571739464998245e-03
1.581585220992565155e-02
1.281557697802782059e-02
5.303111858665943146e-03
5.688767414540052414e-03
-7.470232434570789337e-03
-1.800565607845783234e-02
2.103533744812011719e-01
-8.924239873886108398e-02
1.133546009659767151e-01
7.672904431819915771e-02
5.127973854541778564e-02
3.316392749547958374e-02
2.335941605269908905e-02
2.070179022848606110e-02
1.740723848342895508e-02
3.259883821010589600e-02
3.071014396846294403e-02
-3.020290751010179520e-04
1.334189176559448242e-01
-8.303038775920867920e-02
-1.169097516685724258e-02
1.332599818706512451e-01
-1.118473708629608154e-01
-2.416797429323196411e-01
