-3.409631550312042236e-02
1.776473969221115112e-01
-1.642752289772033691e-01
-1.666338294744491577e-01
3.687475994229316711e-02
-3.373005427420139313e-03
-1.302355155348777771e-02
-1.823701709508895874e-02
-1.035237032920122147e-02
-2.275788970291614532e-02
-2.330803312361240387e-02
-3.055043146014213562e-02
-4.056819900870323181e-02
-6.315147131681442261e-02
-8.812554925680160522e-02
6.164252758026123047e-02
-1.766411513090133667e-01
2.349874749779701233e-02
6.004904396831989288e-03
6.618250044994056225e-04
-6.564771290868520737e-03
-8.383537642657756805e-03
-8.789693936705589294e-03
-9.045955725014209747e-03
-4.037251695990562439e-03
4.802532028406858444e-03
2.273878641426563263e-02
-1.791622191667556763e-01
1.606859965249896049e-03
-1.257354021072387695e-01
2.401555180549621582e-01
1.056494936347007751e-01
4.638418182730674744e-02
