-4.400283470749855042e-02
1.535112708806991577e-01
-4.504637420177459717e-02
2.196807563304901123e-01
-1.967985332012176514e-01
1.889253966510295868e-02
-1.546955406665802002e-01
2.481220057234168053e-03
-1.756829908117651939e-03
6.668165791779756546e-03
5.644013639539480209e-03
6.736435461789369583e-03
1.166436728090047836e-02
2.387912012636661530e-02
3.526735305786132812e-02
-9.556726366281509399e-02
5.765333026647567749e-02
-5.829248204827308655e-02
-3.490750864148139954e-02
-2.194307371973991394e-02
-1.373292785137891769e-02
-1.176313962787389755e-02
-5.202475935220718384e-03
-4.814232699573040009e-03
-2.912514843046665192e-03
-1.023724824190139771e-01
-3.152325153350830078e-01
4.631648361682891846e-01
-7.760147750377655029e-02
3.072298765182495117e-01
-1.784492097795009613e-02
9.676714241504669189e-02
2.124778628349304199e-01
