-5.127566307783126831e-02
1.235993728041648865e-01
-2.383714355528354645e-02
1.973810344934463501e-01
-1.437181830406188965e-01
-2.515457272529602051e-01
-1.428049057722091675e-01
-8.412781357765197754e-02
1.975232176482677460e-02
-4.961034655570983887e-02
-9.924350678920745850e-02
6.496771425008773804e-02
-5.619456060230731964e-04
-3.280993178486824036e-02
2.551537938416004181e-02
-2.634093724191188812e-02
7.397256791591644287e-03
4.089050344191491604e-05
-2.606128109619021416e-03
9.492633864283561707e-03
1.025101752020418644e-03
-2.515741065144538879e-02
9.966081939637660980e-03
-7.692454755306243896e-02
2.284723371267318726e-01
1.749207079410552979e-01
-2.311242222785949707e-01
2.239530533552169800e-02
-2.529696524143218994e-01
-1.130513921380043030e-01
-2.204712629318237305e-01
-1.851896345615386963e-01
6.737544201314449310e-03
