6.959041929803788662e-04
-6.423502415418624878e-02
1.511196047067642212e-01
1.364276651293039322e-02
2.920041605830192566e-02
2.380808740854263306e-01
-1.478483229875564575e-01
1.113390251994132996e-01
5.051002837717533112e-03
-1.902678757905960083e-01
3.049779869616031647e-02
5.762195587158203125e-02
1.522366851568222046e-01
-2.459029108285903931e-01
-8.539175987243652344e-02
2.132476270198822021e-01
3.949251770973205566e-02
-3.833303600549697876e-02
1.420657485723495483e-01
1.396687608212232590e-02
-1.447686273604631424e-02
-2.088104933500289917e-01
2.951904237270355225e-01
-2.313220174983143806e-03
1.257321983575820923e-01
2.985079884529113770e-01
5.053801462054252625e-02
3.090147972106933594e-01
1.388891190290451050e-01
1.637648940086364746e-01
1.006280332803726196e-01
-2.401049621403217316e-02
-3.144601359963417053e-02
-1.760971248149871826e-01
-6.203529611229896545e-02
-1.752786487340927124e-01
-8.767207711935043335e-02
-1.154070049524307251e-01
4.289837088435888290e-03
-1.845225691795349121e-01
-5.849226564168930054e-02
7.715074717998504639e-02
-1.780979037284851074e-01
3.004808165132999420e-02
7.332167029380798340e-02
2.556153833866119385e-01
3.551607951521873474e-02
-8.828962594270706177e-02
6.820805370807647705e-02
1.083777919411659241e-01
-7.664610445499420166e-02
2.933409214019775391e-01
1.838670223951339722e-01
-2.620793879032135010e-01
9.967387467622756958e-02
-3.070370666682720184e-02
5.461741611361503601e-02
-1.281105577945709229e-01
6.033089384436607361e-02
8.768852055072784424e-02
-9.629997611045837402e-02
2.130117034539580345e-03
-2.107231914997100830e-01
-5.969077721238136292e-02
-1.624642759561538696e-01
