9.170515090227127075e-02
1.095931977033615112e-01
2.106468379497528076e-01
2.608528137207031250e-01
-2.025960087776184082e-01
1.712787300348281860e-01
-9.043022990226745605e-02
-6.291045993566513062e-02
-1.974382400512695312e-01
6.869363039731979370e-02
-8.899340406060218811e-03
-2.782194502651691437e-02
3.213780522346496582e-01
6.174492835998535156e-02
9.063341468572616577e-02
1.541561335325241089e-01
4.326110705733299255e-02
-7.972284406423568726e-02
-2.807922847568988800e-02
-2.547047138214111328e-01
-1.508078128099441528e-01
4.944902658462524414e-02
2.492967527359724045e-03
-2.037909328937530518e-01
1.055970089510083199e-03
-9.969594329595565796e-02
-2.218865156173706055e-01
5.124763771891593933e-02
-2.438376247882843018e-01
1.077099889516830444e-02
-1.055026128888130188e-01
-4.150219634175300598e-02
2.024543657898902893e-02
-1.181585993617773056e-02
7.479864358901977539e-02
5.425132066011428833e-02
4.461410641670227051e-02
1.336336433887481689e-01
5.614091176539659500e-03
5.593786761164665222e-02
1.211636140942573547e-01
6.539544463157653809e-02
-9.056995064020156860e-02
-1.044557914137840271e-01
-1.243845000863075256e-01
-5.156608298420906067e-02
1.177064627408981323e-01
-2.166175544261932373e-01
-3.734298944473266602e-01
-1.036397814750671387e-01
3.179669380187988281e-03
3.532838448882102966e-02
1.450995504856109619e-01
-5.363134667277336121e-02
-1.049819439649581909e-01
-5.509323626756668091e-02
-2.745755016803741455e-01
1.247015744447708130e-01
2.868241369724273682e-01
1.424226630479097366e-02
3.521607443690299988e-02
1.009015291929244995e-01
-5.107999313622713089e-04
8.865747600793838501e-02
-5.846491828560829163e-02
