-2.120477408170700073e-01
-1.312155555933713913e-02
6.768889725208282471e-02
2.342824079096317291e-02
3.044145107269287109e-01
-1.775530725717544556e-01
2.560102194547653198e-02
-1.686344668269157410e-02
1.832261383533477783e-01
-5.020471662282943726e-02
1.544060558080673218e-01
1.523386090993881226e-01
1.296259462833404541e-01
-4.041894152760505676e-02
-3.533065691590309143e-02
1.124930083751678467e-01
-2.766490578651428223e-01
-2.018219605088233948e-02
6.695770472288131714e-02
4.059496149420738220e-02
-3.296590223908424377e-02
2.449801936745643616e-02
-8.000653982162475586e-02
4.599412530660629272e-02
5.186972022056579590e-02
-1.227344572544097900e-01
1.350305974483489990e-01
-1.043823435902595520e-01
5.137908831238746643e-02
-8.851905353367328644e-03
-3.770280256867408752e-02
6.455749273300170898e-02
-9.111797064542770386e-02
1.033197566866874695e-01
-8.019365370273590088e-02
3.922685980796813965e-02
3.146464377641677856e-02
-1.115095019340515137e-01
1.749069988727569580e-01
-2.142522484064102173e-01
1.933436393737792969e-01
-1.188454553484916687e-01
-6.020991504192352295e-02
1.151933670043945312e-01
-6.347317248582839966e-02
3.114410862326622009e-02
-1.858190000057220459e-01
-1.059916988015174866e-01
-1.635915338993072510e-01
-2.246548384428024292e-01
-9.642227739095687866e-02
7.247740030288696289e-02
-4.323924779891967773e-01
5.905609205365180969e-02
-6.905763596296310425e-02
3.410040587186813354e-02
-1.732855290174484253e-01
9.764961898326873779e-02
-6.668479740619659424e-02
1.725602149963378906e-01
9.637106955051422119e-02
-9.240882098674774170e-02
5.508433282375335693e-02
-1.647010445594787598e-02
-2.703008651733398438e-01
