-1.711805313825607300e-01
-1.507668793201446533e-01
-2.266281694173812866e-01
1.685144901275634766e-01
4.069605171680450439e-01
2.345879971981048584e-01
2.282205373048782349e-01
-6.774032115936279297e-02
3.408369142562150955e-03
1.959535479545593262e-01
-9.913010150194168091e-02
2.397924214601516724e-01
-2.065084725618362427e-01
1.888671666383743286e-01
-7.892373204231262207e-02
-5.014256015419960022e-02
7.180748134851455688e-02
-1.468297988176345825e-01
1.756399273872375488e-01
9.154578298330307007e-02
-1.239128559827804565e-01
2.659190595149993896e-01
1.130758747458457947e-01
-4.609427973628044128e-02
-2.016110122203826904e-01
7.615995407104492188e-02
-1.184202916920185089e-02
-4.238406941294670105e-02
2.050581388175487518e-02
1.456879228353500366e-01
3.376019895076751709e-01
1.732431799173355103e-01
1.597444713115692139e-01
