-1.610659807920455933e-02
-4.226920660585165024e-03
1.624897271394729614e-01
6.718379911035299301e-03
9.510304778814315796e-02
-1.336502581834793091e-01
1.183965504169464111e-01
2.522679567337036133e-01
2.698242664337158203e-01
-2.320729792118072510e-01
1.783492565155029297e-01
-2.059032618999481201e-01
1.357196271419525146e-01
-1.464531719684600830e-01
8.858113735914230347e-02
-7.783512026071548462e-02
5.415530130267143250e-02
-3.320650383830070496e-02
2.372599020600318909e-02
2.638068795204162598e-02
-4.033012315630912781e-02
9.283173829317092896e-02
-6.715596467256546021e-02
-7.575407624244689941e-02
6.921982020139694214e-02
-2.417314797639846802e-01
-2.150435745716094971e-02
2.521899044513702393e-01
-8.400239981710910797e-03
-7.983376830816268921e-02
-3.693876415491104126e-02
1.797669082880020142e-01
8.157270401716232300e-02
