-3.751078248023986816e-02
1.309897601604461670e-01
-3.845027834177017212e-02
1.876769065856933594e-01
-1.690917164087295532e-01
2.641557529568672180e-02
-1.693453788757324219e-01
1.582594662904739380e-01
-1.228264421224594116e-01
-5.400772020220756531e-02
-1.345937848091125488e-01
-8.437119424343109131e-02
1.642373763024806976e-02
1.737506687641143799e-02
-6.676020566374063492e-03
-2.841459936462342739e-04
1.133944489993155003e-03
8.415256161242723465e-05
1.321423333138227463e-03
7.101139635778963566e-04
1.609843457117676735e-04
4.844166978728026152e-04
3.774368378799408674e-04
5.045380021329037845e-05
2.774919266812503338e-04
4.039667255710810423e-04
-2.550226345192641020e-04
-1.528891298221424222e-04
-2.292530261911451817e-04
-3.686889831442385912e-04
4.434383939951658249e-03
-5.437888321466743946e-04
1.041854172945022583e-02
1.264311867998912930e-04
-1.432946068234741688e-03
-8.646835340186953545e-04
-1.108648866647854447e-04
-1.178935635834932327e-04
-2.001401880988851190e-04
5.915190558880567551e-04
-4.984919214621186256e-04
-7.118018111214041710e-04
8.651531970826908946e-05
-2.022001892328262329e-03
-6.577610038220882416e-04
1.303859899053350091e-04
-3.991911653429269791e-03
-2.521774033084511757e-03
3.237517084926366806e-03
3.688106313347816467e-02
-2.809276338666677475e-03
-1.894425600767135620e-02
-1.097137928009033203e-01
1.826702617108821869e-02
1.741472072899341583e-02
1.321673952043056488e-02
-2.046875096857547760e-02
1.233171373605728149e-01
3.369091451168060303e-01
-1.245307698845863342e-01
-2.202061116695404053e-01
3.364823386073112488e-02
5.673604458570480347e-02
-4.693575948476791382e-02
-2.258341759443283081e-01
