9.170515090227127075e-02
1.095931977033615112e-01
2.106468379497528076e-01
2.608528137207031250e-01
-2.025960087776184082e-01
1.712786108255386353e-01
-9.043186902999877930e-02
-6.291970610618591309e-02
-1.974599957466125488e-01
6.866403669118881226e-02
-8.927633054554462433e-03
-2.780074998736381531e-02
3.215660452842712402e-01
6.218241900205612183e-02
9.117282181978225708e-02
1.544933915138244629e-01
4.323893040418624878e-02
-8.019216358661651611e-02
-2.931319922208786011e-02
-2.570467293262481689e-01
-1.505251079797744751e-01
5.784521996974945068e-02
1.718975044786930084e-02
-1.892561465501785278e-01
1.160443993285298347e-03
-1.401189416646957397e-01
-2.869082987308502197e-01
-9.000545367598533630e-03
-3.102949559688568115e-01
-3.034381195902824402e-02
-1.164305210113525391e-01
-1.011460553854703903e-02
1.033770218491554260e-01
9.294945746660232544e-02
1.828465908765792847e-01
1.450221985578536987e-01
1.379608362913131714e-01
1.869384795427322388e-01
3.234151517972350121e-03
7.793189585208892822e-02
1.655299365520477295e-01
7.058111578226089478e-02
-1.270364373922348022e-01
-1.441313028335571289e-01
-1.472081094980239868e-01
-6.046828627586364746e-02
1.142160892486572266e-01
-2.189297974109649658e-01
-3.752111494541168213e-01
-1.045839488506317139e-01
2.831110497936606407e-03
3.517734631896018982e-02
1.450726687908172607e-01
-5.356283858418464661e-02
-1.049258634448051453e-01
-5.509236454963684082e-02
-2.745839059352874756e-01
1.246995702385902405e-01
2.868239879608154297e-01
1.424226164817810059e-02
3.521607443690299988e-02
1.009015291929244995e-01
-5.107999313622713089e-04
8.865747600793838501e-02
-5.846491828560829163e-02
