-1.299472805112600327e-02
-3.409307450056076050e-03
1.311003118753433228e-01
5.419589113444089890e-03
7.677470892667770386e-02
-1.071466580033302307e-01
9.913288056850433350e-02
2.145825624465942383e-01
2.341967970132827759e-01
-1.977954357862472534e-01
8.299666643142700195e-02
-1.856451332569122314e-01
1.073582023382186890e-01
-2.358917146921157837e-01
1.009139046072959900e-01
-1.217714045196771622e-02
-1.481416542083024979e-02
1.407357752323150635e-01
-1.137045845389366150e-01
-8.087163418531417847e-02
5.315742455422878265e-03
-5.662678182125091553e-02
-6.312508881092071533e-02
-9.825541079044342041e-02
-6.163358688354492188e-02
-1.069193258881568909e-01
-8.937110751867294312e-02
-9.419351816177368164e-02
-7.368229329586029053e-02
-9.731139242649078369e-02
-3.125170618295669556e-02
-7.271312177181243896e-02
7.260893005877733231e-03
-1.938594132661819458e-02
2.456776797771453857e-02
4.876792430877685547e-02
2.651267684996128082e-02
9.548054635524749756e-02
7.571031898260116577e-02
1.932796649634838104e-02
1.670941412448883057e-01
-5.436614900827407837e-02
4.273062571883201599e-02
1.352798640727996826e-01
-5.358804389834403992e-02
-6.100127100944519043e-02
-2.566944994032382965e-02
1.378201246261596680e-01
-3.354157134890556335e-02
1.130360513925552368e-01
4.585830960422754288e-03
-3.437088057398796082e-02
2.393257468938827515e-01
3.840455785393714905e-02
-1.518046259880065918e-01
2.072121202945709229e-01
4.719596356153488159e-02
-3.976674005389213562e-02
2.469373047351837158e-01
-3.867837786674499512e-02
6.158608198165893555e-02
-3.557468065991997719e-03
2.977666258811950684e-02
4.678497556596994400e-03
8.067430555820465088e-02
