-3.409631550312042236e-02
1.776473969221115112e-01
-1.411314029246568680e-02
-3.424858748912811279e-01
9.031142108142375946e-03
2.361329942941665649e-01
1.235614344477653503e-01
-7.569715380668640137e-04
-4.463415592908859253e-03
-1.701988046988844872e-03
-2.954267896711826324e-03
-6.104439962655305862e-04
-6.251587183214724064e-04
-2.054204698652029037e-03
-3.168633207678794861e-03
7.601079065352678299e-03
-8.776629343628883362e-03
3.932361025363206863e-03
3.229016903787851334e-03
1.921470044180750847e-03
1.142295193858444691e-03
1.700079184956848621e-03
-1.061416696757078171e-03
-1.759201040840707719e-05
2.265702700242400169e-03
1.194019429385662079e-02
-1.699832230806350708e-01
-2.659570574760437012e-01
9.405902028083801270e-02
-1.257354021072387695e-01
2.401555180549621582e-01
1.056494936347007751e-01
4.638418182730674744e-02
