1.577375642955303192e-02
-1.093995273113250732e-01
-5.839014798402786255e-02
7.836580276489257812e-02
4.796075075864791870e-02
-1.255740877240896225e-02
-9.631867520511150360e-03
1.641198098659515381e-01
1.790039390325546265e-01
1.639377176761627197e-01
-1.788247823715209961e-01
-6.887870281934738159e-02
-5.236621573567390442e-02
1.755432486534118652e-01
1.488047689199447632e-01
-1.142953261733055115e-01
-1.803421378135681152e-01
-1.490168273448944092e-01
-1.002661883831024170e-01
-6.009727343916893005e-02
7.796306908130645752e-02
1.188534945249557495e-01
-1.514479070901870728e-01
-2.651872336864471436e-01
-7.562311738729476929e-02
-1.619995683431625366e-01
-2.184147238731384277e-01
-1.147399768233299255e-01
-1.342145502567291260e-01
-5.760582536458969116e-02
-3.600960597395896912e-02
-6.317207124084234238e-03
9.441982954740524292e-02
1.719524268992245197e-03
1.396532952785491943e-01
-4.026233404874801636e-02
8.928792178630828857e-02
-3.546403720974922180e-02
-3.349169716238975525e-02
5.894819274544715881e-03
-1.045916974544525146e-01
7.294956594705581665e-02
-1.505192667245864868e-01
6.010131165385246277e-02
3.488926589488983154e-02
-5.529401078820228577e-02
-8.978018164634704590e-02
4.897583648562431335e-02
8.914475888013839722e-02
4.877841845154762268e-02
2.622245252132415771e-01
-3.771004453301429749e-02
-2.424836158752441406e-01
8.309545367956161499e-02
-2.581294476985931396e-01
1.225828677415847778e-01
8.496874570846557617e-02
6.765495054423809052e-03
5.838685110211372375e-02
6.712510436773300171e-02
1.058021793141961098e-03
-3.004406392574310303e-02
1.776458472013473511e-01
2.214665897190570831e-02
-4.321092739701271057e-02
