4.907568171620368958e-02
-1.859788745641708374e-01
-3.227306902408599854e-02
-2.552559375762939453e-01
2.969985604286193848e-01
3.912327438592910767e-02
1.555211748927831650e-02
1.341682393103837967e-02
1.566699333488941193e-02
6.780298892408609390e-03
1.180491689592599869e-02
4.440762102603912354e-03
2.090030349791049957e-03
-5.218583159148693085e-03
-2.196208387613296509e-02
1.790373176336288452e-01
-7.422263920307159424e-02
9.565683454275131226e-02
6.508399546146392822e-02
4.496314376592636108e-02
2.956370823085308075e-02
2.153851836919784546e-02
1.884286850690841675e-02
6.886314135044813156e-03
1.499435678124427795e-02
9.575333446264266968e-03
3.863359987735748291e-02
8.077803254127502441e-02
9.711402654647827148e-02
-5.005538836121559143e-02
-1.158898789435625076e-02
6.965845823287963867e-02
-2.548088729381561279e-01
