-4.400283470749855042e-02
1.535112708806991577e-01
-4.504637420177459717e-02
2.196807563304901123e-01
-1.967985332012176514e-01
1.889253966510295868e-02
-1.561711728572845459e-01
-1.977447886019945145e-03
-3.707817057147622108e-03
2.152520231902599335e-03
7.296857424080371857e-03
1.143790129572153091e-02
1.524128112941980362e-02
2.744331210851669312e-02
4.140935093164443970e-02
-1.204669028520584106e-01
6.432659924030303955e-02
-7.059683650732040405e-02
-4.689261317253112793e-02
-2.867043577134609222e-02
-1.850965619087219238e-02
-1.069370377808809280e-02
-7.709830999374389648e-03
-3.093150211498141289e-03
6.312954355962574482e-04
-1.027498170733451843e-01
-3.149274289608001709e-01
4.631648361682891846e-01
-7.760147750377655029e-02
3.072298765182495117e-01
-1.784492097795009613e-02
9.676714241504669189e-02
2.124778628349304199e-01
