-3.409631550312042236e-02
1.776473969221115112e-01
-7.510830461978912354e-02
-2.766543328762054443e-01
-6.035650148987770081e-03
4.117377102375030518e-02
1.100157853215932846e-02
-8.083737455308437347e-03
-1.398733351379632950e-02
-1.853025890886783600e-02
-2.834637835621833801e-02
-3.358399122953414917e-02
-4.934169724583625793e-02
-7.810854166746139526e-02
-1.093683242797851562e-01
7.684569805860519409e-02
-2.052658796310424805e-01
3.268703445792198181e-02
1.207622047513723373e-02
-5.838390439748764038e-03
-9.459761902689933777e-03
-9.703272953629493713e-03
-1.264699548482894897e-02
-1.916291541419923306e-03
-5.933985114097595215e-03
2.012862451374530792e-02
-8.266312628984451294e-02
-1.840509921312332153e-01
1.885976642370223999e-02
-1.257354021072387695e-01
2.401555180549621582e-01
1.056494936347007751e-01
4.638418182730674744e-02
