-4.400283470749855042e-02
1.535112708806991577e-01
-4.504637420177459717e-02
2.196807563304901123e-01
-1.967985332012176514e-01
-8.075444400310516357e-02
-7.244375348091125488e-02
1.441954262554645538e-02
-1.809275476261973381e-03
4.565560724586248398e-03
6.266290321946144104e-03
1.042826287448406219e-02
1.728556863963603973e-02
3.089168481528759003e-02
5.390456691384315491e-02
-1.975672692060470581e-01
9.945233911275863647e-02
-1.117717027664184570e-01
-7.375106960535049438e-02
-4.833717271685600281e-02
-3.184767812490463257e-02
-2.072782814502716064e-02
-1.858079619705677032e-02
-1.044561620801687241e-02
-7.310145068913698196e-03
-7.630173861980438232e-02
-3.300908803939819336e-01
4.631648361682891846e-01
-7.760147750377655029e-02
3.072298765182495117e-01
-1.784492097795009613e-02
9.676714241504669189e-02
2.124778628349304199e-01
