6.959041929803788662e-04
-6.423502415418624878e-02
1.511196047067642212e-01
1.364276651293039322e-02
2.920041605830192566e-02
2.380808740854263306e-01
-1.478483229875564575e-01
1.113390251994132996e-01
5.050987470895051956e-03
-1.902685165405273438e-01
3.049263730645179749e-02
5.760759487748146057e-02
1.522198319435119629e-01
-2.459876835346221924e-01
-8.578842878341674805e-02
2.121846675872802734e-01
3.738734126091003418e-02
-4.179536923766136169e-02
1.367999017238616943e-01
7.887962274253368378e-03
-2.059384807944297791e-02
-2.259208410978317261e-01
2.504051029682159424e-01
-8.011591434478759766e-02
1.308255922049283981e-02
1.623883396387100220e-01
-9.262435883283615112e-02
1.503449380397796631e-01
-9.009829722344875336e-03
5.614814534783363342e-02
4.316083341836929321e-02
-4.431287758052349091e-03
6.242957711219787598e-02
-5.510422214865684509e-02
3.572797030210494995e-02
-7.276938855648040771e-02
-4.599821753799915314e-03
-9.175722301006317139e-02
2.104306407272815704e-02
-1.522059440612792969e-01
-4.833590611815452576e-02
6.635999679565429688e-02
-1.902442723512649536e-01
1.458359695971012115e-02
5.442905426025390625e-02
2.401946783065795898e-01
2.652515657246112823e-02
-9.202645719051361084e-02
6.683861464262008667e-02
1.075279787182807922e-01
-7.720350474119186401e-02
2.930689156055450439e-01
1.837381720542907715e-01
-2.621273696422576904e-01
9.968143701553344727e-02
-3.069153614342212677e-02
5.462194979190826416e-02
-1.281095892190933228e-01
6.033097952604293823e-02
8.768852055072784424e-02
-9.629997611045837402e-02
2.130117034539580345e-03
-2.107231914997100830e-01
-5.969077721238136292e-02
-1.624642759561538696e-01
