3.661314025521278381e-02
-1.025500744581222534e-01
-3.592880442738533020e-02
1.352238059043884277e-01
8.482933044433593750e-02
-1.402740459889173508e-02
-3.954778984189033508e-02
1.580302715301513672e-01
1.938021928071975708e-01
2.636559307575225830e-01
-9.062715619802474976e-02
-2.971894107758998871e-02
-1.824170500040054321e-01
7.168682664632797241e-02
1.505411267280578613e-01
-1.169755086302757263e-01
-4.471120610833168030e-02
-6.376162171363830566e-02
1.980968862771987915e-01
6.131128221750259399e-02
1.600833684206008911e-01
-1.792144328355789185e-01
-1.532758474349975586e-01
6.326398998498916626e-02
-1.457538306713104248e-01
6.005396321415901184e-02
-2.514845132827758789e-01
2.652129344642162323e-02
2.025055512785911560e-02
-8.385881781578063965e-02
-1.332437247037887573e-01
3.877620026469230652e-02
2.998375296592712402e-01
