4.060095176100730896e-02
2.753902375698089600e-01
1.195715218782424927e-01
1.720771193504333496e-01
-3.081320226192474365e-01
-3.784909844398498535e-01
1.773335598409175873e-02
2.048644935712218285e-03
4.745165817439556122e-03
9.221298620104789734e-03
1.127503812313079834e-02
1.201285328716039658e-02
7.094293832778930664e-03
-3.848050720989704132e-03
-1.658027619123458862e-02
1.376382112503051758e-01
1.259318459779024124e-02
1.136009171605110168e-01
8.584272116422653198e-02
5.102348700165748596e-02
3.041993640363216400e-02
2.114027366042137146e-02
1.465515326708555222e-02
1.263589318841695786e-02
4.662031773477792740e-03
-8.148177713155746460e-02
1.139318719506263733e-01
1.081220582127571106e-01
-4.979457706212997437e-02
-5.271951481699943542e-02
1.881235279142856598e-02
1.117418408393859863e-01
-2.869512438774108887e-01
