-2.120477408170700073e-01
-1.312155555933713913e-02
6.768889725208282471e-02
2.342824079096317291e-02
3.044145107269287109e-01
-1.775530725717544556e-01
2.560083009302616119e-02
-1.686599664390087128e-02
1.832136213779449463e-01
-5.022939294576644897e-02
1.543681174516677856e-01
1.522488743066787720e-01
1.295069903135299683e-01
-4.045357927680015564e-02
-3.512561693787574768e-02
1.135644093155860901e-01
-2.741880714893341064e-01
-1.832173019647598267e-02
6.410069763660430908e-02
3.263913094997406006e-02
-3.908100724220275879e-02
2.970291301608085632e-02
-7.370095700025558472e-02
3.408873826265335083e-02
4.775125905871391296e-02
-1.143397986888885498e-01
1.298953741788864136e-01
-9.786896407604217529e-02
4.812248423695564270e-02
-1.036950107663869858e-02
-3.601353615522384644e-02
6.269782781600952148e-02
-8.158266544342041016e-02
8.601771295070648193e-02
-6.765313446521759033e-02
3.541816771030426025e-02
3.034709580242633820e-02
-9.890071302652359009e-02
1.651731878519058228e-01
-2.170535922050476074e-01
1.897527426481246948e-01
-1.177444979548454285e-01
-5.615401640534400940e-02
1.112796217203140259e-01
-6.658932566642761230e-02
3.381726145744323730e-02
-1.815361827611923218e-01
-1.031951159238815308e-01
-1.623599827289581299e-01
-2.242355197668075562e-01
-9.626364707946777344e-02
7.259108126163482666e-02
-4.323397874832153320e-01
5.906566977500915527e-02
-6.905700266361236572e-02
3.410042077302932739e-02
-1.732855290174484253e-01
9.764961898326873779e-02
-6.668479740619659424e-02
1.725602149963378906e-01
9.637106955051422119e-02
-9.240882098674774170e-02
5.508433282375335693e-02
-1.647010445594787598e-02
-2.703008651733398438e-01
