8.919386565685272217e-02
8.292243629693984985e-02
1.092306748032569885e-01
1.721752882003784180e-01
-1.142727024853229523e-02
-1.732521504163742065e-01
1.839944571256637573e-01
-4.223297815769910812e-03
2.596130594611167908e-03
-1.218997407704591751e-03
7.379549788311123848e-04
-1.633669715374708176e-03
-1.660043257288634777e-03
-3.442822955548763275e-03
-3.933254629373550415e-03
2.317757112905383110e-03
-1.159815676510334015e-02
7.392846513539552689e-03
4.884877242147922516e-03
3.220008453354239464e-03
4.985931329429149628e-03
2.540871035307645798e-03
5.721425404772162437e-04
3.964303527027368546e-03
5.816972255706787109e-02
1.041422560811042786e-01
-2.939711511135101318e-02
4.153059795498847961e-02
8.361114561557769775e-02
-4.099691808223724365e-01
-3.205395638942718506e-01
1.256295293569564819e-01
3.608196377754211426e-01
