7.740476634353399277e-03
1.376772075891494751e-01
1.132325679063796997e-01
1.527820229530334473e-01
-4.484416916966438293e-02
-2.454796247184276581e-02
-1.706079244613647461e-01
2.045436799526214600e-01
-1.463665626943111420e-02
-2.134277224540710449e-01
3.897778224200010300e-03
8.233451517298817635e-04
1.087754033505916595e-03
-1.490509486757218838e-03
-1.422724802978336811e-03
-4.203467688057571650e-04
6.078624865040183067e-04
2.430368214845657349e-03
1.089071971364319324e-03
2.950980851892381907e-04
1.787510118447244167e-03
1.892205444164574146e-03
4.460086580365896225e-03
4.746245103888213634e-04
4.402916820254176855e-04
3.466852067504078150e-04
-8.331038407050073147e-04
-2.168870065361261368e-03
-5.325330886989831924e-03
-2.099565230309963226e-02
-4.257271438837051392e-02
1.523327082395553589e-01
2.222467027604579926e-02
2.399667538702487946e-02
1.848313398659229279e-02
1.614265330135822296e-02
1.299621630460023880e-02
1.072037592530250549e-02
9.753316640853881836e-03
6.575871258974075317e-03
5.669207312166690826e-03
4.818823188543319702e-03
2.929852809756994247e-03
3.466135356575250626e-03
2.666003070771694183e-03
3.585611935704946518e-03
2.649336587637662888e-03
3.727957140654325485e-03
-1.647395692998543382e-04
1.521088299341499805e-03
2.118741627782583237e-03
-3.754539880901575089e-03
-3.626731410622596741e-02
-1.068658977746963501e-01
1.329150199890136719e-01
3.678119974210858345e-04
1.593561470508575439e-01
-1.287612915039062500e-01
9.719900041818618774e-02
-2.247738093137741089e-01
-2.705523073673248291e-01
-8.501808345317840576e-02
-9.390077739953994751e-02
-1.268851459026336670e-01
3.290667012333869934e-02
