-9.587533771991729736e-02
-9.637811034917831421e-02
-5.694390088319778442e-02
-1.270856112241744995e-01
4.728047177195549011e-02
-2.349623292684555054e-01
8.443751186132431030e-02
-8.396644890308380127e-02
3.516184985637664795e-01
-1.735798567533493042e-01
2.268148064613342285e-01
-2.144291996955871582e-01
9.302611649036407471e-02
2.826696075499057770e-02
1.742286235094070435e-01
-6.671816110610961914e-03
3.067703917622566223e-02
-2.041884064674377441e-01
-1.151212826371192932e-01
2.442590892314910889e-01
6.652228068560361862e-03
-1.651984900236129761e-01
-6.974077969789505005e-02
-6.795415282249450684e-02
-1.118073686957359314e-01
-2.408179789781570435e-01
-8.527590334415435791e-02
-2.131463587284088135e-01
-1.136363521218299866e-01
-1.347866654396057129e-01
-3.490712493658065796e-02
-3.681723773479461670e-02
9.378067404031753540e-02
4.861532524228096008e-02
1.512989103794097900e-01
1.731906086206436157e-01
8.699032664299011230e-02
2.511575222015380859e-01
3.714124439284205437e-03
2.466291189193725586e-01
-6.792494654655456543e-02
2.189455479383468628e-01
6.816464662551879883e-02
-1.724644303321838379e-01
-1.101740747690200806e-01
2.070982195436954498e-02
2.058722823858261108e-01
-6.582991033792495728e-02
3.766602138057351112e-03
-1.232353001832962036e-01
7.225798908621072769e-03
1.660896241664886475e-01
2.206825911998748779e-01
-1.106342077255249023e-01
1.269609779119491577e-01
6.655243784189224243e-02
2.237745821475982666e-01
-3.627714216709136963e-01
1.367810517549514771e-01
8.962330222129821777e-02
4.534547030925750732e-02
4.467700421810150146e-02
1.511083394289016724e-01
-1.445896327495574951e-01
-8.778146654367446899e-02
