-2.120477408170700073e-01
-1.312155555933713913e-02
6.768889725208282471e-02
2.342824079096317291e-02
3.044145107269287109e-01
-1.775530725717544556e-01
2.560135908424854279e-02
-1.685936003923416138e-02
1.832403242588043213e-01
-5.021155625581741333e-02
1.543459743261337280e-01
1.523192226886749268e-01
1.296990364789962769e-01
-4.009621590375900269e-02
-3.435249999165534973e-02
1.140258163213729858e-01
-2.753433287143707275e-01
-1.871190220117568970e-02
6.922573596239089966e-02
4.547692835330963135e-02
-2.201441116631031036e-02
3.253862261772155762e-02
-7.745072990655899048e-02
5.961788073182106018e-02
5.942597612738609314e-02
-1.272730529308319092e-01
1.433323621749877930e-01
-9.929206222295761108e-02
5.993667617440223694e-02
-3.685324918478727341e-04
-2.951049245893955231e-02
7.366225868463516235e-02
-9.370286762714385986e-02
1.036492437124252319e-01
-9.934374690055847168e-02
3.605465963482856750e-02
2.308952808380126953e-02
-1.297057420015335083e-01
1.744415909051895142e-01
-2.237010151147842407e-01
1.764185875654220581e-01
-1.351733505725860596e-01
-7.534483820199966431e-02
1.067709848284721375e-01
-6.660491973161697388e-02
2.945241332054138184e-02
-1.865052431821823120e-01
-1.054661199450492859e-01
-1.625477075576782227e-01
-2.235981374979019165e-01
-9.537006914615631104e-02
7.312420755624771118e-02
-4.322334229946136475e-01
5.905554816126823425e-02
-6.906341016292572021e-02
3.409966453909873962e-02
-1.732855588197708130e-01
9.764961898326873779e-02
-6.668479740619659424e-02
1.725602149963378906e-01
9.637106955051422119e-02
-9.240882098674774170e-02
5.508433282375335693e-02
-1.647010445594787598e-02
-2.703008651733398438e-01
