3.251604735851287842e-01
2.415868788957595825e-01
-8.663307875394821167e-02
-2.816471755504608154e-01
2.037943899631500244e-01
7.310039363801479340e-03
8.346672356128692627e-02
8.440886437892913818e-02
4.304762557148933411e-02
-7.522759586572647095e-02
-3.035926725715398788e-03
5.310977576300501823e-04
-1.755331293679773808e-03
7.285512052476406097e-03
-3.778516547754406929e-03
7.783198263496160507e-03
-2.810600446537137032e-03
2.678895602002739906e-03
3.271281253546476364e-03
-1.479061553254723549e-03
-6.507455836981534958e-04
1.695198821835219860e-03
3.768120077438652515e-04
1.656764070503413677e-03
2.992826048284769058e-03
1.052274485118687153e-03
-1.312471285928040743e-04
2.387809945503249764e-04
-5.280318669974803925e-03
-1.512187905609607697e-02
-3.004471026360988617e-02
1.301966756582260132e-01
3.149348869919776917e-02
7.408192846924066544e-03
1.402444858103990555e-02
1.350353565067052841e-02
8.354958146810531616e-03
8.614720776677131653e-03
6.646467838436365128e-03
5.638838279992341995e-03
3.801981452852487564e-03
3.189053153619170189e-03
2.117974683642387390e-03
1.021998119540512562e-03
5.030893371440470219e-04
2.457636001054197550e-04
1.408362411893904209e-03
-1.371443504467606544e-03
3.621076932176947594e-03
4.734575748443603516e-03
1.165570970624685287e-02
-8.242826908826828003e-03
1.207219203934073448e-03
1.198522374033927917e-02
6.948553025722503662e-03
4.073204100131988525e-02
-4.777550697326660156e-02
-7.201884407550096512e-03
-1.156763508915901184e-01
6.142785772681236267e-02
1.703064329922199249e-02
4.761399701237678528e-03
2.060505151748657227e-01
-3.217810019850730896e-02
2.281850725412368774e-01
