-1.962999813258647919e-02
-1.446347534656524658e-01
-2.772554398688953370e-05
1.008941158652305603e-01
2.256727218627929688e-01
2.673350572586059570e-01
3.762659728527069092e-01
2.791219651699066162e-01
1.585301756858825684e-02
-1.508446782827377319e-01
-3.271434009075164795e-01
-1.683170348405838013e-01
1.775380074977874756e-01
4.014177024364471436e-01
4.964838624000549316e-01
2.722116410732269287e-01
1.237720996141433716e-01
-1.420312281697988510e-02
-2.023387700319290161e-01
-2.054958641529083252e-01
-1.084890663623809814e-01
-5.183645337820053101e-02
2.079734504222869873e-01
2.913472652435302734e-01
2.352423071861267090e-01
-1.405733637511730194e-02
-6.357623729854822159e-03
-5.218307673931121826e-02
-8.193692564964294434e-02
-1.686046421527862549e-01
-7.750134170055389404e-02
-6.723990291357040405e-02
5.596475303173065186e-02
