1.701132357120513916e-01
-2.954487502574920654e-01
-1.689136475324630737e-01
4.951184093952178955e-01
1.023539781570434570e+00
9.229634404182434082e-01
7.473939657211303711e-01
7.682333588600158691e-01
2.849105000495910645e-01
-1.231898833066225052e-02
-3.216551840305328369e-01
-3.474457263946533203e-01
-3.420363366603851318e-02
1.167251914739608765e-01
3.388668000698089600e-01
2.040259987115859985e-01
1.066390872001647949e-01
5.936406552791595459e-02
-8.897560089826583862e-02
-1.174828410148620605e-01
-6.104595959186553955e-02
-3.582431469112634659e-03
2.086653411388397217e-01
1.873779892921447754e-01
2.301888167858123779e-01
-1.891516521573066711e-02
-3.813885152339935303e-02
-2.677499055862426758e-01
-4.042931199073791504e-01
-4.098883867263793945e-01
-3.965032994747161865e-01
-4.216003417968750000e-01
3.689200058579444885e-02
