2.385467886924743652e-01
2.955049276351928711e-01
3.928094804286956787e-01
3.283009827136993408e-01
3.601877093315124512e-01
3.432123363018035889e-01
3.749925494194030762e-01
2.990522086620330811e-01
2.327085733413696289e-01
1.662296056747436523e-01
-1.306391321122646332e-02
1.579109281301498413e-01
5.202168226242065430e-01
3.335060477256774902e-01
5.328397750854492188e-01
1.680046617984771729e-01
5.884396843612194061e-03
3.416625857353210449e-01
-1.812922805547714233e-01
-2.347625494003295898e-01
1.477096080780029297e-01
-8.749773353338241577e-02
-1.508588790893554688e-01
1.560498476028442383e-01
3.011073470115661621e-01
1.258333474397659302e-01
1.242607533931732178e-01
6.081531196832656860e-02
9.779269248247146606e-02
6.387670338153839111e-02
1.470235884189605713e-01
8.396238833665847778e-02
9.919226169586181641e-02
