2.663423365447670221e-04
-8.794508175924420357e-04
-3.667075186967849731e-03
-4.811789840459823608e-03
-8.648131974041461945e-03
-6.041765678673982620e-03
-4.223320633172988892e-03
-1.710313372313976288e-03
-3.585369093343615532e-03
-9.087896905839443207e-03
-1.666915789246559143e-02
-2.461511082947254181e-02
-3.012478165328502655e-02
-2.709492482244968414e-02
-2.987406030297279358e-02
9.201668947935104370e-02
2.303021699190139771e-01
2.069447934627532959e-02
1.318608876317739487e-02
-3.457268234342336655e-03
-9.635590948164463043e-03
-6.398635916411876678e-03
-1.022698124870657921e-03
6.801541894674301147e-03
6.614110898226499557e-03
8.930735290050506592e-03
3.932235762476921082e-03
-3.779976861551403999e-03
-3.181347856298089027e-03
-1.566911116242408752e-03
-7.163939881138503551e-04
4.481373180169612169e-04
1.249227323569357395e-03
