3.245051801204681396e-01
3.578237295150756836e-01
2.747889161109924316e-01
1.265890300273895264e-01
4.193466603755950928e-01
7.430266737937927246e-01
8.479192256927490234e-01
5.533123612403869629e-01
2.650021910667419434e-01
7.751344889402389526e-02
-6.905263755470514297e-03
-3.527314066886901855e-01
-5.742482542991638184e-01
-5.656012892723083496e-01
-5.770708918571472168e-01
-4.790583550930023193e-01
-5.811785459518432617e-01
-4.980238974094390869e-01
-5.244482159614562988e-01
-4.400341212749481201e-01
-3.630028665065765381e-01
-2.796629071235656738e-01
-7.568423449993133545e-02
-7.050815969705581665e-02
-2.100986242294311523e-02
4.187456145882606506e-02
9.742224216461181641e-02
3.136744722723960876e-02
1.587759405374526978e-01
9.978178143501281738e-02
1.747335046529769897e-01
1.502743214368820190e-01
1.866407692432403564e-01
1.891753524541854858e-01
2.315885275602340698e-01
2.028334289789199829e-01
2.724546194076538086e-01
2.349805682897567749e-01
3.116685450077056885e-01
2.583362460136413574e-01
3.304729759693145752e-01
3.400530219078063965e-01
3.164279758930206299e-01
3.568632900714874268e-01
3.360359966754913330e-01
4.645166397094726562e-01
4.852479696273803711e-01
5.590324401855468750e-01
5.187693238258361816e-01
6.532579660415649414e-01
6.414383649826049805e-01
6.761069893836975098e-01
7.175240516662597656e-01
7.155299782752990723e-01
7.467940449714660645e-01
7.384285926818847656e-01
7.318978905677795410e-01
6.955893635749816895e-01
6.941545009613037109e-01
5.834910869598388672e-01
5.696151256561279297e-01
4.410964548587799072e-01
3.962754905223846436e-01
3.090284466743469238e-01
3.024075031280517578e-01
