1.304815174080431461e-03
-3.425834875088185072e-04
-2.025402151048183441e-03
-3.592995053622871637e-04
-4.317057318985462189e-03
-1.088817510753870010e-02
-1.115740742534399033e-02
-1.777368225157260895e-02
-2.060657925903797150e-02
-2.135711349546909332e-02
-1.704034768044948578e-02
-1.473697088658809662e-02
5.281127232592552900e-05
2.334122359752655029e-02
7.905697077512741089e-02
-3.757345378398895264e-01
-4.245519340038299561e-01
1.966151297092437744e-01
1.128864437341690063e-01
7.291123270988464355e-02
4.926860332489013672e-02
4.158245399594306946e-02
3.387647122144699097e-02
2.377028763294219971e-02
1.634330302476882935e-02
1.371495611965656281e-02
1.061901915818452835e-02
9.180733934044837952e-03
6.046559661626815796e-03
6.174455862492322922e-03
1.130784489214420319e-02
3.110893303528428078e-03
2.361151156947016716e-03
