2.070658951997756958e-01
1.630700975656509399e-01
2.467173337936401367e-01
1.848595738410949707e-01
1.446647346019744873e-01
1.336332112550735474e-01
2.693573236465454102e-01
2.768176198005676270e-01
2.311549782752990723e-01
3.521017730236053467e-01
3.497481942176818848e-01
2.983486652374267578e-01
4.480723738670349121e-01
2.531146705150604248e-01
4.316291809082031250e-01
2.193386405706405640e-01
1.611948609352111816e-01
1.596108227968215942e-01
-6.028587371110916138e-02
-3.213400393724441528e-02
-1.109606996178627014e-01
-8.840215951204299927e-02
3.411848843097686768e-01
4.575462043285369873e-01
7.135300636291503906e-01
1.037760019302368164e+00
9.542821049690246582e-01
9.743001461029052734e-01
1.107058286666870117e+00
7.736450433731079102e-01
3.671583235263824463e-01
-1.521525532007217407e-01
-3.336958885192871094e-01
