1.217609763145446777e+00
8.183223009109497070e-01
7.851614356040954590e-01
8.528710603713989258e-01
7.250030040740966797e-01
6.906657218933105469e-01
7.463230490684509277e-01
5.704826116561889648e-01
6.095955967903137207e-01
6.025139689445495605e-01
5.660516619682312012e-01
5.551015138626098633e-01
5.759931206703186035e-01
4.922267198562622070e-01
4.517482519149780273e-01
3.672890961170196533e-01
3.993393182754516602e-01
3.086291551589965820e-01
3.283368647098541260e-01
2.433605045080184937e-01
2.787174582481384277e-01
1.007934510707855225e-01
3.021873831748962402e-01
1.973777860403060913e-01
8.458819985389709473e-02
2.159091532230377197e-01
1.047738566994667053e-01
6.421247869729995728e-02
7.909771054983139038e-02
3.553252667188644409e-02
4.562847316265106201e-01
5.205354094505310059e-01
3.265223205089569092e-01
