5.416504740715026855e-01
3.480326235294342041e-01
4.221604764461517334e-01
4.006836116313934326e-01
4.309634268283843994e-01
4.182241857051849365e-01
3.037284314632415771e-01
1.230559349060058594e-01
1.488718241453170776e-01
-1.478161811828613281e-01
-3.319085240364074707e-01
-6.194615364074707031e-02
7.247454673051834106e-02
1.647599041461944580e-01
1.650634557008743286e-01
1.015565246343612671e-01
-1.586390286684036255e-01
-3.587425351142883301e-01
-4.691209495067596436e-01
-4.653212130069732666e-01
-2.656129300594329834e-01
2.751361578702926636e-02
8.054883778095245361e-02
2.460029870271682739e-01
5.578735470771789551e-01
4.123868942260742188e-01
3.439739942550659180e-01
1.371150016784667969e-01
-1.051294282078742981e-01
-1.387501657009124756e-01
-2.724138498306274414e-01
-2.543148994445800781e-01
-1.010410487651824951e-01
