1.181520581245422363e+00
1.288215517997741699e+00
8.345601558685302734e-01
5.260362029075622559e-01
5.994369983673095703e-01
3.295155763626098633e-01
2.860822081565856934e-01
3.684893846511840820e-01
-3.562324121594429016e-02
8.654405176639556885e-02
-1.036772429943084717e-01
-1.774712800979614258e-01
-1.838891953229904175e-01
-2.487940788269042969e-01
-2.003968507051467896e-01
-1.982508748769760132e-01
-1.372776925563812256e-01
-1.130359768867492676e-01
-3.065403923392295837e-02
-3.246402740478515625e-02
1.162287294864654541e-01
-1.809407025575637817e-02
2.095581889152526855e-01
4.333077743649482727e-02
2.561689019203186035e-01
1.490656435489654541e-01
2.130506783723831177e-01
2.276938259601593018e-01
1.906744837760925293e-01
1.879133731126785278e-01
2.374933511018753052e-01
2.450128272175788879e-02
2.830933928489685059e-01
