4.017816781997680664e-01
2.306131124496459961e-01
2.791474163532257080e-01
3.073389828205108643e-01
3.115795254707336426e-01
2.771571874618530273e-01
3.085446655750274658e-01
2.470512837171554565e-01
3.099869489669799805e-01
2.644913196563720703e-01
2.036408931016921997e-01
1.349388360977172852e-01
1.733110100030899048e-01
1.553189754486083984e-02
7.997646927833557129e-02
-4.818927124142646790e-02
-4.563983902335166931e-02
-1.632773429155349731e-01
-1.572498083114624023e-01
-2.360929548740386963e-01
-2.533996701240539551e-01
-3.395054340362548828e-01
-2.442899644374847412e-01
-3.699071705341339111e-01
-3.908269107341766357e-01
-2.803948521614074707e-01
-4.324369728565216064e-01
-2.897375524044036865e-01
-3.372238278388977051e-01
-3.162237703800201416e-01
-2.414257675409317017e-01
-2.816577553749084473e-01
-2.095104902982711792e-01
-1.781075149774551392e-01
-1.740984916687011719e-01
-7.669436931610107422e-02
-1.266957074403762817e-01
-2.557128202170133591e-03
-3.029375337064266205e-02
-1.556176692247390747e-02
9.014596045017242432e-02
-1.130212796851992607e-03
1.441607028245925903e-01
6.663188338279724121e-02
1.211095303297042847e-01
1.305772513151168823e-01
1.302420943975448608e-01
4.171577095985412598e-02
1.118809059262275696e-01
6.507988274097442627e-02
1.868536323308944702e-02
2.756916917860507965e-02
-2.775582857429981232e-02
-1.296196132898330688e-02
-3.596388921141624451e-02
-5.190780386328697205e-02
-2.018163911998271942e-02
-3.517886623740196228e-02
-4.373000562191009521e-02
7.686910778284072876e-02
5.581841990351676941e-02
1.894229501485824585e-01
3.197113573551177979e-01
3.574347198009490967e-01
4.195351004600524902e-01
