-1.808149390853941441e-03
-5.644731572829186916e-04
-2.187930746003985405e-03
-5.881140474230051041e-03
-4.869031254202127457e-03
-6.762613542377948761e-03
-9.203220717608928680e-03
-1.244509965181350708e-02
-1.884695887565612793e-02
-1.814159937202930450e-02
-1.448761485517024994e-02
-1.276765298098325729e-02
-4.375215619802474976e-03
1.754345186054706573e-02
6.083016842603683472e-02
-3.041793406009674072e-01
-3.472507297992706299e-01
1.577193439006805420e-01
9.206674993038177490e-02
5.556093156337738037e-02
3.892519325017929077e-02
3.081426583230495453e-02
2.424782142043113708e-02
2.234992012381553650e-02
1.196833513677120209e-02
1.113484613597393036e-02
6.921683903783559799e-03
4.634013399481773376e-03
5.094085820019245148e-03
5.505321547389030457e-03
9.336980991065502167e-03
4.709099419414997101e-03
-9.470054646953940392e-04
