-1.975184679031372070e-01
1.049731001257896423e-01
-6.881935056298971176e-03
-3.445708379149436951e-02
-2.558191306889057159e-02
-1.255434285849332809e-02
-1.747181266546249390e-02
-9.161882847547531128e-02
-1.107246205210685730e-01
-1.499916911125183105e-01
-1.695780903100967407e-01
-2.595850527286529541e-01
-2.334542721509933472e-01
-2.583169937133789062e-01
-2.626973986625671387e-01
-2.482616901397705078e-01
-2.120257169008255005e-01
-1.732372939586639404e-01
-1.974592506885528564e-01
-9.356028586626052856e-02
-1.421541571617126465e-01
-4.329363629221916199e-02
-5.545779317617416382e-02
-6.654247641563415527e-03
2.681345306336879730e-02
3.994989767670631409e-02
8.266218006610870361e-02
9.730219841003417969e-02
1.113093197345733643e-01
1.474638432264328003e-01
1.379262953996658325e-01
1.948157399892807007e-01
2.120995223522186279e-01
2.106551229953765869e-01
2.803973257541656494e-01
2.298784404993057251e-01
3.407033979892730713e-01
2.839371263980865479e-01
4.285726249217987061e-01
4.158225357532501221e-01
5.221369862556457520e-01
5.537664890289306641e-01
5.821954011917114258e-01
7.769738435745239258e-01
7.601953744888305664e-01
4.564849138259887695e-01
5.046909451484680176e-01
2.796716392040252686e-01
8.190166205167770386e-02
-7.344632595777511597e-02
-2.975901663303375244e-01
-5.353532433509826660e-01
-5.437332987785339355e-01
-5.618037581443786621e-01
-4.217421114444732666e-01
-4.486131966114044189e-01
-2.314701527357101440e-01
-5.003297701478004456e-02
3.657133132219314575e-02
-3.623840212821960449e-02
-6.878228485584259033e-02
-2.006437331438064575e-01
-2.955878674983978271e-01
-4.110449552536010742e-01
-4.594412147998809814e-01
