-3.560735611245036125e-03
-5.432073026895523071e-03
-8.013975806534290314e-03
-9.793288074433803558e-03
-1.157228276133537292e-02
-1.331095676869153976e-02
-1.505433581769466400e-02
-1.594297401607036591e-02
-1.866474933922290802e-02
-2.377261593937873840e-02
-2.855466306209564209e-02
-2.916539832949638367e-02
-2.966699749231338501e-02
-3.074381127953529358e-02
-2.187812328338623047e-02
-1.420338153839111328e-01
-3.460648953914642334e-01
1.331371068954467773e-01
8.149979263544082642e-02
5.788157880306243896e-02
4.729637131094932556e-02
3.870597481727600098e-02
3.175483271479606628e-02
2.523717656731605530e-02
2.075223997235298157e-02
1.783233135938644409e-02
1.832729578018188477e-02
1.705327443778514862e-02
1.494942419230937958e-02
1.197549980133771896e-02
8.961390703916549683e-03
6.718128453940153122e-03
4.526055417954921722e-03
