-3.640520153567194939e-04
-4.031646065413951874e-03
-6.010148674249649048e-03
-9.826614521443843842e-03
-1.140430942177772522e-02
-1.406560093164443970e-02
-1.708295755088329315e-02
-1.655755564570426941e-02
-1.954008080065250397e-02
-2.565216459333896637e-02
-2.323281764984130859e-02
-2.208320423960685730e-02
-3.344172146171331406e-03
1.435329299420118332e-02
4.953013360500335693e-02
-2.380495816469192505e-01
-3.877510726451873779e-01
1.643051952123641968e-01
9.839989244937896729e-02
6.533290445804595947e-02
4.637046158313751221e-02
3.638927638530731201e-02
2.913477085530757904e-02
2.515308186411857605e-02
1.991385035216808319e-02
1.831855997443199158e-02
1.496415678411722183e-02
1.278564333915710449e-02
1.189216319471597672e-02
8.460501208901405334e-03
1.099780295044183731e-02
1.007453072816133499e-02
7.335376925766468048e-03
