-5.336898565292358398e-01
-6.667371392250061035e-01
-6.566216349601745605e-01
-6.161672472953796387e-01
-4.039453566074371338e-01
-2.508594095706939697e-01
-3.716515749692916870e-02
1.515727192163467407e-01
5.680032446980476379e-02
1.573741286993026733e-01
1.595706492662429810e-01
7.647370547056198120e-02
-4.221949726343154907e-02
-7.504244893789291382e-02
-1.576136797666549683e-02
-4.432998597621917725e-03
5.826374515891075134e-02
9.021490067243576050e-02
1.423488706350326538e-01
2.836866080760955811e-01
-5.251061171293258667e-03
-3.451118469238281250e-01
-1.112918183207511902e-01
4.551354944705963135e-01
3.688108026981353760e-01
9.668323397636413574e-02
9.655220806598663330e-02
7.710143923759460449e-02
-5.329736694693565369e-02
-4.572486504912376404e-02
-6.275324523448944092e-02
-5.067597143352031708e-03
-2.739500999450683594e-01
