-7.434506642312044278e-06
-3.678751876577734947e-03
-2.095157513394951820e-03
-4.406212829053401947e-03
-1.305587007664144039e-03
3.582725301384925842e-03
6.555036641657352448e-03
8.157451637089252472e-03
1.143824029713869095e-02
8.069127798080444336e-03
6.307686679065227509e-03
1.529720844700932503e-03
-5.963686387985944748e-03
-3.345849737524986267e-02
-6.937483698129653931e-02
2.985372543334960938e-01
5.781541466712951660e-01
-2.261870056390762329e-01
-1.360055953264236450e-01
-7.678148150444030762e-02
-4.701726883649826050e-02
-3.313282877206802368e-02
-2.417754940688610077e-02
-1.921332068741321564e-02
-2.565869502723217010e-02
-2.529984526336193085e-02
-2.275508642196655273e-02
-1.503081619739532471e-02
-6.099042948335409164e-03
2.112288493663072586e-04
1.645168988034129143e-03
1.331236329860985279e-03
-5.462276167236268520e-04
