8.983092010021209717e-02
1.844667494297027588e-01
7.058183662593364716e-03
-1.497203111648559570e-02
1.039829012006521225e-02
-5.746641382575035095e-02
4.486158117651939392e-02
9.323292225599288940e-02
2.173193842172622681e-01
3.541063964366912842e-01
3.579394221305847168e-01
4.264933168888092041e-01
3.671081066131591797e-01
3.882500529289245605e-01
3.425147831439971924e-01
2.765125334262847900e-01
2.480104863643646240e-01
2.839880287647247314e-01
2.091130614280700684e-01
1.873888820409774780e-01
2.115665823221206665e-01
3.241783007979393005e-02
1.359510719776153564e-01
2.929282607510685921e-03
-8.163714408874511719e-02
-2.431241236627101898e-02
-7.753524184226989746e-02
-2.734887227416038513e-02
-6.943401694297790527e-02
4.100035876035690308e-03
1.619751192629337311e-02
4.846306145191192627e-02
8.798996359109878540e-02
1.206713542342185974e-01
1.676001399755477905e-01
1.967824697494506836e-01
1.886881291866302490e-01
2.045322954654693604e-01
1.708644181489944458e-01
1.241329461336135864e-01
-1.301192119717597961e-02
-1.093538403511047363e-01
-1.887786239385604858e-01
-2.633879780769348145e-01
-2.373562008142471313e-01
3.377159126102924347e-03
2.588821351528167725e-01
6.955243945121765137e-01
9.112837314605712891e-01
7.690033912658691406e-01
9.293485283851623535e-01
1.101506352424621582e+00
8.674799799919128418e-01
6.399152278900146484e-01
3.784704506397247314e-01
3.318954110145568848e-01
2.090575397014617920e-01
1.091230288147926331e-01
6.286099553108215332e-02
-8.116640150547027588e-02
1.471396833658218384e-01
1.409092098474502563e-01
2.432874292135238647e-01
3.811626434326171875e-01
5.456881523132324219e-01
