-3.733068006113171577e-03
-3.173315199092030525e-03
-6.218554917722940445e-03
-3.386858152225613594e-03
-6.682932842522859573e-03
-6.580099463462829590e-03
-9.052832610905170441e-03
-1.008377131074666977e-02
-1.195061486214399338e-02
-1.634712703526020050e-02
-1.578004471957683563e-02
-1.309861242771148682e-02
-7.527551613748073578e-03
4.504933021962642670e-03
1.358094532042741776e-02
-1.405356377363204956e-01
-1.779302209615707397e-01
3.104951232671737671e-02
4.321963340044021606e-02
3.579970076680183411e-02
3.304207697510719299e-02
2.652971446514129639e-02
1.860457658767700195e-02
1.597716100513935089e-02
1.300789136439561844e-02
1.297657098621129990e-02
1.248351298272609711e-02
1.003153249621391296e-02
1.115245372056961060e-02
1.094634924083948135e-02
8.584694936871528625e-03
6.162937264889478683e-03
2.683094236999750137e-03
