1.802117098122835159e-03
6.037724670022726059e-03
4.386669956147670746e-03
7.728388998657464981e-03
8.582551032304763794e-03
7.224018685519695282e-03
3.480925457552075386e-03
5.233984906226396561e-03
7.085221819579601288e-03
1.281144842505455017e-02
2.267505228519439697e-02
3.462239354848861694e-02
3.398785367608070374e-02
2.306414581835269928e-02
1.730665750801563263e-02
-1.748301684856414795e-01
-1.877742856740951538e-01
1.458514202386140823e-02
3.629508195444941521e-03
-8.855148917064070702e-04
-1.752107520587742329e-03
-6.142754573374986649e-03
-5.382793955504894257e-03
-4.701092373579740524e-03
-7.776669692248106003e-03
-5.456874612718820572e-03
-3.259276039898395538e-03
-7.629268802702426910e-03
-4.655863158404827118e-03
-2.327065216377377510e-03
5.957531742751598358e-03
2.521135844290256500e-03
2.133643487468361855e-03
