-1.696315011940896511e-03
5.931971129029989243e-03
9.096808731555938721e-03
7.724672090262174606e-03
7.903876714408397675e-03
2.315729390829801559e-03
-7.763668429106473923e-03
-1.146510802209377289e-02
-1.720573008060455322e-02
-1.998646184802055359e-02
-8.438431657850742340e-03
1.630861544981598854e-03
5.774908233433961868e-03
1.994731603190302849e-03
7.447704556398093700e-04
-2.093468010425567627e-01
-1.180984750390052795e-01
4.545836523175239563e-02
4.490588232874870300e-02
3.402598202228546143e-02
2.253732644021511078e-02
1.468372531235218048e-02
1.235612481832504272e-02
8.382189087569713593e-03
6.429708562791347504e-03
3.031713422387838364e-03
1.241558114998042583e-03
2.716774353757500648e-03
8.226355421356856823e-04
3.023320343345403671e-03
6.381457205861806870e-04
-2.540536923334002495e-03
2.026113448664546013e-03
