-3.874879796057939529e-03
7.498140912503004074e-03
5.757149774581193924e-03
5.021026358008384705e-03
7.304173894226551056e-03
9.383924305438995361e-03
4.327221773564815521e-03
4.443270154297351837e-03
1.201551291160285473e-03
2.813567174598574638e-03
-4.951391369104385376e-03
-1.246680133044719696e-02
-3.009269014000892639e-02
-8.645199239253997803e-02
-2.184054106473922729e-01
6.918085217475891113e-01
1.173494577407836914e+00
-4.293668270111083984e-01
-2.237488925457000732e-01
-1.160001680254936218e-01
-7.122557610273361206e-02
-4.786846786737442017e-02
-4.006561264395713806e-02
-2.980005554854869843e-02
-2.876458503305912018e-02
-2.486488036811351776e-02
-1.862624473869800568e-02
-1.574885845184326172e-02
-1.060302928090095520e-02
-1.410672906786203384e-02
-1.510255783796310425e-02
-1.360023580491542816e-02
-1.027011219412088394e-02
