3.578406991437077522e-03
1.907869474962353706e-03
3.643956035375595093e-03
6.694250740110874176e-03
1.027632784098386765e-02
1.059597730636596680e-02
1.368605811148881912e-02
1.938820816576480865e-02
2.070155553519725800e-02
2.398902922868728638e-02
2.222171053290367126e-02
1.935150474309921265e-02
1.210541836917400360e-02
-9.216920472681522369e-03
-3.706945478916168213e-02
2.430607229471206665e-01
3.056086897850036621e-01
-1.116277649998664856e-01
-8.120790123939514160e-02
-5.408960953354835510e-02
-4.404172301292419434e-02
-3.775298595428466797e-02
-3.160462900996208191e-02
-2.600092627108097076e-02
-2.077385969460010529e-02
-1.839634589850902557e-02
-1.464486215263605118e-02
-1.463658642023801804e-02
-1.151116471737623215e-02
-1.140887569636106491e-02
-1.224089972674846649e-02
-9.168623946607112885e-03
-5.147305317223072052e-03
