1.034205794334411621e+00
6.952151060104370117e-01
4.234433472156524658e-01
4.143472313880920410e-01
2.788689136505126953e-01
-9.738219901919364929e-03
-2.791914939880371094e-01
-2.333856076002120972e-01
-2.575807571411132812e-01
-4.179553985595703125e-01
-9.366617538034915924e-03
3.356407880783081055e-01
2.169452309608459473e-01
2.408843785524368286e-01
-1.445680111646652222e-01
-1.691960394382476807e-01
-1.728433966636657715e-01
2.641973830759525299e-02
-1.303723305463790894e-01
-5.424703359603881836e-01
-1.314476132392883301e-01
-2.403456717729568481e-02
-3.715134784579277039e-02
1.402211338281631470e-01
1.176643520593643188e-01
-5.303726345300674438e-02
-4.895304515957832336e-02
-2.374643683433532715e-01
-3.028124868869781494e-01
-2.302781045436859131e-01
1.267687231302261353e-01
2.422596961259841919e-01
1.951458454132080078e-01
