-2.803629497066140175e-03
-4.674013704061508179e-03
-9.855802170932292938e-03
-1.149384677410125732e-02
-1.405288185924291611e-02
-1.703590899705886841e-02
-1.885544508695602417e-02
-2.039471827447414398e-02
-1.932849735021591187e-02
-1.804468780755996704e-02
-1.515615172684192657e-02
-1.483045239001512527e-02
-1.187940873205661774e-02
-1.213631220161914825e-02
-2.510186471045017242e-02
-2.241363823413848877e-01
-3.224352002143859863e-01
5.110080912709236145e-02
7.873225212097167969e-02
8.411993086338043213e-02
8.155796676874160767e-02
7.689938694238662720e-02
7.093989104032516479e-02
6.048635020852088928e-02
5.188949778676033020e-02
4.388508945703506470e-02
3.688677027821540833e-02
2.931060269474983215e-02
2.475917153060436249e-02
2.188673242926597595e-02
1.850893348455429077e-02
1.296193525195121765e-02
8.157049305737018585e-03
