5.307161714881658554e-03
1.691393670625984669e-03
5.178507417440414429e-04
-1.909215701743960381e-03
-5.579624790698289871e-03
-1.456588972359895706e-03
-4.267107229679822922e-03
-7.545675616711378098e-03
-5.848194006830453873e-03
-5.219135899096727371e-03
-5.776979494839906693e-03
1.906688674353063107e-03
2.126758918166160583e-02
6.167982891201972961e-02
1.385470479726791382e-01
-4.199796617031097412e-01
-6.853694915771484375e-01
2.936078608036041260e-01
1.635936796665191650e-01
8.151267468929290771e-02
5.305093154311180115e-02
3.606176376342773438e-02
3.041503205895423889e-02
2.238047122955322266e-02
1.928567327558994293e-02
1.425056625157594681e-02
1.319823786616325378e-02
9.518160484731197357e-03
1.042852085083723068e-02
1.143802236765623093e-02
8.410208858549594879e-03
6.952824071049690247e-03
3.956064116209745407e-03
