6.778560876846313477e-01
5.635001659393310547e-01
3.444897830486297607e-01
1.961109936237335205e-01
3.539188802242279053e-01
2.016811668872833252e-01
2.035428136587142944e-01
2.701363265514373779e-01
3.354301452636718750e-01
3.386001884937286377e-01
2.999332547187805176e-01
3.239795863628387451e-01
3.020142018795013428e-01
1.835476607084274292e-01
1.280963569879531860e-01
-1.849479041993618011e-02
-8.203845471143722534e-02
-6.376975774765014648e-02
-1.000722721219062805e-01
-4.172703623771667480e-02
-6.748148798942565918e-02
-3.923769667744636536e-02
2.748243976384401321e-03
2.121957205235958099e-02
-3.880772041156888008e-03
3.278430178761482239e-02
7.370089739561080933e-02
9.339636564254760742e-02
7.467586547136306763e-02
7.562939543277025223e-03
-4.392502456903457642e-02
-9.396664053201675415e-02
-2.180118113756179810e-01
-2.054136842489242554e-01
-3.092895746231079102e-01
-1.872296780347824097e-01
-2.126732468605041504e-01
-9.774929285049438477e-02
-5.201966315507888794e-02
-6.726677715778350830e-02
5.404630675911903381e-02
8.707051724195480347e-02
2.170125693082809448e-01
2.005952149629592896e-01
3.127512633800506592e-01
2.426007837057113647e-01
2.086306512355804443e-01
8.505340665578842163e-03
-4.775153938680887222e-03
-1.854180544614791870e-01
-4.023012220859527588e-01
-3.378053903579711914e-01
-2.586298882961273193e-01
-2.938053309917449951e-01
-2.406491339206695557e-01
-9.566739946603775024e-02
1.725400611758232117e-02
2.073422521352767944e-01
2.502787113189697266e-01
3.394078612327575684e-01
4.145275354385375977e-01
3.748575150966644287e-01
4.106219112873077393e-01
4.126030206680297852e-01
2.120056897401809692e-01
