-3.224921524524688721e-01
-1.600978970527648926e-01
9.573747217655181885e-02
4.280956983566284180e-01
5.148411989212036133e-01
1.898125857114791870e-01
2.789844274520874023e-01
4.819290935993194580e-01
3.857997655868530273e-01
1.276797652244567871e-01
-9.318286180496215820e-02
5.438345670700073242e-02
-3.462492302060127258e-02
3.022330068051815033e-02
2.437006831169128418e-01
1.787745654582977295e-01
3.171176314353942871e-01
3.596052527427673340e-01
3.628778755664825439e-01
4.476650059223175049e-01
4.743325114250183105e-01
3.814377188682556152e-01
3.861949741840362549e-01
2.837097942829132080e-01
2.475069910287857056e-01
3.384045660495758057e-01
3.235066533088684082e-01
3.110750615596771240e-01
3.045617975294589996e-02
-1.200198009610176086e-01
-1.267860829830169678e-01
-3.100374527275562286e-02
5.692710354924201965e-02
