1.605989784002304077e-01
1.402762979269027710e-01
5.180791951715946198e-03
4.465926811099052429e-02
-4.126711934804916382e-02
2.757729031145572662e-03
5.720767378807067871e-02
2.503832429647445679e-02
2.057748660445213318e-02
9.151030331850051880e-02
1.557358801364898682e-01
2.755599319934844971e-01
1.870827823877334595e-01
8.785145729780197144e-02
-1.115496456623077393e-01
-7.309533655643463135e-02
-4.158478379249572754e-01
-2.915214598178863525e-01
-2.741179466247558594e-01
-8.239662647247314453e-01
-4.290927946567535400e-01
-1.343874782323837280e-01
-1.247574537992477417e-01
-2.163326740264892578e-02
4.961789771914482117e-02
1.245629042387008667e-01
1.463274359703063965e-01
1.323708891868591309e-01
8.663703501224517822e-02
-1.033709794282913208e-01
-6.871136277914047241e-02
-3.179127583280205727e-03
-4.116725176572799683e-02
