1.175222873687744141e+00
1.049915909767150879e+00
9.972569346427917480e-01
7.319675683975219727e-01
5.716700553894042969e-01
5.566697120666503906e-01
5.324373245239257812e-01
3.238011300563812256e-01
3.413921594619750977e-01
2.468388229608535767e-01
1.179890409111976624e-01
1.640667468309402466e-01
8.220757544040679932e-02
7.857401669025421143e-02
-1.211821450851857662e-03
1.136248856782913208e-01
-4.932070150971412659e-02
1.473117060959339142e-02
3.919474780559539795e-02
-2.463047206401824951e-02
-1.008602045476436615e-02
-7.211228460073471069e-02
-2.540477178990840912e-02
-6.423992663621902466e-02
-1.004341319203376770e-01
-1.195263341069221497e-01
-1.140694618225097656e-01
-1.537707895040512085e-01
-1.123270019888877869e-01
-2.529787421226501465e-01
-2.246174216270446777e-01
-2.453949004411697388e-01
-2.546561956405639648e-01
-2.593765854835510254e-01
-2.679024934768676758e-01
-3.095835149288177490e-01
-2.060679346323013306e-01
-4.139066338539123535e-01
-3.225690424442291260e-01
-4.162202477455139160e-01
-4.477705657482147217e-01
-3.910085260868072510e-01
-5.071098804473876953e-01
-3.338828682899475098e-01
-3.180406689643859863e-01
-2.305853068828582764e-01
-3.931126743555068970e-02
1.638310998678207397e-01
1.515294462442398071e-01
1.588371954858303070e-02
1.687580645084381104e-01
4.077959656715393066e-01
4.880621731281280518e-01
4.092975258827209473e-01
4.601254761219024658e-01
4.920075237751007080e-01
4.790147244930267334e-01
6.477391123771667480e-01
7.090606689453125000e-01
7.107121944427490234e-01
7.571935057640075684e-01
7.280708551406860352e-01
6.041293740272521973e-01
4.400851428508758545e-01
7.116428017616271973e-01
