5.592123866081237793e-01
-2.105880975723266602e-01
-4.564628303050994873e-01
-9.098678231239318848e-01
-1.311078548431396484e+00
-1.374810457229614258e+00
-1.078808546066284180e+00
-1.295510828495025635e-01
3.907556831836700439e-01
3.518344163894653320e-01
4.148182272911071777e-01
3.750441074371337891e-01
-2.837918139994144440e-02
3.118995390832424164e-02
-1.854716241359710693e-01
-1.023642253130674362e-02
-2.151097804307937622e-01
-1.861930787563323975e-01
-1.050061136484146118e-01
-1.886188089847564697e-01
9.746985882520675659e-02
-2.112583070993423462e-01
9.020894765853881836e-02
-1.147441267967224121e-01
-1.045379266142845154e-01
1.339685022830963135e-01
-1.076313015073537827e-02
2.048694044351577759e-01
1.929222345352172852e-01
1.310119479894638062e-01
2.270400077104568481e-01
2.230480760335922241e-01
2.812407314777374268e-01
