6.013765931129455566e-03
7.555832155048847198e-03
9.515493176877498627e-03
1.040135137736797333e-02
9.637482464313507080e-03
6.372343748807907104e-03
3.042882541194558144e-03
-1.679026521742343903e-03
8.489152969559654593e-05
5.893683061003684998e-03
1.974830217659473419e-02
3.184136375784873962e-02
4.362444207072257996e-02
5.612265691161155701e-02
5.786044150590896606e-02
-1.711481213569641113e-01
-2.315014004707336426e-01
1.125283539295196533e-02
-1.575448436597071122e-06
-1.101521495729684830e-02
-1.476011425256729126e-02
-1.015796698629856110e-02
-2.109066917910240591e-05
6.002445239573717117e-03
3.490873146802186966e-03
1.873126951977610588e-03
3.742299508303403854e-03
7.212422206066548824e-04
-5.290517117828130722e-03
-3.192914882674813271e-03
-1.124110724776983261e-02
-8.691978640854358673e-03
-5.875395145267248154e-03
