1.098601445555686951e-01
-4.942148178815841675e-02
1.138752475380897522e-01
3.559042513370513916e-02
6.559633463621139526e-02
6.860316544771194458e-02
9.945376962423324585e-02
1.306531429290771484e-01
1.097615435719490051e-01
9.274727106094360352e-02
6.827515363693237305e-02
9.353648871183395386e-02
8.659910410642623901e-02
7.052233815193176270e-02
1.209269985556602478e-01
8.148502558469772339e-02
1.193995773792266846e-01
1.275259405374526978e-01
1.117413192987442017e-01
1.544452309608459473e-01
9.556045383214950562e-02
1.325832754373550415e-01
9.085416793823242188e-02
1.052635684609413147e-01
6.993696093559265137e-02
9.662409871816635132e-02
3.191711753606796265e-02
2.281604893505573273e-02
-3.488547354936599731e-02
-5.593046545982360840e-02
-1.415159404277801514e-01
-1.268078982830047607e-01
-2.584045529365539551e-01
-2.256075739860534668e-01
-3.479906916618347168e-01
-2.899940907955169678e-01
-3.988951742649078369e-01
-3.227768540382385254e-01
-3.850966393947601318e-01
-3.505942821502685547e-01
-3.125027120113372803e-01
-3.346537053585052490e-01
-2.027367204427719116e-01
-2.239267230033874512e-01
-1.049139723181724548e-01
-6.290557235479354858e-02
1.398992985486984253e-01
1.380420625209808350e-01
3.351264894008636475e-01
4.493860304355621338e-01
6.706578731536865234e-01
7.872197628021240234e-01
7.777540683746337891e-01
1.124313235282897949e+00
1.319075942039489746e+00
1.070448517799377441e+00
8.620054125785827637e-01
8.777679800987243652e-01
9.626595377922058105e-01
7.079440951347351074e-01
8.781609684228897095e-02
-4.905103147029876709e-01
-1.104218840599060059e+00
-1.019268751144409180e+00
-8.509089946746826172e-01
