4.661110287997871637e-04
3.204491687938570976e-03
7.590505760163068771e-03
9.672376327216625214e-03
1.577661558985710144e-02
1.945232599973678589e-02
2.464741095900535583e-02
3.505211323499679565e-02
3.968894109129905701e-02
4.343967139720916748e-02
4.348839819431304932e-02
3.854811936616897583e-02
3.618850186467170715e-02
2.925387769937515259e-02
3.666873276233673096e-02
2.750054299831390381e-01
2.592835426330566406e-01
-8.886499702930450439e-02
-1.134849935770034790e-01
-1.087762266397476196e-01
-9.059937298297882080e-02
-7.267311215400695801e-02
-5.725738406181335449e-02
-4.476431012153625488e-02
-3.598761186003684998e-02
-3.032125532627105713e-02
-2.487260848283767700e-02
-2.308313734829425812e-02
-1.843988522887229919e-02
-1.730417832732200623e-02
-1.637244410812854767e-02
-1.335014030337333679e-02
-6.970526650547981262e-03
