1.509628957137465477e-03
3.600392956286668777e-03
2.659447956830263138e-03
-2.150824991986155510e-03
-2.151760039851069450e-03
-6.116199307143688202e-03
-8.448759093880653381e-03
-1.144242007285356522e-02
-1.359675172716379166e-02
-2.174209244549274445e-02
-2.700542472302913666e-02
-1.839758828282356262e-02
2.775929402559995651e-03
1.879620365798473358e-02
4.529038816690444946e-02
-2.042121440172195435e-01
-3.164740800857543945e-01
1.131838038563728333e-01
7.186522334814071655e-02
5.333636701107025146e-02
3.701291605830192566e-02
2.816482074558734894e-02
2.510420046746730804e-02
2.190908417105674744e-02
1.977737247943878174e-02
1.192493829876184464e-02
1.009542215615510941e-02
6.454878021031618118e-03
3.123792819678783417e-03
3.274366259574890137e-03
1.462198677472770214e-03
2.913608681410551071e-03
1.574898022226989269e-03
