-3.618899583816528320e-01
-1.066504269838333130e-01
1.947849243879318237e-01
1.756744235754013062e-01
-4.830780997872352600e-02
8.435523509979248047e-02
6.721243262290954590e-02
-9.118615835905075073e-02
-3.190844953060150146e-01
1.259119343012571335e-02
1.986317895352840424e-02
1.499322503805160522e-01
2.586450278759002686e-01
-8.024875074625015259e-02
-1.378460228443145752e-01
-1.845362186431884766e-01
-3.295277059078216553e-02
-2.847470715641975403e-02
9.044029563665390015e-02
-4.634229466319084167e-02
5.329316109418869019e-02
-1.031810864806175232e-01
7.741104345768690109e-03
-4.885505139827728271e-02
2.030542120337486267e-03
7.532631605863571167e-02
3.579018637537956238e-02
6.094435229897499084e-02
-3.610161691904067993e-02
-7.771125435829162598e-02
-1.476423293352127075e-01
-2.076851278543472290e-01
-1.285376697778701782e-01
