-1.028717262670397758e-03
-3.415039973333477974e-03
-1.215638825669884682e-03
4.892309661954641342e-04
-5.017873831093311310e-03
-1.010481826961040497e-02
-1.068171951919794083e-02
-1.211574580520391464e-02
-1.662576384842395782e-02
-1.718360185623168945e-02
-1.273900549858808517e-02
-1.336232293397188187e-02
-2.519145142287015915e-03
1.743245124816894531e-02
7.092124968767166138e-02
-3.207317888736724854e-01
-3.624108135700225830e-01
1.674003452062606812e-01
9.614986181259155273e-02
6.030539423227310181e-02
4.100491851568222046e-02
3.328522667288780212e-02
2.654658816754817963e-02
1.795976422727108002e-02
1.407597493380308151e-02
1.071278285235166550e-02
8.310956880450248718e-03
6.455241702497005463e-03
2.411304274573922157e-03
3.342997748404741287e-03
6.741704419255256653e-03
-1.193044800311326981e-02
-2.913455246016383171e-03
