5.591671168804168701e-02
1.072839945554733276e-01
1.517133265733718872e-01
1.045770719647407532e-01
2.039451599121093750e-01
3.217082619667053223e-01
4.559200704097747803e-01
4.331285953521728516e-01
4.526453018188476562e-01
1.639575511217117310e-01
5.134487524628639221e-02
-2.311418019235134125e-02
3.754189237952232361e-02
1.150369718670845032e-01
3.608281910419464111e-02
1.492990702390670776e-01
1.460663974285125732e-01
2.821463048458099365e-01
3.108150959014892578e-01
3.408390879631042480e-01
3.570387363433837891e-01
3.168635368347167969e-01
3.669908642768859863e-01
3.252961337566375732e-01
3.541184663772583008e-01
3.264322578907012939e-01
3.121378123760223389e-01
3.135169744491577148e-01
3.003163933753967285e-01
2.581261396408081055e-01
3.215666115283966064e-01
2.433960735797882080e-01
2.154854685068130493e-01
2.472577840089797974e-01
2.189814746379852295e-01
2.075361162424087524e-01
2.666337788105010986e-01
1.549008339643478394e-01
2.453406900167465210e-01
1.827741265296936035e-01
2.608598470687866211e-01
2.431986629962921143e-01
1.919323354959487915e-01
1.479839831590652466e-01
2.475265115499496460e-01
2.127381265163421631e-01
2.193106897175312042e-02
5.097486823797225952e-02
1.517907530069351196e-01
3.642379343509674072e-01
2.000345438718795776e-01
7.934382557868957520e-02
-9.373719245195388794e-02
-2.154626995325088501e-01
-1.667918115854263306e-01
-2.384233325719833374e-01
-1.325275450944900513e-01
-1.003182902932167053e-01
-1.829033046960830688e-01
-3.506126999855041504e-01
-2.472146153450012207e-01
-2.107373923063278198e-01
-1.433371007442474365e-01
-1.402614563703536987e-01
-1.083377227187156677e-01
