-7.918976992368698120e-02
-8.560901135206222534e-02
-9.940221207216382027e-04
-4.053900018334388733e-02
3.312260610982775688e-03
8.868203498423099518e-03
1.168601363897323608e-01
3.995449095964431763e-02
-1.164230629801750183e-01
-2.188700139522552490e-01
-3.453631103038787842e-01
-1.042654737830162048e-01
2.436041086912155151e-01
5.321447849273681641e-01
6.858547329902648926e-01
3.340841531753540039e-01
1.257053017616271973e-01
1.107163578271865845e-01
-3.406928479671478271e-01
-3.559165000915527344e-01
4.863834939897060394e-03
3.555196896195411682e-02
9.039903432130813599e-02
1.869430243968963623e-01
1.017921939492225647e-01
-1.845727115869522095e-02
8.764310181140899658e-02
5.161698162555694580e-02
6.556816399097442627e-02
-1.246381178498268127e-02
6.154859438538551331e-02
1.312276907265186310e-02
9.036799892783164978e-03
