7.727503180503845215e-01
2.925044596195220947e-01
4.377473592758178711e-01
7.734522223472595215e-01
6.253052949905395508e-01
4.121263325214385986e-01
4.215434789657592773e-01
3.535277843475341797e-01
6.004382669925689697e-02
3.157465457916259766e-01
-1.703602522611618042e-01
3.903544566128402948e-04
-1.738868840038776398e-02
-7.418490946292877197e-02
-1.220522969961166382e-01
-1.908756345510482788e-01
-2.323424667119979858e-01
-3.326821923255920410e-01
-3.152167201042175293e-01
-4.427572488784790039e-01
-3.141933679580688477e-01
-5.123422741889953613e-01
-4.336169660091400146e-01
-6.188779473304748535e-01
-6.049344539642333984e-01
-6.858997941017150879e-01
-7.167091369628906250e-01
-7.541747093200683594e-01
-7.357316017150878906e-01
-1.053627490997314453e+00
-8.651717305183410645e-01
-7.015953063964843750e-01
-2.386600017547607422e+00
