2.471315441653132439e-03
1.275880634784698486e-02
2.185367047786712646e-02
2.640413306653499603e-02
2.440122514963150024e-02
2.410026639699935913e-02
2.605404332280158997e-02
3.046307712793350220e-02
3.457328677177429199e-02
3.901212289929389954e-02
4.306199401617050171e-02
5.211682617664337158e-02
6.394334882497787476e-02
8.503258228302001953e-02
1.258157938718795776e-01
-2.387221753597259521e-01
-1.803579181432723999e-01
1.586128212511539459e-02
-2.113068476319313049e-02
-2.998943813145160675e-02
-3.263124451041221619e-02
-3.232584148645401001e-02
-3.135669976472854614e-02
-3.077914752066135406e-02
-2.974038757383823395e-02
-2.865074016153812408e-02
-2.705630846321582794e-02
-2.586597017943859100e-02
-2.330202609300613403e-02
-2.166962437331676483e-02
-2.001925930380821228e-02
-1.427211239933967590e-02
-1.293524447828531265e-02
