8.164045284502208233e-04
3.198808291926980019e-03
3.153119003400206566e-03
2.404839498922228813e-03
4.911676049232482910e-03
3.447254654020071030e-03
4.870106466114521027e-03
4.220553673803806305e-03
3.633159678429365158e-03
-9.576363954693078995e-04
3.686044132336974144e-03
2.525331266224384308e-02
4.069946706295013428e-02
2.810723893344402313e-02
1.746931299567222595e-02
-1.214796602725982666e-01
-1.775767803192138672e-01
1.791134942322969437e-03
-1.555025810375809669e-03
-3.521444974467158318e-03
-6.111415568739175797e-04
-8.855886408127844334e-04
-1.650038408115506172e-03
6.638427294092252851e-05
-1.592137996340170503e-04
-2.268201671540737152e-03
-2.032196789514273405e-04
-1.313313143327832222e-03
-7.719878922216594219e-04
-3.362871240824460983e-03
-3.698363201692700386e-03
-2.261820016428828239e-03
4.643613472580909729e-03
