-9.032909572124481201e-02
-1.149954497814178467e-01
-1.372330337762832642e-01
-1.211241856217384338e-01
-8.469321578741073608e-02
-9.760657697916030884e-02
-3.055924922227859497e-02
-3.537435829639434814e-02
2.084324695169925690e-02
1.945040374994277954e-01
1.580090671777725220e-01
-5.011127330362796783e-03
-2.236894816160202026e-01
-3.250195384025573730e-01
-1.142260357737541199e-01
-5.922841839492321014e-03
2.134547680616378784e-01
3.639658093452453613e-01
4.951545894145965576e-01
6.031731367111206055e-01
3.203805685043334961e-01
-4.803841561079025269e-02
-1.379654407501220703e-01
-1.055879220366477966e-01
-1.441816836595535278e-01
-1.935379020869731903e-02
1.744069345295429230e-02
1.293070763349533081e-01
8.446715027093887329e-02
9.320640563964843750e-02
7.923828065395355225e-02
8.869008161127567291e-03
-1.079133376479148865e-01
