2.118775099515914917e-01
1.332618892192840576e-01
2.030599862337112427e-01
2.647012174129486084e-01
2.862470746040344238e-01
3.565359413623809814e-01
3.752546906471252441e-01
3.687452673912048340e-01
3.115339279174804688e-01
2.929920256137847900e-01
3.342997133731842041e-01
6.086999550461769104e-02
6.249436642974615097e-03
8.850801736116409302e-02
-8.299988508224487305e-02
-1.601986289024353027e-01
-1.221149265766143799e-01
-1.316621620208024979e-02
-9.596928954124450684e-02
4.147024080157279968e-02
-2.084117941558361053e-02
3.347254917025566101e-02
2.246065996587276459e-02
-7.929406315088272095e-02
-5.672120954841375351e-03
-5.715719610452651978e-02
-7.475846260786056519e-02
1.143901795148849487e-02
3.168594837188720703e-02
1.801506616175174713e-02
8.165386319160461426e-02
1.050719153136014938e-02
1.219937503337860107e-01
3.460001945495605469e-02
1.077162697911262512e-01
9.979915618896484375e-02
1.518554538488388062e-01
1.912554800510406494e-01
2.657964229583740234e-01
2.280411422252655029e-01
1.272486802190542221e-02
-1.052318662405014038e-01
-2.701815068721771240e-01
-3.266313672065734863e-01
-1.155947968363761902e-01
-3.549884073436260223e-03
1.532308310270309448e-01
3.288954794406890869e-01
3.877209722995758057e-01
4.319698214530944824e-01
3.946557044982910156e-01
3.096039891242980957e-01
3.544366061687469482e-01
2.313568294048309326e-01
2.432463020086288452e-01
1.790751516819000244e-01
2.893509268760681152e-01
3.324646055698394775e-01
4.570326507091522217e-01
5.690953731536865234e-01
5.403742194175720215e-01
5.173510909080505371e-01
4.709670543670654297e-01
5.007171630859375000e-01
5.540683865547180176e-01
