9.140404462814331055e-01
8.228065371513366699e-01
6.322827935218811035e-01
5.103501677513122559e-01
7.456783652305603027e-01
5.362657308578491211e-01
4.706356227397918701e-01
4.696004986763000488e-01
5.102327466011047363e-01
5.140687227249145508e-01
4.854961931705474854e-01
4.759408235549926758e-01
4.487386643886566162e-01
3.563501834869384766e-01
2.728901505470275879e-01
9.745411574840545654e-02
1.742143929004669189e-02
2.779730968177318573e-02
-4.078452661633491516e-02
-2.067204378545284271e-02
-4.556095227599143982e-02
-4.855290800333023071e-02
-1.811406388878822327e-02
4.392473027110099792e-03
-2.916312217712402344e-02
8.046304807066917419e-03
5.942685529589653015e-02
7.964389026165008545e-02
6.316123902797698975e-02
8.582866750657558441e-03
-2.695638313889503479e-02
-8.965696394443511963e-02
-2.159248441457748413e-01
-2.030543088912963867e-01
-2.988643050193786621e-01
-1.710548102855682373e-01
-1.901966780424118042e-01
-7.969300448894500732e-02
-3.744210675358772278e-02
-4.901145771145820618e-02
6.766303628683090210e-02
1.112657040357589722e-01
2.121858000755310059e-01
1.940292268991470337e-01
3.174137175083160400e-01
2.283854335546493530e-01
2.063601911067962646e-01
3.057416155934333801e-02
5.307323113083839417e-02
-1.092922240495681763e-01
-3.002687096595764160e-01
-1.989247053861618042e-01
-1.274324059486389160e-01
-1.909209489822387695e-01
-1.401909291744232178e-01
-2.168296836316585541e-02
7.745695114135742188e-02
2.979022264480590820e-01
3.398441672325134277e-01
4.013575017452239990e-01
4.498733878135681152e-01
3.872905075550079346e-01
3.991773426532745361e-01
4.206486046314239502e-01
3.427323997020721436e-01
