5.745352506637573242e-01
2.069624066352844238e-01
8.628127723932266235e-02
-6.176748871803283691e-02
-1.143496185541152954e-01
-1.101691499352455139e-01
-9.428112953901290894e-02
-9.049338847398757935e-02
-6.477195024490356445e-02
-9.235756844282150269e-02
-1.362652927637100220e-01
-7.617862522602081299e-02
-8.799734711647033691e-02
3.121295943856239319e-03
-1.838831976056098938e-02
8.235611952841281891e-03
5.603457242250442505e-02
6.984446197748184204e-02
6.119038909673690796e-02
-8.912396617233753204e-03
7.684551179409027100e-02
2.886124327778816223e-02
-1.466918364167213440e-02
2.513291779905557632e-03
1.049374714493751526e-01
7.606447488069534302e-02
3.608877956867218018e-02
-6.668010260909795761e-03
-5.629460886120796204e-02
1.144573837518692017e-02
-8.677454292774200439e-02
-1.626083045266568661e-03
1.116253808140754700e-01
8.465915173292160034e-02
2.116485536098480225e-01
1.247787401080131531e-01
1.388046145439147949e-01
1.462756544351577759e-01
1.142534613609313965e-01
1.646404564380645752e-01
-1.949866488575935364e-02
-1.514514088630676270e-01
-2.063581496477127075e-01
-1.990216970443725586e-01
-1.963311582803726196e-01
-6.884967535734176636e-02
1.873383820056915283e-01
4.098830521106719971e-01
4.390470385551452637e-01
2.816724777221679688e-01
6.369724869728088379e-02
4.557355493307113647e-02
1.725020073354244232e-02
8.363796770572662354e-02
-2.556753810495138168e-03
-8.066569454967975616e-03
2.648477442562580109e-02
-1.255010664463043213e-01
-1.664497256278991699e-01
-8.300160616636276245e-02
1.342593878507614136e-01
3.128336369991302490e-02
-1.279038339853286743e-01
-2.122456282377243042e-01
-2.122336030006408691e-01
