-1.086153388023376465e+00
-5.255082249641418457e-01
-4.062343835830688477e-01
-5.858176350593566895e-01
-5.630933046340942383e-01
-4.405325949192047119e-01
-2.488796412944793701e-01
-1.956265419721603394e-01
-2.069991827011108398e-02
1.269153133034706116e-02
9.997563436627388000e-03
1.898403838276863098e-02
4.287643730640411377e-02
1.123827099800109863e-01
1.449065059423446655e-01
2.003953605890274048e-01
2.426961436867713928e-02
7.427430897951126099e-02
3.576102852821350098e-02
-2.585774846374988556e-02
-3.514293208718299866e-02
-9.239471703767776489e-02
-1.070325002074241638e-01
-1.111955791711807251e-01
-1.442368477582931519e-01
-1.373482495546340942e-01
-4.753943160176277161e-02
-2.331113815307617188e-02
6.905860453844070435e-02
4.157359525561332703e-02
1.442790478467941284e-01
9.237845242023468018e-02
1.158913969993591309e-01
1.093754917383193970e-01
1.376270055770874023e-01
1.708850264549255371e-01
2.694892883300781250e-01
2.879559397697448730e-01
3.718633949756622314e-01
2.670422196388244629e-01
2.781334817409515381e-01
1.316539943218231201e-01
-6.629961729049682617e-02
-1.401458233594894409e-01
-3.696532249450683594e-01
-3.307462036609649658e-01
-2.662187218666076660e-01
-1.048668548464775085e-01
4.949774965643882751e-02
2.602629363536834717e-01
2.307935506105422974e-01
5.010133385658264160e-01
7.282401919364929199e-01
7.594447731971740723e-01
8.056542873382568359e-01
6.774486303329467773e-01
6.613312959671020508e-01
5.467008948326110840e-01
3.116960525512695312e-01
1.223277598619461060e-01
4.932089149951934814e-02
-2.230050712823867798e-01
-4.640370011329650879e-01
-5.296327471733093262e-01
-2.227818369865417480e-01
