4.207697696983814240e-03
8.847474120557308197e-03
8.476791903376579285e-03
1.036981027573347092e-02
6.314227357506752014e-03
7.584867998957633972e-03
2.517870394513010979e-03
-1.210911432281136513e-03
-2.862208057194948196e-03
2.489137230440974236e-03
1.368893962353467941e-02
2.725203894078731537e-02
3.422756865620613098e-02
3.318819403648376465e-02
3.093796782195568085e-02
-1.651577353477478027e-01
-1.875514388084411621e-01
-1.490186527371406555e-02
6.696958094835281372e-03
6.556724198162555695e-03
-3.145369701087474823e-03
-7.725446950644254684e-03
-4.939336795359849930e-03
5.231586983427405357e-04
1.098724314942955971e-03
3.442262532189488411e-03
1.923127332702279091e-03
-3.857522737234830856e-03
-1.243930077180266380e-03
-2.147308783605694771e-03
-1.324480632320046425e-03
-4.174613859504461288e-03
-8.667610236443579197e-04
