3.424817463383078575e-03
1.059633446857333183e-03
4.905954468995332718e-03
8.023736998438835144e-03
8.158713579177856445e-03
1.064321678131818771e-02
1.294823456555604935e-02
1.773807220160961151e-02
2.141010574996471405e-02
2.620929479598999023e-02
2.194741182029247284e-02
1.767397671937942505e-02
1.048787683248519897e-02
-1.092086173593997955e-02
-3.885363414883613586e-02
2.381710857152938843e-01
3.006425499916076660e-01
-1.093082502484321594e-01
-7.774367183446884155e-02
-5.331538617610931396e-02
-4.481932148337364197e-02
-3.716075420379638672e-02
-2.975492551922798157e-02
-2.532599866390228271e-02
-2.006052061915397644e-02
-1.595882885158061981e-02
-1.440671086311340332e-02
-1.283279992640018463e-02
-1.293332036584615707e-02
-1.060151588171720505e-02
-1.271564047783613205e-02
-6.871480960398912430e-03
-5.855141207575798035e-03
