3.323012730106711388e-03
1.939253997988998890e-03
-2.914337906986474991e-03
-2.892792690545320511e-03
-4.620785359293222427e-03
-4.505794029682874680e-03
-5.614505615085363388e-03
-3.705183742567896843e-03
-6.149498745799064636e-03
-1.149891689419746399e-02
-2.132806181907653809e-02
-3.276636078953742981e-02
-4.061974957585334778e-02
-5.435770004987716675e-02
-7.687254250049591064e-02
2.582273185253143311e-01
1.450410783290863037e-01
-8.836185559630393982e-03
4.661380778998136520e-03
8.493416942656040192e-03
3.812011098489165306e-03
3.992260899394750595e-03
4.537311382591724396e-03
7.174645084887742996e-03
3.617815673351287842e-03
3.948099911212921143e-03
2.180930459871888161e-04
-6.564603245351463556e-05
-2.595309866592288017e-03
1.801250269636511803e-03
2.814251347444951534e-04
-3.977447748184204102e-03
-2.759126247838139534e-03
