1.709081381559371948e-01
5.145416036248207092e-02
-4.735960811376571655e-02
-8.331640809774398804e-02
-1.466620862483978271e-01
-1.143299788236618042e-01
-6.077077239751815796e-02
-1.031359424814581871e-03
-2.542049251496791840e-02
-6.269093602895736694e-02
4.726134613156318665e-02
6.153553724288940430e-02
1.378314942121505737e-01
3.514185920357704163e-02
-1.578289121389389038e-01
-2.257356643676757812e-01
-2.122915387153625488e-01
-7.394412159919738770e-02
-2.645375579595565796e-02
2.231789380311965942e-01
2.349209189414978027e-01
3.166230618953704834e-01
1.949692368507385254e-01
2.233598567545413971e-02
-6.671749055385589600e-02
-2.234305739402770996e-01
-2.421324849128723145e-01
-1.225587129592895508e-01
-1.669148355722427368e-02
1.190100982785224915e-02
1.029578298330307007e-01
1.911744475364685059e-02
1.249426007270812988e-01
6.801342219114303589e-02
1.452666968107223511e-01
1.117700487375259399e-01
1.728444397449493408e-01
2.200457155704498291e-01
3.539234995841979980e-01
4.008727073669433594e-01
2.955399155616760254e-01
2.382026612758636475e-01
7.548657059669494629e-02
-9.474323689937591553e-02
-7.587530463933944702e-02
-7.034707069396972656e-02
-6.716695427894592285e-02
1.214470900595188141e-02
7.212010771036148071e-02
5.154039710760116577e-02
3.388975933194160461e-02
-1.733813551254570484e-03
3.942973539233207703e-02
-1.224191952496767044e-02
8.460094779729843140e-02
-5.686074495315551758e-03
1.190571263432502747e-01
1.847519725561141968e-01
2.568778693675994873e-01
2.260484695434570312e-01
2.197663784027099609e-01
2.036276459693908691e-01
8.080673217773437500e-02
-1.201118975877761841e-01
-3.226689398288726807e-01
