-5.022521317005157471e-02
-5.946901440620422363e-02
4.113047942519187927e-02
-9.832392632961273193e-02
-1.095102131366729736e-01
-1.220025569200515747e-01
-8.944761008024215698e-02
-1.058812439441680908e-01
-3.321421891450881958e-02
-8.161543309688568115e-02
-9.688121825456619263e-02
-4.675687476992607117e-02
-8.185680210590362549e-02
1.241019647568464279e-02
-4.436958208680152893e-02
4.186161980032920837e-02
8.000964671373367310e-02
1.545454114675521851e-01
2.469764798879623413e-01
2.355751395225524902e-01
1.378683596849441528e-01
1.257103383541107178e-01
3.106204979121685028e-02
-1.488130092620849609e-01
-2.910061776638031006e-01
-4.091322422027587891e-01
-5.414572954177856445e-01
-5.419858098030090332e-01
-4.614486098289489746e-01
-3.807254433631896973e-01
-3.693980574607849121e-01
-2.308800965547561646e-01
-1.499451696872711182e-01
-7.345522195100784302e-02
-1.073301210999488831e-01
1.327564716339111328e-01
9.601036459207534790e-02
2.183234989643096924e-01
1.756799668073654175e-01
1.221076101064682007e-01
8.492453396320343018e-02
-3.105092048645019531e-02
-1.213280186057090759e-01
-1.404653191566467285e-01
-9.559729695320129395e-02
-2.412530034780502319e-01
-5.446249246597290039e-02
-1.620312184095382690e-01
-1.224263906478881836e-01
-4.158225655555725098e-02
-8.368986845016479492e-02
-4.622282087802886963e-02
1.125575602054595947e-02
-6.918876618146896362e-02
-1.117783319205045700e-02
-1.540521532297134399e-02
-2.773277461528778076e-02
-7.143343240022659302e-02
-3.560150414705276489e-02
-1.254568994045257568e-01
-4.152035713195800781e-02
-9.536116570234298706e-02
2.604345791041851044e-03
-8.125530928373336792e-02
-4.314388334751129150e-02
