-9.673100709915161133e-01
-8.524606227874755859e-01
-4.496383666992187500e-01
2.387979477643966675e-01
8.876243233680725098e-01
1.116057276725769043e+00
1.163959383964538574e+00
1.116093039512634277e+00
1.280948877334594727e+00
1.197290182113647461e+00
9.259729981422424316e-01
8.968054652214050293e-01
4.292627871036529541e-01
4.521293640136718750e-01
7.234275341033935547e-01
7.838162779808044434e-01
6.103199124336242676e-01
3.807685971260070801e-01
2.078951746225357056e-01
2.120859324932098389e-01
2.603545784950256348e-02
-8.057547360658645630e-02
-1.019000336527824402e-01
-1.573992222547531128e-01
-2.814695239067077637e-01
-1.801880300045013428e-01
-2.664851546287536621e-01
-2.346283346414566040e-01
-1.862395852804183960e-01
-1.821933835744857788e-01
-1.723699122667312622e-01
-1.110370829701423645e-01
-1.430249661207199097e-01
-5.895255133509635925e-02
-8.917395770549774170e-02
-1.484944671392440796e-02
3.111974149942398071e-02
5.986912548542022705e-02
9.821426123380661011e-02
3.289609774947166443e-02
5.305838584899902344e-02
1.366822719573974609e-01
9.145426750183105469e-02
4.456140846014022827e-02
-6.522956490516662598e-02
-6.985262781381607056e-02
-3.338295221328735352e-02
-5.387795343995094299e-02
-2.326008304953575134e-02
-1.769183427095413208e-01
-7.633940875530242920e-02
-2.036313116550445557e-01
-3.325934708118438721e-01
-4.543648064136505127e-01
-5.121979117393493652e-01
-5.192997455596923828e-01
-4.625952839851379395e-01
-5.771294832229614258e-01
-5.564275383949279785e-01
-6.508132815361022949e-01
-5.730382204055786133e-01
-5.101594924926757812e-01
-3.655897676944732666e-01
-4.243787825107574463e-01
5.109983310103416443e-02
