-5.416157469153404236e-02
-6.209665536880493164e-02
-4.625377431511878967e-02
4.556165635585784912e-02
1.221397891640663147e-01
1.266145557165145874e-01
1.539438813924789429e-01
5.547710508108139038e-02
1.598074287176132202e-01
1.466637402772903442e-01
6.672746688127517700e-02
5.347805842757225037e-02
-4.632748663425445557e-02
6.330726295709609985e-02
-1.062398180365562439e-01
-2.167426608502864838e-02
-7.380692660808563232e-02
-7.303517311811447144e-02
-3.540461650118231773e-03
-6.266249716281890869e-02
-3.385055810213088989e-02
-3.364307805895805359e-02
-2.861975692212581635e-02
-6.414258480072021484e-02
-2.602522075176239014e-02
1.156564336270093918e-02
4.075286537408828735e-02
3.238341584801673889e-02
5.410214141011238098e-02
4.131166264414787292e-02
3.246894106268882751e-02
-2.302885614335536957e-02
-1.385278627276420593e-02
-1.891346573829650879e-01
-1.593945920467376709e-01
-2.547065615653991699e-01
-2.264447212219238281e-01
-2.685490846633911133e-01
-1.480115056037902832e-01
3.009253996424376965e-04
2.534197568893432617e-01
2.739918231964111328e-01
1.595391929149627686e-01
1.654779911041259766e-01
-4.192258045077323914e-02
-1.252209097146987915e-01
-2.108779549598693848e-01
-2.530997097492218018e-01
-1.434199213981628418e-01
-6.999527662992477417e-02
1.187952142208814621e-02
-2.615099027752876282e-02
-6.694370508193969727e-02
-1.819972135126590729e-02
-5.929771810770034790e-02
-1.446759048849344254e-02
-2.090658433735370636e-02
-1.841466524638235569e-03
-6.923926621675491333e-02
-3.968703746795654297e-02
7.742488384246826172e-02
1.093151047825813293e-01
7.855767011642456055e-02
-1.350897015072405338e-03
2.710399031639099121e-02
