-1.150415511801838875e-03
-6.938456743955612183e-02
-2.352356761693954468e-01
-5.406287312507629395e-01
-8.892256617546081543e-01
-6.387050151824951172e-01
-5.479673147201538086e-01
-4.816402494907379150e-01
-4.236574470996856689e-01
-4.233403503894805908e-01
-3.835248947143554688e-01
-3.246517479419708252e-01
-3.994320034980773926e-01
-1.369375139474868774e-01
-2.583677768707275391e-01
-1.225723996758460999e-01
-1.213546544313430786e-01
-1.093918532133102417e-01
-1.110139489173889160e-02
-4.513628408312797546e-02
6.703980267047882080e-02
2.876434847712516785e-02
1.401522904634475708e-01
2.112200707197189331e-01
2.835100293159484863e-01
3.444022536277770996e-01
3.793886005878448486e-01
3.721704781055450439e-01
3.998388051986694336e-01
2.850941717624664307e-01
3.986736536026000977e-01
7.641886919736862183e-02
4.441005289554595947e-01
