-5.353972315788269043e-01
-2.438584566116333008e-01
-2.261989563703536987e-01
-2.170959264039993286e-01
-1.178737729787826538e-01
-1.990572363138198853e-01
-1.212623715400695801e-01
-8.828105032444000244e-02
-8.752637356519699097e-02
-8.184044808149337769e-02
-1.608391255140304565e-01
6.464655697345733643e-02
8.993452414870262146e-03
-1.070029884576797485e-01
-2.458027303218841553e-01
-2.363381534814834595e-01
-2.229087948799133301e-01
-2.708096504211425781e-01
-2.557034194469451904e-01
-2.317849695682525635e-01
-2.360734939575195312e-01
-2.109668552875518799e-01
-7.597300410270690918e-02
-8.200933039188385010e-02
-1.784380711615085602e-02
1.455913763493299484e-03
6.033700332045555115e-02
8.807219564914703369e-02
1.315800547599792480e-01
1.414574533700942993e-01
2.186446934938430786e-01
2.132064104080200195e-01
2.655487358570098877e-01
2.626198530197143555e-01
2.986395657062530518e-01
3.235276937484741211e-01
3.121299743652343750e-01
3.798466920852661133e-01
3.019416332244873047e-01
3.089513778686523438e-01
3.419498801231384277e-01
3.195592164993286133e-01
3.194544911384582520e-01
3.095261454582214355e-01
2.719100415706634521e-01
2.810271382331848145e-01
2.331207841634750366e-01
2.121706604957580566e-01
2.259944528341293335e-01
2.561530470848083496e-01
2.070726454257965088e-01
2.334183156490325928e-01
2.234374880790710449e-01
2.378665208816528320e-01
2.118817269802093506e-01
2.396474182605743408e-01
2.288104891777038574e-01
2.549805045127868652e-01
3.463665246963500977e-01
2.277822643518447876e-01
3.937928974628448486e-01
4.803275465965270996e-01
5.816088318824768066e-01
5.427873730659484863e-01
1.326189160346984863e+00
