-7.978539168834686279e-02
-8.878342807292938232e-02
-3.088176846504211426e-01
-3.937498629093170166e-01
-3.334573507308959961e-01
-3.350426256656646729e-01
-1.413154304027557373e-01
2.215590141713619232e-02
-2.238694950938224792e-02
-6.630766391754150391e-02
2.156543079763650894e-03
-8.266854286193847656e-02
-3.067260608077049255e-02
-7.668633759021759033e-02
-6.563411653041839600e-02
-5.519592761993408203e-02
-3.240384161472320557e-02
-5.790845304727554321e-02
-6.635941565036773682e-02
-8.114456385374069214e-02
-9.409867227077484131e-02
-9.083034843206405640e-02
-1.126481145620346069e-01
-1.262936443090438843e-01
-1.522457152605056763e-01
-1.291584968566894531e-01
-1.846441626548767090e-01
-1.555821895599365234e-01
-1.698800772428512573e-01
-1.595839560031890869e-01
-1.969807446002960205e-01
-1.905511915683746338e-01
-2.198617458343505859e-01
-2.178640812635421753e-01
-2.523643076419830322e-01
-2.522451281547546387e-01
-2.983705401420593262e-01
-2.811868488788604736e-01
-3.310750424861907959e-01
-3.003663718700408936e-01
-3.119114637374877930e-01
-3.304946422576904297e-01
-3.268849849700927734e-01
-3.661996126174926758e-01
-3.264289498329162598e-01
-3.926517069339752197e-01
-3.370214104652404785e-01
-4.185298383235931396e-01
-4.055010080337524414e-01
-4.575680494308471680e-01
-4.266151487827301025e-01
-4.779285490512847900e-01
-4.701825976371765137e-01
-4.881284236907958984e-01
-5.036401152610778809e-01
-5.851930379867553711e-01
-4.503698348999023438e-01
-3.273369967937469482e-01
-3.763309419155120850e-01
-3.750797510147094727e-01
-4.215099215507507324e-01
-3.114359974861145020e-01
-5.376685783267021179e-02
-1.236091461032629013e-02
-7.351837307214736938e-02
