3.806423163041472435e-03
6.256582681089639664e-03
7.053064648061990738e-03
8.172237314283847809e-03
9.611197747290134430e-03
1.280802674591541290e-02
1.409090496599674225e-02
1.337009761482477188e-02
1.458649802953004837e-02
1.376399863511323929e-02
1.322355493903160095e-02
1.294714212417602539e-02
1.562429871410131454e-02
2.823378145694732666e-02
5.924090743064880371e-02
-1.601275354623794556e-01
-3.567401766777038574e-01
1.554054915904998779e-01
9.804608672857284546e-02
6.610489636659622192e-02
4.506668448448181152e-02
3.189714998006820679e-02
2.305020205676555634e-02
1.989220082759857178e-02
1.964988745748996735e-02
1.364009082317352295e-02
1.251751091331243515e-02
8.976732380688190460e-03
5.229708738625049591e-03
2.458156784996390343e-03
2.285601658513769507e-04
-1.499813748523592949e-03
-1.103869872167706490e-03
