8.601681888103485107e-02
6.293585151433944702e-02
-7.393465936183929443e-02
6.308011710643768311e-02
-2.077770046889781952e-02
3.807414695620536804e-02
1.054126545786857605e-01
3.932796418666839600e-02
-8.775907568633556366e-03
4.166484251618385315e-02
-2.391171455383300781e-02
-1.047318521887063980e-02
-1.028020456433296204e-01
-5.415287241339683533e-02
-1.398068219423294067e-01
-1.145176440477371216e-01
-2.368427067995071411e-01
-1.993437409400939941e-01
-2.350545972585678101e-01
-2.111579626798629761e-01
-2.148471474647521973e-01
-1.356197744607925415e-01
-1.072539687156677246e-01
-3.284705802798271179e-02
8.953788131475448608e-02
1.182214245200157166e-01
1.874212175607681274e-01
2.216766029596328735e-01
2.401020079851150513e-01
1.952267438173294067e-01
1.437779366970062256e-01
2.383468113839626312e-02
-1.892804950475692749e-01
-4.436586499214172363e-01
-4.456227123737335205e-01
-5.900467634201049805e-01
-5.649584531784057617e-01
-5.140420198440551758e-01
-4.696978628635406494e-01
-3.964371979236602783e-01
-2.948241829872131348e-01
-2.300993800163269043e-01
-1.427077949047088623e-01
-1.126576587557792664e-01
1.916281878948211670e-02
-2.101894468069076538e-02
7.792058587074279785e-02
1.638247519731521606e-01
7.534251362085342407e-02
1.667235791683197021e-01
6.880307197570800781e-02
1.389436572790145874e-01
1.212354600429534912e-01
1.543578132987022400e-02
1.680504716932773590e-02
3.479531034827232361e-02
5.676074326038360596e-02
-6.857134401798248291e-02
5.141405388712882996e-02
7.432984560728073120e-02
6.422241032123565674e-02
1.082984823733568192e-02
-3.499018726870417595e-03
6.479197740554809570e-02
3.657443821430206299e-02
