-5.091737839393317699e-04
5.919169634580612183e-03
6.879781838506460190e-03
6.134123075753450394e-03
7.927712984383106232e-03
9.663369506597518921e-03
1.552215963602066040e-02
2.183330617845058441e-02
2.794992551207542419e-02
3.187477216124534607e-02
3.276852145791053772e-02
2.603304386138916016e-02
1.876984350383281708e-02
3.655464621260762215e-03
-1.060233637690544128e-02
2.454399615526199341e-01
2.191719412803649902e-01
-6.471517682075500488e-02
-7.004390656948089600e-02
-5.844712629914283752e-02
-4.825776442885398865e-02
-4.029805213212966919e-02
-3.374354168772697449e-02
-2.880401350557804108e-02
-2.494281157851219177e-02
-2.281224355101585388e-02
-2.092881873250007629e-02
-1.754894852638244629e-02
-1.428924873471260071e-02
-1.425716001540422440e-02
-1.209515985101461411e-02
-9.270092472434043884e-03
-5.202135536819696426e-03
