1.591672450304031372e-01
1.297785639762878418e-01
1.464942246675491333e-01
2.457124292850494385e-01
2.620869874954223633e-01
1.464812457561492920e-01
6.886986643075942993e-02
1.598310619592666626e-01
1.354686319828033447e-01
-6.884352117776870728e-02
-1.483690589666366577e-01
-3.419179618358612061e-01
-2.261818051338195801e-01
-5.551574826240539551e-01
-2.524143457412719727e-01
-3.377266526222229004e-01
-2.269221991300582886e-01
-9.335437417030334473e-02
-1.010179668664932251e-01
9.580661356449127197e-02
1.358091980218887329e-01
2.599686980247497559e-01
2.905887961387634277e-01
8.371470123529434204e-02
7.060412317514419556e-02
-7.502276450395584106e-02
-2.628241181373596191e-01
-2.704134285449981689e-01
-2.967995703220367432e-01
-3.212376832962036133e-01
-2.415992468595504761e-01
-1.596523076295852661e-01
-1.838461905717849731e-01
