-5.637673893943428993e-04
2.050473820418119431e-03
3.350904444232583046e-03
4.048889502882957458e-03
4.363278392702341080e-03
2.099445555359125137e-03
4.948663990944623947e-03
4.724627826362848282e-03
-7.449066615663468838e-04
-1.246951147913932800e-02
-1.519048493355512619e-02
-6.950919050723314285e-03
1.185433566570281982e-02
1.789502799510955811e-02
7.230774499475955963e-03
-6.864027678966522217e-02
-1.804016381502151489e-01
3.229498490691184998e-02
2.993881329894065857e-02
1.998015306890010834e-02
1.363145746290683746e-02
8.863554336130619049e-03
5.705537274479866028e-03
3.817813238129019737e-03
1.740786945447325706e-03
1.659835921600461006e-03
-8.421126403845846653e-04
2.010547788813710213e-03
-1.618276233784854412e-03
4.666609456762671471e-04
-3.611028892919421196e-03
-2.473380882292985916e-03
-3.775555815082043409e-04
