-1.082303700968623161e-03
-8.587959222495555878e-03
-3.326056525111198425e-03
-1.160926418378949165e-03
-1.149840652942657471e-03
-1.614398322999477386e-03
-3.306126920506358147e-03
-7.247388130053877831e-04
-4.206672310829162598e-03
-2.956372452899813652e-03
-5.198018159717321396e-03
-1.088404096662998199e-03
6.648778915405273438e-03
8.713126182556152344e-03
-3.780944738537073135e-03
-1.716251820325851440e-01
-2.185595780611038208e-01
8.479486219584941864e-03
3.338327258825302124e-02
3.610455617308616638e-02
3.176967054605484009e-02
2.248452045023441315e-02
9.763447567820549011e-03
5.224912893027067184e-03
1.450578449293971062e-03
2.679914003238081932e-03
5.722317378968000412e-03
4.882334731519222260e-03
7.055243011564016342e-03
9.031404741108417511e-03
8.155602030456066132e-03
4.688790533691644669e-03
3.072690218687057495e-03
