2.055223472416400909e-02
-5.423980206251144409e-02
-5.419502034783363342e-02
-8.766685426235198975e-02
-1.895493716001510620e-01
-1.651355624198913574e-01
-1.184908002614974976e-01
9.194361045956611633e-03
6.991995871067047119e-02
2.173847705125808716e-01
3.185971379280090332e-01
2.904798090457916260e-01
1.299536973237991333e-01
-1.412555277347564697e-01
-3.755707442760467529e-01
-4.264467358589172363e-01
-2.190778255462646484e-01
6.884777545928955078e-02
2.236089706420898438e-01
1.401420962065458298e-02
6.588050723075866699e-02
6.014661863446235657e-03
4.546435922384262085e-02
6.561663746833801270e-02
3.635977581143379211e-02
-4.413624759763479233e-03
-5.339655280113220215e-02
-7.846244424581527710e-02
-1.302065104246139526e-01
-9.573775529861450195e-02
2.259681932628154755e-02
1.121798232197761536e-01
2.052125185728073120e-01
