-2.584679797291755676e-02
-3.195422142744064331e-02
-4.269109107553958893e-03
1.045793388038873672e-02
2.010175492614507675e-03
4.572285339236259460e-03
5.460789427161216736e-03
6.591774523258209229e-03
8.742529898881912231e-03
1.096967700868844986e-02
1.195882074534893036e-02
1.659495010972023010e-02
2.847419865429401398e-02
5.229353159666061401e-02
9.307735413312911987e-02
-2.316856235265731812e-01
-2.529631257057189941e-01
6.665860861539840698e-02
2.362107858061790466e-02
7.708376273512840271e-03
2.713500056415796280e-03
-3.480034414678812027e-03
-7.233824115246534348e-03
-6.371334195137023926e-03
-3.039825009182095528e-03
2.874783240258693695e-03
-4.592941142618656158e-03
-1.365386229008436203e-02
5.007686093449592590e-02
2.889109030365943909e-02
2.805462479591369629e-02
2.127014473080635071e-02
6.855428684502840042e-03
