9.942110627889633179e-04
4.315985715948045254e-04
-2.031103009358048439e-03
-5.619891919195652008e-03
-1.024926174432039261e-02
-1.329027395695447922e-02
-2.208482287824153900e-02
-2.846892550587654114e-02
-3.834003210067749023e-02
-4.741730540990829468e-02
-5.197173357009887695e-02
-3.986011818051338196e-02
-2.712805941700935364e-02
-1.281662937253713608e-02
-7.306895684450864792e-03
-1.736934334039688110e-01
-1.968301981687545776e-01
5.730250850319862366e-02
7.113576680421829224e-02
7.107132673263549805e-02
6.313698738813400269e-02
5.002808943390846252e-02
4.201469570398330688e-02
3.731544315814971924e-02
3.464978933334350586e-02
3.272525221109390259e-02
2.860337868332862854e-02
2.568110823631286621e-02
2.204480208456516266e-02
1.833335310220718384e-02
1.499486248940229416e-02
9.393831714987754822e-03
4.999527707695960999e-03
