-9.741398692131042480e-02
-7.106182724237442017e-02
-6.429745256900787354e-02
-7.051695883274078369e-02
-9.056803584098815918e-02
-1.525857001543045044e-01
-1.804474592208862305e-01
-2.726972103118896484e-01
-1.263725012540817261e-01
1.182772517204284668e-01
3.175073564052581787e-01
4.313401281833648682e-01
2.048520147800445557e-01
-3.256109729409217834e-02
-2.523361146450042725e-01
3.926429897546768188e-02
-3.749100565910339355e-01
-3.019757568836212158e-01
1.825138777494430542e-01
-3.169516921043395996e-01
-2.446908056735992432e-01
3.139739111065864563e-02
-6.460498552769422531e-03
-5.881435796618461609e-02
-7.084733992815017700e-02
4.521839693188667297e-02
-2.971901558339595795e-02
3.029775246977806091e-02
2.778809517621994019e-02
6.469696015119552612e-02
1.341067701578140259e-01
1.810104846954345703e-01
1.171126291155815125e-01
