5.954788532108068466e-03
6.612902041524648666e-03
8.480378310196101665e-04
5.960117559880018234e-04
-2.580196363851428032e-03
-7.322483230382204056e-03
-6.006890907883644104e-03
-1.045367307960987091e-02
-1.404168270528316498e-02
-1.578137837350368500e-02
-6.178339943289756775e-03
-8.299298584461212158e-03
-1.433113357052206993e-03
1.959888637065887451e-02
6.792250275611877441e-02
-2.814922332763671875e-01
-5.728729367256164551e-01
2.408091723918914795e-01
1.294102221727371216e-01
7.796838134527206421e-02
5.165076628327369690e-02
3.552863746881484985e-02
2.594793401658535004e-02
2.036775276064872742e-02
1.347602810710668564e-02
1.084721647202968597e-02
4.894730634987354279e-03
4.350471310317516327e-03
5.767532158643007278e-03
4.219430964440107346e-03
4.766770638525485992e-03
8.364848792552947998e-03
3.792560426518321037e-03
