1.891468614339828491e-01
1.378850936889648438e-01
2.951427400112152100e-01
2.785447239875793457e-01
4.217703938484191895e-01
2.673402428627014160e-01
1.402975171804428101e-01
3.124293386936187744e-01
3.447222113609313965e-01
2.207529544830322266e-01
-3.641064837574958801e-02
-1.522134542465209961e-01
-1.556658297777175903e-01
2.016753852367401123e-01
2.872845828533172607e-01
1.486599940108135343e-04
-1.815464720129966736e-02
1.595680862665176392e-01
-9.499466419219970703e-02
-1.099056899547576904e-01
3.138149157166481018e-02
-2.526302821934223175e-02
1.226807832717895508e-01
1.862677037715911865e-01
2.917525544762611389e-02
-1.012781485915184021e-01
-9.094731509685516357e-02
-1.146382689476013184e-01
-6.439027190208435059e-02
-3.956279531121253967e-02
9.201379865407943726e-02
7.104782760143280029e-02
2.132322192192077637e-01
