-3.318399563431739807e-02
-4.657058045268058777e-03
2.059161895886063576e-03
-3.966051619499921799e-03
-4.145662300288677216e-03
-6.742838304489850998e-03
-6.211860571056604385e-03
-7.682560011744499207e-03
-9.672432206571102142e-03
-1.219408772885799408e-02
-1.634574867784976959e-02
-2.386496774852275848e-02
-3.397199138998985291e-02
-5.865150690078735352e-02
-1.017774865031242371e-01
2.298870682716369629e-01
1.227726265788078308e-01
-7.979945279657840729e-03
5.761471693404018879e-04
6.271074526011943817e-03
8.231763727962970734e-03
9.132025763392448425e-03
5.327666178345680237e-03
1.657702960073947906e-03
2.774780383333563805e-03
2.887429902330040932e-03
3.176823025569319725e-03
3.923396579921245575e-03
2.752292668446898460e-03
2.392432652413845062e-03
-4.019950574729591608e-05
1.013120403513312340e-03
7.645552977919578552e-04
