-3.154419129714369774e-03
-3.306782571598887444e-03
-6.986008025705814362e-03
-9.647525846958160400e-03
-9.926682338118553162e-03
-1.515034679323434830e-02
-2.240213192999362946e-02
-3.244573622941970825e-02
-4.553581029176712036e-02
-5.392900481820106506e-02
-5.922619625926017761e-02
-5.297298356890678406e-02
-4.410897940397262573e-02
-3.164087235927581787e-02
-1.933440193533897400e-02
-1.754959374666213989e-01
-2.324149906635284424e-01
8.161918073892593384e-02
8.839626610279083252e-02
8.609193563461303711e-02
7.796607911586761475e-02
6.586000323295593262e-02
5.646190419793128967e-02
4.730870574712753296e-02
4.320403188467025757e-02
3.906456008553504944e-02
3.391924872994422913e-02
2.797568589448928833e-02
2.316329255700111389e-02
1.874296739697456360e-02
1.533097308129072189e-02
1.133836619555950165e-02
6.342809647321701050e-03
