-4.313506484031677246e-01
-3.325899243354797363e-01
-3.122132420539855957e-01
-3.471072018146514893e-01
-2.500769793987274170e-01
-2.142734080553054810e-01
-8.844953775405883789e-02
-6.723308935761451721e-03
1.281801611185073853e-01
2.462924718856811523e-01
2.753618061542510986e-01
3.491480946540832520e-01
3.251064121723175049e-01
3.925770223140716553e-01
3.080902397632598877e-01
2.481727004051208496e-01
1.978747248649597168e-01
1.398681402206420898e-01
1.036811098456382751e-01
7.509896904230117798e-02
2.352312766015529633e-02
-7.225668430328369141e-02
-4.878723621368408203e-02
-1.275735795497894287e-01
-1.428543627262115479e-01
-1.537678539752960205e-01
-1.048313304781913757e-01
-9.795077890157699585e-02
-7.519617676734924316e-02
1.348997093737125397e-02
2.430575154721736908e-02
1.468392610549926758e-01
1.669910699129104614e-01
2.335895448923110962e-01
3.279684185981750488e-01
3.266504406929016113e-01
3.742298781871795654e-01
3.387630581855773926e-01
3.313223421573638916e-01
2.714126706123352051e-01
1.108069196343421936e-01
2.490267343819141388e-02
-1.385145783424377441e-01
-2.195626646280288696e-01
-2.952847480773925781e-01
-1.556284278631210327e-01
1.049628853797912598e-01
3.041693866252899170e-01
3.652073144912719727e-01
3.440481126308441162e-01
3.025252521038055420e-01
2.324165701866149902e-01
7.930959761142730713e-02
8.783512562513351440e-02
7.357051223516464233e-02
1.275755017995834351e-01
1.238590404391288757e-01
2.198611758649349213e-02
3.501339629292488098e-02
-8.553376421332359314e-03
6.119548529386520386e-02
3.804235905408859253e-02
1.894961297512054443e-01
2.852659225463867188e-01
2.157786786556243896e-01
