2.232442144304513931e-03
6.043966393917798996e-03
7.373609580099582672e-03
9.160309098660945892e-03
1.108387112617492676e-02
1.415202673524618149e-02
1.865938678383827209e-02
2.187401242554187775e-02
2.614900097250938416e-02
2.786150388419628143e-02
2.243874594569206238e-02
1.911789737641811371e-02
1.243793312460184097e-02
-7.063392549753189087e-03
-3.000452741980552673e-02
2.345089912414550781e-01
3.371140360832214355e-01
-1.259333640336990356e-01
-8.530072122812271118e-02
-5.639180541038513184e-02
-4.535787180066108704e-02
-3.987667337059974670e-02
-3.415153920650482178e-02
-2.816835790872573853e-02
-2.498491294682025909e-02
-2.053951285779476166e-02
-1.693253219127655029e-02
-1.578179746866226196e-02
-1.392124406993389130e-02
-1.088177226483821869e-02
-9.159167297184467316e-03
-7.961623370647430420e-03
-4.505345132201910019e-03
