1.515265088528394699e-03
-4.109461151529103518e-04
5.140521097928285599e-04
8.549601770937442780e-04
4.734664107672870159e-04
3.718900727108120918e-03
8.579120622016489506e-04
1.417763298377394676e-03
-6.107490044087171555e-03
-1.117003895342350006e-02
-1.452347356826066971e-02
6.673138588666915894e-03
1.403621211647987366e-02
6.509778555482625961e-03
-6.721459794789552689e-03
-1.174737587571144104e-01
-1.539812982082366943e-01
2.844450995326042175e-02
3.656930476427078247e-02
2.744308300316333771e-02
1.734692975878715515e-02
8.442430756986141205e-03
5.491720978170633316e-03
4.121306352317333221e-03
2.420898294076323509e-03
9.978286689147353172e-04
2.613247605040669441e-03
2.438063733279705048e-03
3.574864706024527550e-03
6.692280992865562439e-03
4.375002812594175339e-03
8.245814824476838112e-04
-3.047172212973237038e-04
