-9.052268578670918941e-04
-5.979747511446475983e-04
-2.820720430463552475e-03
-7.115174084901809692e-03
-1.110120583325624466e-02
-1.594056934118270874e-02
-1.482880953699350357e-02
-1.919442787766456604e-02
-2.396416477859020233e-02
-2.540441788733005524e-02
-2.720442600548267365e-02
-1.972952112555503845e-02
-7.530848495662212372e-03
-3.340939292684197426e-03
2.055241027846932411e-03
-2.305921912193298340e-01
-2.058145105838775635e-01
4.937362298369407654e-02
6.053186580538749695e-02
5.508776754140853882e-02
4.720618203282356262e-02
3.401594609022140503e-02
2.610125392675399780e-02
2.240475267171859741e-02
1.943575218319892883e-02
1.935514248907566071e-02
1.542663108557462692e-02
1.575157977640628815e-02
1.535953115671873093e-02
2.055361308157444000e-02
1.814903318881988525e-02
1.431343611329793930e-02
9.326254948973655701e-03
