1.760952472686767578e-01
2.995332777500152588e-01
4.049514532089233398e-01
3.577956259250640869e-01
4.284992516040802002e-01
4.168584346771240234e-01
3.737020492553710938e-01
2.544935643672943115e-01
3.083471357822418213e-01
1.798123270273208618e-01
1.447462588548660278e-01
7.806538790464401245e-02
5.885607749223709106e-02
5.374213680624961853e-02
-5.681544169783592224e-02
2.857157215476036072e-02
-4.634531587362289429e-02
-6.808153819292783737e-03
-5.559009313583374023e-02
-1.034248769283294678e-01
-6.379479914903640747e-02
-1.007330864667892456e-01
-4.149040952324867249e-02
-4.268058761954307556e-02
1.731761544942855835e-02
-1.605128869414329529e-02
4.292492195963859558e-02
1.485719084739685059e-01
6.901483982801437378e-02
1.844236850738525391e-01
1.814704537391662598e-01
2.010411769151687622e-01
2.240218222141265869e-01
2.908600866794586182e-01
2.356193959712982178e-01
2.979071140289306641e-01
4.465062022209167480e-01
2.224792391061782837e-01
5.080357789993286133e-01
4.365865588188171387e-01
3.492245972156524658e-01
4.984364211559295654e-01
4.829717576503753662e-01
4.344147443771362305e-01
3.994031846523284912e-01
4.784531891345977783e-01
3.936345279216766357e-01
3.651300668716430664e-01
2.885084748268127441e-01
3.167367875576019287e-01
1.947513967752456665e-01
2.314815074205398560e-01
1.697217524051666260e-01
7.946689426898956299e-02
9.289015084505081177e-02
-6.902643293142318726e-02
-1.077468618750572205e-01
-1.416622400283813477e-01
-1.869096308946609497e-01
-2.830820977687835693e-01
-2.680243253707885742e-01
-3.742443919181823730e-01
-4.023689031600952148e-01
-4.371179640293121338e-01
-3.900256752967834473e-01
