-4.666688852012157440e-03
-7.390943821519613266e-03
-1.397280581295490265e-02
-1.672056131064891815e-02
-2.079490013420581818e-02
-2.247105725109577179e-02
-2.508080936968326569e-02
-2.637120522558689117e-02
-2.768564037978649139e-02
-3.208215162158012390e-02
-3.725393489003181458e-02
-4.592436179518699646e-02
-5.572697520256042480e-02
-6.105003505945205688e-02
-6.248643621802330017e-02
1.468679010868072510e-01
2.092309743165969849e-01
-8.476483635604381561e-03
8.265557698905467987e-03
2.622998133301734924e-02
2.688224613666534424e-02
2.720686234533786774e-02
2.798551134765148163e-02
2.716312557458877563e-02
2.616231702268123627e-02
2.135830931365489960e-02
1.538119744509458542e-02
1.368572842329740524e-02
1.303193718194961548e-02
1.299198344349861145e-02
1.158292032778263092e-02
9.292631410062313080e-03
7.623677141964435577e-03
