1.784231662750244141e-01
3.106800317764282227e-01
4.545663297176361084e-01
1.759561747312545776e-01
1.167630851268768311e-01
7.112605869770050049e-02
-6.572271883487701416e-02
-2.322871685028076172e-01
4.564894363284111023e-03
-1.073570922017097473e-01
-2.489239573478698730e-01
6.458029896020889282e-02
-3.703157305717468262e-01
-1.158984526991844177e-01
-2.879962921142578125e-01
-3.134317398071289062e-01
-3.063873350620269775e-01
-3.175753057003021240e-01
-3.255479633808135986e-01
-3.619255125522613525e-01
-3.960732519626617432e-01
-4.674364328384399414e-01
-3.656686544418334961e-01
-5.439876317977905273e-01
-4.414056241512298584e-01
-5.614579319953918457e-01
-5.934685468673706055e-01
-5.936473011970520020e-01
-6.264535784721374512e-01
-7.242029905319213867e-01
-4.958702921867370605e-01
-4.632596969604492188e-01
-3.594572544097900391e-01
