-9.624089598655700684e-01
-8.761802911758422852e-01
-7.383377552032470703e-01
-1.200923681259155273e+00
-1.271595239639282227e+00
-1.830084443092346191e+00
-2.397826194763183594e+00
-2.528506755828857422e+00
-2.012762546539306641e+00
-1.301038622856140137e+00
-9.511975049972534180e-01
-8.023084402084350586e-01
-5.512092113494873047e-01
-4.396001994609832764e-01
-2.164571881294250488e-01
-1.297984868288040161e-01
-3.660472854971885681e-02
-1.145234033465385437e-01
-2.363934814929962158e-01
-1.198749244213104248e-01
-1.956801116466522217e-01
-9.229671955108642578e-02
-5.691849067807197571e-02
-3.850634768605232239e-02
-4.712204448878765106e-03
6.711004767566919327e-03
-4.402575269341468811e-02
-6.896021217107772827e-02
-3.284493461251258850e-02
-1.170537397265434265e-01
-1.520150750875473022e-01
-1.178380101919174194e-01
-1.886235475540161133e-01
-1.362997889518737793e-01
-2.200977206230163574e-01
-1.664738804101943970e-01
-2.507600188255310059e-01
-2.148772031068801880e-01
-2.812390923500061035e-01
-2.882183790206909180e-01
-2.902095913887023926e-01
-3.409489691257476807e-01
-3.147590756416320801e-01
-3.967749178409576416e-01
-3.342202901840209961e-01
-4.092637598514556885e-01
-3.960536122322082520e-01
-3.774823248386383057e-01
-4.070148169994354248e-01
-2.578478157520294189e-01
-2.225100621581077576e-02
3.787440247833728790e-03
-1.217584311962127686e-01
-1.914496421813964844e-01
-1.533287167549133301e-01
-2.658358514308929443e-01
-1.665306836366653442e-01
2.128495089709758759e-02
4.340705275535583496e-01
4.773204922676086426e-01
2.105415314435958862e-01
-3.039251081645488739e-02
-3.565491735935211182e-02
-9.890574961900711060e-03
-7.567767053842544556e-02
