1.221913029439747334e-03
5.167441908270120621e-03
4.274046048521995544e-03
5.628898739814758301e-03
3.807761240750551224e-03
4.223118536174297333e-03
2.315047429874539375e-03
-3.608926432207226753e-03
-6.852054037153720856e-03
-8.060354739427566528e-03
-3.953696228563785553e-03
2.835399354808032513e-04
4.325660876929759979e-03
7.776390295475721359e-03
7.867410778999328613e-03
-2.119398564100265503e-01
-9.926708042621612549e-02
4.426163807511329651e-02
4.448538273572921753e-02
3.454169631004333496e-02
9.937241673469543457e-03
2.771234838292002678e-03
1.309563498944044113e-02
1.692800968885421753e-02
8.800367824733257294e-03
2.341562794754281640e-04
-1.642744522541761398e-03
2.463486278429627419e-03
1.000217045657336712e-03
3.558644093573093414e-03
-6.914014229550957680e-04
-1.813260256312787533e-03
-1.429455704055726528e-03
