5.531774368137121201e-03
7.332891225814819336e-03
1.288085337728261948e-02
1.231874059885740280e-02
1.549941394478082657e-02
1.480411738157272339e-02
1.881921850144863129e-02
1.914474368095397949e-02
2.611972950398921967e-02
2.991629019379615784e-02
4.200350493192672729e-02
5.780822783708572388e-02
9.369248151779174805e-02
1.655018478631973267e-01
2.682332098484039307e-01
-6.984286904335021973e-01
-3.180474340915679932e-01
6.336145848035812378e-02
1.413499843329191208e-02
-2.473330590873956680e-03
-5.966789554804563522e-03
-1.170506887137889862e-02
-8.735203184187412262e-03
-6.433009635657072067e-03
-1.319055911153554916e-02
-9.859038516879081726e-03
-8.622994646430015564e-03
-9.846226312220096588e-03
-6.835022475570440292e-03
-6.103213410824537277e-03
-3.450539894402027130e-03
1.449045666959136724e-04
6.343782413750886917e-03
