-4.185292720794677734e-01
-4.496401548385620117e-01
-4.838502407073974609e-01
-3.989159464836120605e-01
-2.814039587974548340e-01
-2.913982868194580078e-01
-1.345319747924804688e-01
-1.416959613561630249e-02
1.050670221447944641e-01
3.442176878452301025e-01
3.684113323688507080e-01
1.443865299224853516e-01
-1.633864194154739380e-01
-2.182226032018661499e-01
-6.485818326473236084e-02
-3.482681885361671448e-02
1.343893855810165405e-01
2.407263219356536865e-01
3.143817484378814697e-01
3.555704951286315918e-01
-6.556211970746517181e-03
-1.885038912296295166e-01
-1.395317018032073975e-01
1.099574789404869080e-01
2.117877900600433350e-01
2.037107050418853760e-01
2.298424392938613892e-01
2.893231511116027832e-01
1.172036379575729370e-01
5.941163375973701477e-02
-2.873901650309562683e-02
-2.319428883492946625e-02
-9.888894110918045044e-02
