2.132290303707122803e-01
3.453573584556579590e-01
2.547982335090637207e-01
1.154845133423805237e-01
-1.336567103862762451e-01
-1.227118745446205139e-01
-1.393293738365173340e-01
-1.215466931462287903e-01
-8.432029932737350464e-02
7.156614959239959717e-02
1.178202033042907715e-01
1.518512517213821411e-01
1.041760742664337158e-01
-2.679736614227294922e-01
-7.182195037603378296e-02
-2.173483520746231079e-01
-5.174093693494796753e-02
-7.375376671552658081e-02
7.090196013450622559e-02
4.216993972659111023e-02
2.539216540753841400e-02
-8.306980133056640625e-02
2.025737762451171875e-01
-5.441329628229141235e-02
-2.565799281001091003e-02
1.346198171377182007e-01
-1.570568419992923737e-02
-2.756630182266235352e-01
-1.019030287861824036e-01
1.422004550695419312e-01
-1.015451923012733459e-02
-1.104517132043838501e-01
2.200513035058975220e-01
