-3.078000620007514954e-02
1.360498368740081787e-03
2.022512070834636688e-02
-7.236015796661376953e-02
-2.987772226333618164e-03
-5.600978154689073563e-03
-1.561414357274770737e-02
-5.813832953572273254e-02
6.397994607686996460e-02
-2.315217629075050354e-02
7.605595979839563370e-03
6.782078649848699570e-03
4.092922806739807129e-02
8.103130012750625610e-02
9.917637333273887634e-03
1.009405255317687988e-01
1.688819751143455505e-02
2.578043006360530853e-02
-5.994533747434616089e-02
-1.144673302769660950e-01
-1.741741001605987549e-01
-2.577343285083770752e-01
-2.118392139673233032e-01
-2.205904871225357056e-01
-1.485216915607452393e-01
-1.558482050895690918e-01
-6.314042955636978149e-02
6.164926290512084961e-02
5.553789902478456497e-03
5.193945765495300293e-02
2.415056526660919189e-01
1.116227433085441589e-01
2.028748989105224609e-01
2.266028970479965210e-01
1.607312709093093872e-01
2.788647711277008057e-01
3.687164187431335449e-01
3.872295618057250977e-01
7.028012275695800781e-01
6.355364322662353516e-01
5.051004290580749512e-01
3.854661881923675537e-01
3.307566940784454346e-01
2.051371783018112183e-01
4.624393954873085022e-02
6.107049435377120972e-02
-5.132134631276130676e-02
-7.992450147867202759e-02
-1.323465406894683838e-01
-3.481310606002807617e-02
-9.153858572244644165e-02
-6.275128573179244995e-03
1.120455469936132431e-02
-8.158168755471706390e-03
6.402733176946640015e-02
-5.566857289522886276e-03
4.208944365382194519e-02
6.344427913427352905e-02
5.935208871960639954e-02
1.933990977704524994e-03
5.695874243974685669e-02
1.140242535620927811e-02
2.851811423897743225e-02
-1.201985590159893036e-02
7.123809307813644409e-03
