-8.261056244373321533e-02
-1.006379500031471252e-01
1.791196912527084351e-01
3.356426656246185303e-01
2.760618031024932861e-01
2.064525187015533447e-01
1.208726167678833008e-01
-1.281234472990036011e-01
-1.717344373464584351e-01
-1.509648412466049194e-01
-3.944352641701698303e-02
8.525363355875015259e-02
-6.644142419099807739e-02
-1.654479205608367920e-01
-1.299302130937576294e-01
-9.379944950342178345e-02
-1.212951093912124634e-01
1.651324033737182617e-01
-1.613922715187072754e-01
-2.768486142158508301e-01
1.781784892082214355e-01
5.329226851463317871e-01
1.023312583565711975e-01
-2.326822429895401001e-01
-2.113043814897537231e-01
-2.083621919155120850e-01
-2.360285818576812744e-01
-2.366275489330291748e-01
-8.339832723140716553e-02
-2.630526423454284668e-01
-4.149193465709686279e-01
-5.617917180061340332e-01
-5.660576224327087402e-01
