1.524331569671630859e-01
2.738728933036327362e-02
-4.203549027442932129e-02
-9.194366633892059326e-02
-6.714706122875213623e-02
-7.986282557249069214e-02
-1.071752831339836121e-01
-1.528101265430450439e-01
-7.006054371595382690e-02
-1.207644939422607422e-01
-1.217542812228202820e-01
-7.980853319168090820e-02
-2.491875737905502319e-01
-1.596048027276992798e-01
-2.496076375246047974e-01
-2.527251839637756348e-01
-3.026362657546997070e-01
-2.697053253650665283e-01
-2.802976965904235840e-01
-2.479899078607559204e-01
-2.065447717905044556e-01
-1.560541540384292603e-01
-9.603197127580642700e-02
-6.240091100335121155e-02
-4.268388450145721436e-02
7.404161989688873291e-02
7.198232412338256836e-02
3.876148164272308350e-02
7.410212606191635132e-02
2.415857091546058655e-02
4.073536396026611328e-02
-5.878134816884994507e-02
-8.407750725746154785e-02
-1.249412670731544495e-01
-2.415278106927871704e-01
-2.605028748512268066e-01
-2.052975147962570190e-01
-2.553660571575164795e-01
-9.589701890945434570e-02
-6.583740562200546265e-02
2.280313819646835327e-01
2.475285083055496216e-01
2.081164568662643433e-01
2.928788363933563232e-01
8.988987654447555542e-02
3.175823017954826355e-02
-1.514309495687484741e-01
-1.659291088581085205e-01
-2.425186783075332642e-01
-2.870447933673858643e-01
-1.568493396043777466e-01
-3.057579994201660156e-01
-2.487012445926666260e-01
7.127012312412261963e-02
1.483507305383682251e-01
1.265360116958618164e-01
7.850209623575210571e-02
2.098293304443359375e-01
1.438936442136764526e-01
-1.124164387583732605e-01
-2.864174842834472656e-01
-3.022262752056121826e-01
-1.795740723609924316e-01
-1.409688144922256470e-01
-1.418154686689376831e-01
