4.883534312248229980e-01
4.618299007415771484e-01
3.410859704017639160e-01
4.225170612335205078e-01
-6.649893522262573242e-01
-1.365574717521667480e+00
-1.789489984512329102e+00
-2.092423439025878906e+00
-1.731648206710815430e+00
-1.302667617797851562e+00
-9.446392655372619629e-01
-5.186697840690612793e-01
-6.922910213470458984e-01
-2.555239200592041016e-01
5.499322414398193359e-01
6.195508241653442383e-01
1.967044174671173096e-01
2.480895817279815674e-01
-3.111136145889759064e-02
-2.085318416357040405e-02
9.267444908618927002e-02
-1.015524566173553467e-01
-1.630024015903472900e-01
-5.627020448446273804e-02
4.529571905732154846e-02
5.251139774918556213e-02
-4.320888593792915344e-02
-9.157298505306243896e-02
-8.942866325378417969e-02
-1.786663234233856201e-01
-1.513715237379074097e-01
-1.942620575428009033e-01
-2.344202548265457153e-01
-2.313693165779113770e-01
-2.413010597229003906e-01
-2.845710813999176025e-01
-2.762271463871002197e-01
-3.062945902347564697e-01
-3.707446157932281494e-01
-4.118072092533111572e-01
-3.467767834663391113e-01
-5.670443773269653320e-01
-6.027249097824096680e-01
-3.345800340175628662e-01
-5.263763666152954102e-01
-7.601257562637329102e-01
-5.271289348602294922e-01
-8.991791605949401855e-01
-1.141177654266357422e+00
-9.484657645225524902e-01
-9.831399321556091309e-01
-8.863703608512878418e-01
-9.271970391273498535e-01
-1.028312325477600098e+00
-1.133124828338623047e+00
-1.312475800514221191e+00
-1.311719179153442383e+00
-1.431978583335876465e+00
-1.252214431762695312e+00
-1.206569075584411621e+00
-1.061201095581054688e+00
-9.362186789512634277e-01
-7.826240062713623047e-01
-4.795578122138977051e-01
-1.184591293334960938e+00
