-4.171941895037889481e-03
-3.541372250765562057e-03
-3.865796374157071114e-03
-2.165030455216765404e-03
-6.073973607271909714e-03
-5.270716734230518341e-03
3.954772837460041046e-03
5.237762816250324249e-03
3.418773412704467773e-04
-4.524977877736091614e-03
-2.316905558109283447e-02
-3.672997653484344482e-02
-4.979895800352096558e-02
-5.016738176345825195e-02
-4.229688644409179688e-02
2.021922022104263306e-01
1.402344405651092529e-01
4.155944101512432098e-03
1.824642880819737911e-03
6.421372294425964355e-03
3.203227650374174118e-03
2.788674784824252129e-03
1.442402368411421776e-03
5.489750299602746964e-03
4.833132028579711914e-03
-2.375637704972177744e-04
1.509345951490104198e-03
-1.334220869466662407e-03
-4.047200549393892288e-03
-1.320321462117135525e-03
3.319816896691918373e-03
-2.090639667585492134e-03
4.160494077950716019e-03
