1.544618699699640274e-02
2.983121573925018311e-02
1.647526025772094727e-01
2.301983162760734558e-02
1.350684906356036663e-04
8.746293606236577034e-04
-5.309225991368293762e-03
-1.199828833341598511e-02
-1.175950374454259872e-02
-1.125532947480678558e-02
-1.245584897696971893e-02
-1.154605112969875336e-02
3.832372603937983513e-03
5.730293318629264832e-02
1.665424853563308716e-01
-5.288356542587280273e-01
-8.723903894424438477e-01
3.667821288108825684e-01
1.986390501260757446e-01
1.144696995615959167e-01
6.929356604814529419e-02
5.314075201749801636e-02
4.130228608846664429e-02
2.914056926965713501e-02
3.130442276597023010e-02
2.966837771236896515e-02
2.491600252687931061e-02
2.248159982264041901e-02
2.270049974322319031e-02
1.635811477899551392e-02
2.270267158746719360e-02
2.646791376173496246e-02
1.506953965872526169e-02
