4.724548161029815674e-01
8.730939626693725586e-01
8.492831587791442871e-01
7.474734783172607422e-01
7.573398947715759277e-01
5.808151364326477051e-01
1.212833076715469360e-01
-5.490545034408569336e-01
5.597322061657905579e-02
4.255868494510650635e-02
5.905306711792945862e-02
7.870118021965026855e-01
-1.874988973140716553e-01
-2.162238657474517822e-01
-1.107775047421455383e-02
2.312331087887287140e-02
-5.462487787008285522e-02
-1.771782040596008301e-01
-7.987303286790847778e-02
-1.736776381731033325e-01
1.631444543600082397e-01
3.681564331054687500e-02
-1.740281879901885986e-01
-3.811186850070953369e-01
-2.883467078208923340e-01
-1.810887902975082397e-01
5.074889864772558212e-03
2.122507691383361816e-01
4.043779969215393066e-01
3.938781619071960449e-01
4.013856649398803711e-01
2.943952083587646484e-01
2.460853755474090576e-01
