-2.943709492683410645e-01
-2.695850133895874023e-01
-2.334110587835311890e-01
-4.387865662574768066e-01
-5.044179558753967285e-01
-5.127991437911987305e-01
-4.786280095577239990e-01
-4.492391347885131836e-01
-2.934170961380004883e-01
-3.312423527240753174e-01
-4.171608090400695801e-01
-2.652221024036407471e-01
-3.383998572826385498e-01
-3.131697773933410645e-01
-2.654667496681213379e-01
-2.633093893527984619e-01
-2.528815865516662598e-01
-8.075340837240219116e-02
-1.979180723428726196e-01
-7.194372266530990601e-02
-2.971617318689823151e-02
9.699158370494842529e-02
-8.003766834735870361e-02
7.872021198272705078e-02
2.384094148874282837e-01
9.072236716747283936e-02
2.369948476552963257e-02
2.824554778635501862e-02
4.617141187191009521e-02
-1.984581798315048218e-01
-2.275897711515426636e-01
-3.767231404781341553e-01
-3.428598642349243164e-01
