1.020137313753366470e-02
-3.127720952033996582e-02
-2.988653816282749176e-02
4.353547096252441406e-02
3.875145316123962402e-02
5.860547721385955811e-02
6.421989202499389648e-02
8.932496607303619385e-02
8.216164261102676392e-02
1.231473032385110855e-02
-1.502250973135232925e-02
-1.163577064871788025e-01
-8.688677102327346802e-02
-1.212166845798492432e-01
-9.027713537216186523e-02
-2.330726198852062225e-02
-3.907768800854682922e-02
1.721410825848579407e-02
1.515536860097199678e-04
1.767442822456359863e-01
1.778258830308914185e-01
2.614060342311859131e-01
1.733629256486892700e-01
2.965850010514259338e-02
-1.235203519463539124e-01
-2.852050662040710449e-01
-3.036423921585083008e-01
-2.210700511932373047e-01
-1.003783047199249268e-01
5.918103083968162537e-02
1.895162463188171387e-01
6.959411501884460449e-02
1.004306226968765259e-01
1.010357141494750977e-01
1.240194737911224365e-01
1.259929388761520386e-01
2.094354182481765747e-01
2.113354057073593140e-01
3.943640291690826416e-01
4.850343167781829834e-01
3.643647730350494385e-01
3.348930180072784424e-01
2.617208361625671387e-01
5.770949646830558777e-02
1.722912862896919250e-02
-1.778156682848930359e-02
-5.320357531309127808e-02
2.011637762188911438e-02
4.207592457532882690e-02
-3.082279115915298462e-02
-1.248485594987869263e-02
2.728826925158500671e-02
5.476932972669601440e-02
-4.487295076251029968e-02
1.023510918021202087e-01
5.152472108602523804e-02
9.366313368082046509e-02
9.164626151323318481e-02
9.560845792293548584e-02
8.804671466350555420e-03
1.900113373994827271e-02
2.994767390191555023e-02
2.712693437933921814e-02
-2.795527130365371704e-02
-6.942484527826309204e-02
