3.496117293834686279e-01
1.727561056613922119e-01
3.073811531066894531e-01
3.969775438308715820e-01
4.540746510028839111e-01
3.315469324588775635e-01
3.798516988754272461e-01
3.139605820178985596e-01
1.990969628095626831e-01
1.076070368289947510e-01
7.116694003343582153e-02
2.195890992879867554e-04
-1.158287599682807922e-01
1.239647244801744819e-04
-1.660130470991134644e-01
-1.981823891401290894e-01
-1.649501919746398926e-01
-5.465602502226829529e-02
-1.992985233664512634e-02
1.738748047500848770e-03
2.601413987576961517e-02
6.025691330432891846e-02
1.230103224515914917e-01
9.977144747972488403e-02
-5.064653232693672180e-02
4.634182527661323547e-02
-1.229651123285293579e-01
-1.521198004484176636e-01
-1.561231613159179688e-01
-1.498023569583892822e-01
-1.279591023921966553e-01
-3.413536027073860168e-02
-7.234326750040054321e-02
-1.538216974586248398e-02
-1.076207607984542847e-01
1.081128120422363281e-01
7.578720152378082275e-02
5.138100311160087585e-02
-6.799074821174144745e-03
-3.121346235275268555e-04
-5.598644912242889404e-02
-7.620891928672790527e-02
-8.582866936922073364e-02
-1.213718056678771973e-01
4.458297975361347198e-03
-5.113014578819274902e-02
7.872723788022994995e-02
6.790698319673538208e-02
1.758664548397064209e-01
2.261919975280761719e-01
2.696849405765533447e-01
2.887160181999206543e-01
2.835908234119415283e-01
2.767282724380493164e-01
3.379743397235870361e-01
3.030534088611602783e-01
3.188701570034027100e-01
2.711894214153289795e-01
3.170325160026550293e-01
2.723699808120727539e-01
4.320276677608489990e-01
4.129828214645385742e-01
5.710124969482421875e-01
7.356020808219909668e-01
1.221903562545776367e+00
