4.932344257831573486e-01
5.829257965087890625e-01
6.624804139137268066e-01
7.099806070327758789e-01
7.491225600242614746e-01
7.176448702812194824e-01
4.935756623744964600e-01
3.861312270164489746e-01
2.005578279495239258e-01
4.924362152814865112e-02
-9.172852337360382080e-02
-1.302585750818252563e-01
-1.276897042989730835e-01
-3.988338410854339600e-01
-1.537029892206192017e-01
-3.193049728870391846e-01
-1.513260602951049805e-01
-6.791561096906661987e-02
-1.295402199029922485e-01
1.383060365915298462e-01
2.642071843147277832e-01
2.996320426464080811e-01
3.252736330032348633e-01
2.718476951122283936e-02
-2.014807425439357758e-02
-5.235405564308166504e-01
-9.920046329498291016e-01
-9.102130532264709473e-01
-1.309943079948425293e+00
-1.187043190002441406e+00
-7.746283411979675293e-01
-8.120044469833374023e-01
-7.808189988136291504e-01
