1.291565038263797760e-02
-2.023950405418872833e-02
-1.722487434744834900e-02
1.780365705490112305e-01
3.509883284568786621e-01
3.047351837158203125e-01
3.610412180423736572e-01
4.227648377418518066e-01
5.102109313011169434e-01
4.706762135028839111e-01
2.454867810010910034e-01
8.768513798713684082e-02
1.382285263389348984e-02
-2.600083593279123306e-03
-3.342778980731964111e-01
-4.284224659204483032e-02
-3.415832221508026123e-01
-3.534345030784606934e-01
-8.341646194458007812e-02
-4.483033716678619385e-01
-2.159492075443267822e-01
-2.603622376918792725e-01
-3.860801160335540771e-01
-1.776732206344604492e-01
-2.764098942279815674e-01
-2.156393527984619141e-01
-1.439330875873565674e-01
-2.646445296704769135e-02
-7.679389417171478271e-02
-4.220411926507949829e-02
8.843797259032726288e-03
3.759022057056427002e-02
1.533539593219757080e-01
