2.311856253072619438e-03
3.129535587504506111e-03
3.634772263467311859e-03
-4.871611483395099640e-03
-6.282867398113012314e-03
-7.110059261322021484e-03
-9.554834105074405670e-03
-9.723866358399391174e-03
-1.574230194091796875e-02
-1.883512549102306366e-02
-2.010987512767314911e-02
-3.840284189209342003e-03
7.789690978825092316e-03
8.548676967620849609e-03
6.475798320025205612e-03
-2.202331721782684326e-01
-2.064280211925506592e-01
5.522802472114562988e-02
5.212990194559097290e-02
4.558974876999855042e-02
3.136913850903511047e-02
2.017902024090290070e-02
1.113054156303405762e-02
9.728163480758666992e-03
6.881252396851778030e-03
9.491927921772003174e-03
1.065634563565254211e-02
1.551081240177154541e-02
1.637801155447959900e-02
1.840232685208320618e-02
1.471953466534614563e-02
1.149110775440931320e-02
6.888198200613260269e-03
