6.658506393432617188e-01
4.648177623748779297e-01
-9.241645038127899170e-02
-4.660260379314422607e-01
-3.851583003997802734e-01
-2.859108150005340576e-01
-3.399135768413543701e-01
3.078733682632446289e-01
6.291040778160095215e-01
4.790992438793182373e-01
3.652373850345611572e-01
5.019153654575347900e-02
-3.843702748417854309e-02
-3.852390646934509277e-01
-1.934618949890136719e-01
-2.795189321041107178e-01
-9.347222745418548584e-02
7.302696257829666138e-02
2.242155186831951141e-02
1.407894641160964966e-01
-5.012069828808307648e-03
-2.518669664859771729e-01
-1.897263675928115845e-01
7.540499418973922729e-02
-1.115637645125389099e-01
3.414267301559448242e-01
7.987920641899108887e-01
8.080339431762695312e-01
9.001905918121337891e-01
9.415159821510314941e-01
8.558828234672546387e-01
6.515086293220520020e-01
7.205052375793457031e-01
