-1.733049051836133003e-03
6.375104421749711037e-04
-9.841814171522855759e-04
-1.352344057522714138e-03
-1.358843524940311909e-03
2.337307960260659456e-04
-1.356719294562935829e-03
-2.097073476761579514e-03
-2.970363246276974678e-03
-3.676832187920808792e-03
-3.664984134957194328e-03
-2.907443791627883911e-03
1.595653477124869823e-03
1.172553282231092453e-02
3.803889453411102295e-02
-1.318330913782119751e-01
-2.566440999507904053e-01
1.058455184102058411e-01
5.695728957653045654e-02
3.037776052951812744e-02
1.798077300190925598e-02
1.364540774375200272e-02
1.320251915603876114e-02
8.679118938744068146e-03
5.300530698150396347e-03
2.476466586813330650e-03
2.889681374654173851e-03
2.496898639947175980e-03
1.289353007450699806e-03
2.343219704926013947e-03
3.965501207858324051e-03
3.065467812120914459e-03
3.898718161508440971e-03
