3.041731417179107666e-01
4.318538904190063477e-01
7.530862689018249512e-01
8.454414010047912598e-01
7.068518400192260742e-01
6.170284152030944824e-01
4.498742222785949707e-01
4.591878950595855713e-01
1.554101556539535522e-01
2.706430554389953613e-01
3.734711557626724243e-02
1.645509898662567139e-01
-1.145518496632575989e-01
-5.425818637013435364e-02
-1.801916062831878662e-01
-2.763544023036956787e-01
-3.267482817173004150e-01
-3.938384652137756348e-01
-3.751832246780395508e-01
-5.452861189842224121e-01
-4.986373186111450195e-01
-5.016496181488037109e-01
-8.345777988433837891e-01
-5.239902138710021973e-01
-2.057701498270034790e-01
-8.246819376945495605e-01
-1.012006521224975586e+00
-9.661692380905151367e-01
-9.368451237678527832e-01
-5.686748027801513672e-01
-2.496137283742427826e-02
-1.928081363439559937e-02
-1.489324402064085007e-02
