3.577700350433588028e-03
-3.015335823874920607e-04
-1.436740625649690628e-03
-3.358772082719951868e-04
4.027571994811296463e-03
2.829738892614841461e-03
6.751682143658399582e-03
8.819621987640857697e-03
1.372480206191539764e-02
1.101689971983432770e-02
5.341832991689443588e-03
1.491324394010007381e-03
4.427716135978698730e-03
-6.163138896226882935e-03
-1.027011685073375702e-02
2.012680321931838989e-01
1.654834002256393433e-01
-3.325138613581657410e-02
-3.809373825788497925e-02
-2.851944975554943085e-02
-2.890344336628913879e-02
-1.864813640713691711e-02
-1.034176163375377655e-02
-5.500986240804195404e-03
-1.847161096520721912e-03
1.330982544459402561e-03
-2.297366503626108170e-03
-6.346461828798055649e-03
-9.027040563523769379e-03
-1.089741848409175873e-02
-1.024037599563598633e-02
-8.575968444347381592e-03
-8.144211955368518829e-03
