-3.854391351342201233e-02
-1.652901470661163330e-01
-1.769006550312042236e-01
-1.154462620615959167e-01
-3.361841896548867226e-03
5.132263898849487305e-02
1.619117110967636108e-01
2.816290557384490967e-01
4.358877539634704590e-01
2.225147634744644165e-01
5.701806768774986267e-02
3.984160125255584717e-01
2.202019840478897095e-01
-2.579283416271209717e-01
-5.335329100489616394e-03
-2.030963152647018433e-01
-2.479255646467208862e-01
-2.918920218944549561e-01
-2.273874580860137939e-01
-2.472492456436157227e-01
-2.386626750230789185e-01
-2.674705386161804199e-01
-1.354113370180130005e-01
-3.239342570304870605e-02
1.305725611746311188e-02
-1.959509402513504028e-02
4.990972578525543213e-02
-1.172865182161331177e-02
6.597781088203191757e-03
1.540978811681270599e-02
5.958389490842819214e-02
-1.663253456354141235e-02
7.844450324773788452e-02
