2.296618651598691940e-03
6.070449948310852051e-03
7.373933214694261551e-03
8.379484526813030243e-03
3.823366016149520874e-03
5.935180932283401489e-03
3.110444406047463417e-03
4.698514472693204880e-03
5.560362245887517929e-03
1.211803127080202103e-02
2.228159271180629730e-02
3.412833437323570251e-02
3.718660771846771240e-02
2.197137661278247833e-02
1.434092689305543900e-02
-1.763922572135925293e-01
-1.875177025794982910e-01
1.619138009846210480e-02
3.842530073598027229e-03
8.496678201481699944e-04
-1.540767843835055828e-03
-3.473998745903372765e-03
-4.736345726996660233e-03
-2.270246157422661781e-03
-6.176033988595008850e-03
-8.673237636685371399e-03
-3.318269969895482063e-03
-8.298911154270172119e-03
-2.685391111299395561e-03
1.228400156833231449e-03
3.802915103733539581e-03
-1.360935857519507408e-03
2.316426252946257591e-03
