9.859958291053771973e-02
-1.250165980309247971e-02
-3.588862717151641846e-02
-9.505895432084798813e-04
3.549568355083465576e-02
1.205084919929504395e-01
1.358319371938705444e-01
1.438407450914382935e-01
1.335060000419616699e-01
1.951804459095001221e-01
-9.020404517650604248e-02
-1.405993252992630005e-01
-1.502941995859146118e-01
-2.599589526653289795e-01
-2.473339885473251343e-01
-3.212767541408538818e-01
-1.356788128614425659e-01
-2.577085196971893311e-01
7.243616133928298950e-02
-1.079916283488273621e-01
8.222758024930953979e-02
1.838482171297073364e-01
7.603555917739868164e-02
1.076157763600349426e-01
3.435359895229339600e-02
-3.775081783533096313e-02
-3.348588943481445312e-02
-8.550087921321392059e-03
-4.046905040740966797e-02
-4.384714365005493164e-02
-5.664378777146339417e-02
-1.162948310375213623e-01
-1.394611299037933350e-01
