6.116339564323425293e-01
6.628687977790832520e-01
6.547707915306091309e-01
8.451216220855712891e-01
7.957392334938049316e-01
7.507904171943664551e-01
6.023966670036315918e-01
5.205185413360595703e-01
4.655230343341827393e-01
3.683045804500579834e-01
2.570033073425292969e-01
2.293774485588073730e-01
1.100445538759231567e-01
5.943711474537849426e-02
-1.499964296817779541e-01
-1.033933646976947784e-02
-2.754319906234741211e-01
-2.401816695928573608e-01
-2.191605567932128906e-01
-2.024399191141128540e-01
-1.017954722046852112e-01
-4.536832496523857117e-02
5.983803421258926392e-03
1.177124306559562683e-02
2.381102181971073151e-02
6.508235633373260498e-02
-1.713355595711618662e-04
1.837889663875102997e-02
5.257065221667289734e-02
6.243436131626367569e-03
1.164684444665908813e-02
-4.948524013161659241e-02
-8.180347084999084473e-02
-1.906907111406326294e-01
-1.486866027116775513e-01
-2.456877976655960083e-01
-2.285424917936325073e-01
-2.809769511222839355e-01
-2.611744701862335205e-01
-2.097859829664230347e-01
-5.142742767930030823e-02
9.153361618518829346e-02
1.432937681674957275e-01
9.624494612216949463e-02
2.749801874160766602e-01
2.173645049333572388e-01
2.858472764492034912e-01
4.011830985546112061e-01
1.177241429686546326e-01
-1.562410145998001099e-01
-4.758415818214416504e-01
-3.835758864879608154e-01
-2.349874675273895264e-01
-3.575382232666015625e-01
-4.418225586414337158e-01
-3.649854362010955811e-01
-1.461217999458312988e-01
-8.761426806449890137e-02
-1.760471053421497345e-02
9.301814436912536621e-02
2.700756490230560303e-01
1.901902407407760620e-01
1.353894919157028198e-01
2.437343597412109375e-01
3.087666332721710205e-01
