4.594213515520095825e-02
1.052559167146682739e-01
1.424057185649871826e-01
6.597606092691421509e-02
1.351512074470520020e-01
1.423720866441726685e-01
1.789373606443405151e-01
8.633267879486083984e-02
1.557874083518981934e-01
-5.170553177595138550e-02
-1.630242615938186646e-01
-1.628181934356689453e-01
-4.471383243799209595e-02
1.393653359264135361e-02
-6.893757730722427368e-02
-1.459395047277212143e-02
-1.790384650230407715e-01
-2.201132178306579590e-01
-2.576543092727661133e-01
-1.999872624874114990e-01
-1.835723221302032471e-01
-2.178017348051071167e-01
-8.539419621229171753e-02
-1.075239852070808411e-01
-7.187619060277938843e-02
1.395062170922756195e-02
-1.393441576510667801e-02
7.367049902677536011e-02
1.213141083717346191e-01
9.235914051532745361e-02
2.291276007890701294e-01
1.550767719745635986e-01
2.338661253452301025e-01
2.609504163265228271e-01
2.616761922836303711e-01
3.095599114894866943e-01
3.627748787403106689e-01
2.936074733734130859e-01
4.398958981037139893e-01
3.693312406539916992e-01
4.306144714355468750e-01
4.942614138126373291e-01
4.374498724937438965e-01
4.621306359767913818e-01
4.206013083457946777e-01
5.178588628768920898e-01
4.823774099349975586e-01
4.915744960308074951e-01
3.936550617218017578e-01
4.329733252525329590e-01
3.471348881721496582e-01
3.540396094322204590e-01
2.972406446933746338e-01
1.871023178100585938e-01
1.860306710004806519e-01
8.726035803556442261e-02
1.079869493842124939e-01
1.081520095467567444e-01
1.123872399330139160e-01
6.654872745275497437e-02
1.082812100648880005e-01
4.386556148529052734e-02
1.548655238002538681e-02
-6.934169679880142212e-02
-6.897324323654174805e-02
