3.276861906051635742e-01
3.025430738925933838e-01
3.894586861133575439e-01
7.473118305206298828e-01
6.586112380027770996e-01
6.360192298889160156e-01
7.465605735778808594e-01
7.588787078857421875e-01
6.520804762840270996e-01
6.772497296333312988e-01
4.606994092464447021e-01
2.694632709026336670e-01
1.251428574323654175e-01
8.332116156816482544e-02
-8.519376069307327271e-02
1.075499877333641052e-02
-1.405114233493804932e-01
-8.036100119352340698e-02
-4.596722126007080078e-02
-6.156377494335174561e-02
-7.196594029664993286e-02
-6.829646974802017212e-02
-1.500945240259170532e-01
-1.059735119342803955e-01
-2.619549632072448730e-02
-1.607660949230194092e-02
5.575268715620040894e-02
5.460646748542785645e-02
1.044222190976142883e-01
8.428897708654403687e-02
3.213457064703106880e-03
-3.466605022549629211e-02
-4.258784651756286621e-02
-1.852670460939407349e-01
-1.174552291631698608e-01
-2.608535587787628174e-01
-2.387458980083465576e-01
-2.551420032978057861e-01
-2.470598816871643066e-01
-1.614248603582382202e-01
3.587218001484870911e-02
2.157515287399291992e-01
2.285225838422775269e-01
7.033166289329528809e-02
1.331402361392974854e-01
-2.806771546602249146e-02
-1.032740995287895203e-01
2.335609868168830872e-02
-9.480856359004974365e-02
-3.371710479259490967e-01
-5.148407220840454102e-01
-3.125085830688476562e-01
-1.941281855106353760e-01
-1.635298281908035278e-01
-1.020072102546691895e-01
-5.945947486907243729e-03
1.338588446378707886e-01
-1.755950227379798889e-02
-2.939100563526153564e-02
-8.146185427904129028e-02
2.035091631114482880e-02
1.238150075078010559e-01
6.422433257102966309e-02
2.657146155834197998e-01
5.734189748764038086e-01
