1.569179743528366089e-01
2.083575129508972168e-01
4.008438885211944580e-01
5.931171178817749023e-01
7.972736358642578125e-01
8.011142611503601074e-01
3.744194209575653076e-01
1.804307699203491211e-01
1.427540481090545654e-01
8.328739553689956665e-02
7.683436572551727295e-02
1.435203850269317627e-01
-6.640763022005558014e-03
-2.636752426624298096e-01
-5.333582311868667603e-02
-3.532912731170654297e-01
-1.913132220506668091e-01
-3.506444692611694336e-01
-2.102234661579132080e-01
-3.240632116794586182e-01
-2.511013448238372803e-01
-1.942146569490432739e-01
-2.577140629291534424e-01
-2.042943090200424194e-01
-1.391998678445816040e-01
-1.676638126373291016e-01
-3.106195852160453796e-02
1.239527985453605652e-01
3.053937554359436035e-01
2.923084795475006104e-01
2.088184505701065063e-01
1.879157684743404388e-02
5.463115125894546509e-02
