1.652746349573135376e-01
2.187056988477706909e-01
2.635270953178405762e-01
2.180048078298568726e-01
3.251742422580718994e-01
4.762822389602661133e-01
5.867866277694702148e-01
5.672811865806579590e-01
6.829547882080078125e-01
5.252332687377929688e-01
5.332895517349243164e-01
4.724388718605041504e-01
4.314280152320861816e-01
5.066607594490051270e-01
4.227972030639648438e-01
4.884009063243865967e-01
4.025525748729705811e-01
4.462013840675354004e-01
4.001421928405761719e-01
3.703019320964813232e-01
3.553499579429626465e-01
3.171895444393157959e-01
3.252815604209899902e-01
2.940470278263092041e-01
3.077090680599212646e-01
2.749258875846862793e-01
2.766814529895782471e-01
2.686090469360351562e-01
2.452268749475479126e-01
2.214825600385665894e-01
3.119049072265625000e-01
2.318492531776428223e-01
2.481722384691238403e-01
2.239970415830612183e-01
1.994490772485733032e-01
1.960424184799194336e-01
2.077950537204742432e-01
1.252990514039993286e-01
1.914008259773254395e-01
3.681337088346481323e-02
1.429945677518844604e-01
1.308241188526153564e-01
-1.852597488323226571e-04
3.184690326452255249e-02
7.031862437725067139e-02
6.339821964502334595e-02
1.794221103191375732e-01
1.895461827516555786e-01
1.579938456416130066e-02
-9.941355884075164795e-02
-2.437213957309722900e-01
-2.469789683818817139e-01
-3.416723012924194336e-01
-4.710399806499481201e-01
-3.810565769672393799e-01
-3.765785098075866699e-01
-2.929363250732421875e-01
-2.235467284917831421e-01
-1.432405561208724976e-01
-1.543912291526794434e-01
5.334901809692382812e-02
-2.943386510014533997e-02
-3.961708769202232361e-02
-4.449531808495521545e-02
-1.333490293473005295e-02
