6.557710468769073486e-02
1.819933503866195679e-01
4.842043519020080566e-01
6.996936798095703125e-01
6.749824285507202148e-01
4.344588220119476318e-01
4.336450994014739990e-01
3.160002231597900391e-01
1.510913074016571045e-01
1.635365486145019531e-01
-2.353433774260338396e-05
1.409211009740829468e-01
-1.653432995080947876e-01
-3.904782608151435852e-02
-2.252463996410369873e-01
-2.510473132133483887e-01
-3.436759412288665771e-01
-3.615690767765045166e-01
-3.626348674297332764e-01
-5.015224814414978027e-01
-4.428694546222686768e-01
-4.835495948791503906e-01
-6.923745870590209961e-01
-5.998191833496093750e-01
-1.371686309576034546e-01
-2.729060649871826172e-01
-3.999417126178741455e-01
-4.183467328548431396e-01
-4.612795114517211914e-01
-2.660448253154754639e-01
-2.165200561285018921e-02
-1.927730813622474670e-02
-1.489324402064085007e-02
