-5.765020251274108887e-01
-3.240586519241333008e-01
-4.881035983562469482e-01
-4.762800633907318115e-01
-3.874267935752868652e-01
-1.781206429004669189e-01
-1.383705586194992065e-01
-2.976854518055915833e-02
1.322202831506729126e-01
6.292114406824111938e-02
9.153498709201812744e-02
1.634718179702758789e-01
8.753612637519836426e-02
6.979419291019439697e-02
-1.723526604473590851e-02
-9.628361463546752930e-02
-2.490747570991516113e-01
-3.152857720851898193e-01
-3.232107162475585938e-01
-4.507827460765838623e-01
-2.392374724149703979e-01
-3.279586434364318848e-01
-4.452143982052803040e-02
3.980673477053642273e-02
1.688707023859024048e-01
3.343059718608856201e-01
6.664025187492370605e-01
9.454430341720581055e-01
1.443280816078186035e+00
1.323130011558532715e+00
8.399239778518676758e-01
4.727441668510437012e-01
-4.274517893791198730e-01
