-2.387888729572296143e-02
-9.767467528581619263e-02
1.929488480091094971e-01
3.677958548069000244e-01
2.416718304157257080e-01
1.184165403246879578e-01
4.266955703496932983e-02
-1.814057081937789917e-01
-2.020139098167419434e-01
-1.668274849653244019e-01
-5.436326563358306885e-02
8.604814857244491577e-02
-5.688314512372016907e-02
-1.680196672677993774e-01
-1.212436184287071228e-01
-8.150386810302734375e-02
-1.208493560552597046e-01
1.620011627674102783e-01
-1.485485881567001343e-01
-2.621802687644958496e-01
1.645804345607757568e-01
5.012555718421936035e-01
7.828675955533981323e-02
-2.078815698623657227e-01
-1.776629835367202759e-01
-1.887285113334655762e-01
-2.308504283428192139e-01
-2.807866334915161133e-01
-1.742699891328811646e-01
-3.742140233516693115e-01
-5.167981386184692383e-01
-6.385326385498046875e-01
-6.922900676727294922e-01
