8.646278828382492065e-02
-2.294856458902359009e-01
-3.928532302379608154e-01
-4.300403296947479248e-01
-5.221720337867736816e-01
-5.760542750358581543e-01
-5.481559038162231445e-01
-4.991117715835571289e-01
-6.307069063186645508e-01
-6.694394350051879883e-01
-4.808593094348907471e-01
-4.154512286186218262e-01
-3.670328855514526367e-01
-3.262039422988891602e-01
-1.821484565734863281e-01
-3.286264091730117798e-02
-6.735828705132007599e-03
1.551211774349212646e-01
1.039880439639091492e-01
1.969828456640243530e-01
1.097213923931121826e-01
1.114684715867042542e-01
9.358028322458267212e-02
-7.161162327975034714e-03
-3.751114010810852051e-02
-1.078142076730728149e-01
-1.351560950279235840e-01
-9.446091949939727783e-02
-5.352587997913360596e-02
-1.672491990029811859e-02
7.148662209510803223e-02
6.260335445404052734e-02
1.974908709526062012e-01
1.521408110857009888e-01
2.440896481275558472e-01
2.293198108673095703e-01
2.385430634021759033e-01
2.353279292583465576e-01
2.421658933162689209e-01
1.716067492961883545e-01
-2.309300005435943604e-02
-8.660393953323364258e-02
-1.906197220087051392e-01
-2.818491458892822266e-01
-2.111065983772277832e-01
-1.544987261295318604e-01
-1.518358886241912842e-01
-1.165655925869941711e-01
-8.401064574718475342e-02
-1.341933570802211761e-02
4.381864517927169800e-02
5.127904471009969711e-03
7.971256226301193237e-02
6.982834637165069580e-02
1.789878606796264648e-01
1.354285627603530884e-01
2.053581029176712036e-01
6.526741385459899902e-02
3.181626647710800171e-02
-9.665945172309875488e-02
-1.760175377130508423e-01
-1.980710327625274658e-01
-1.949399858713150024e-01
-3.545705974102020264e-01
-5.492030978202819824e-01
