3.236684948205947876e-02
4.723056778311729431e-02
6.921978294849395752e-02
3.592824637889862061e-01
3.441854715347290039e-01
4.112965464591979980e-01
5.298867821693420410e-01
5.276830792427062988e-01
4.250226616859436035e-01
4.195413291454315186e-01
2.833211123943328857e-01
1.775852441787719727e-01
4.107155650854110718e-02
4.206192865967750549e-02
-8.729068934917449951e-02
-3.657279908657073975e-02
-1.745334714651107788e-01
-9.899331629276275635e-02
-1.102464497089385986e-01
-1.032091900706291199e-01
-7.550775259733200073e-02
-9.454146772623062134e-02
-1.798565536737442017e-01
-1.079678460955619812e-01
-6.408291665138676763e-05
1.555130351334810257e-02
1.020752415060997009e-01
1.317016929388046265e-01
1.734910309314727783e-01
1.426140069961547852e-01
5.335947498679161072e-02
-2.831558696925640106e-02
-7.103814184665679932e-02
-2.414783239364624023e-01
-2.081628739833831787e-01
-3.585896492004394531e-01
-3.266466259956359863e-01
-3.159140944480895996e-01
-3.115047216415405273e-01
-2.337887436151504517e-01
-5.593685433268547058e-02
7.048846036195755005e-02
1.290519386529922485e-01
5.691297352313995361e-02
1.132498458027839661e-01
1.823933608829975128e-02
2.101493813097476959e-02
9.639009088277816772e-02
-6.425698287785053253e-03
-9.383721649646759033e-02
-2.835449278354644775e-01
-1.848338246345520020e-01
-1.069176569581031799e-01
-1.248560845851898193e-01
-1.043095961213111877e-01
-3.198715671896934509e-02
7.761710137128829956e-02
-5.871596932411193848e-02
-1.387061085551977158e-02
-2.988684689626097679e-03
8.732827752828598022e-02
1.330431997776031494e-01
9.386096894741058350e-02
1.864130049943923950e-01
2.502600848674774170e-01
