1.896689236164093018e-01
2.435163706541061401e-01
9.955412149429321289e-02
2.314555048942565918e-01
1.273749172687530518e-01
1.284457147121429443e-01
7.471606880426406860e-02
-1.227435935288667679e-02
-7.792324572801589966e-02
-8.209239691495895386e-02
-1.592337489128112793e-01
-1.392994672060012817e-01
-1.233190596103668213e-01
2.306955866515636444e-02
-8.146052807569503784e-02
-2.600563690066337585e-02
-6.685021519660949707e-02
5.411907285451889038e-02
3.726357221603393555e-02
1.128416061401367188e-01
1.441869288682937622e-01
-4.743584245443344116e-02
-2.157471179962158203e-01
-1.211417913436889648e-01
-7.078179717063903809e-02
-7.031735032796859741e-02
-5.310964584350585938e-02
-2.376677095890045166e-02
6.072679907083511353e-02
1.176823005080223083e-01
5.033101513981819153e-02
-4.003131017088890076e-02
-9.873046539723873138e-03
-1.495050340890884399e-01
-9.597944468259811401e-02
-2.030511349439620972e-01
-1.303884983062744141e-01
-1.619634926319122314e-01
-1.445500999689102173e-01
1.594275049865245819e-02
8.526287227869033813e-02
1.316680908203125000e-01
1.311868578195571899e-01
-3.241441445425152779e-03
3.540010750293731689e-02
-7.347071915864944458e-02
-1.626936942338943481e-01
-1.189008429646492004e-01
-1.464282870292663574e-01
-1.498023569583892822e-01
-2.427107393741607666e-01
-1.747355759143829346e-01
-2.482900768518447876e-01
-2.996145188808441162e-01
-2.750481963157653809e-01
-3.701502382755279541e-01
-3.251812160015106201e-01
-3.957183957099914551e-01
-4.347886741161346436e-01
-5.346317291259765625e-01
-4.797974824905395508e-01
-4.637778699398040771e-01
-3.710875213146209717e-01
-1.736603677272796631e-01
-2.345227003097534180e-01
