3.644973337650299072e-01
2.312594056129455566e-01
2.924515008926391602e-01
3.204489946365356445e-01
3.165130019187927246e-01
2.680340111255645752e-01
2.778703570365905762e-01
1.997976452112197876e-01
2.669632732868194580e-01
2.288025319576263428e-01
1.783528029918670654e-01
1.219379901885986328e-01
1.568173617124557495e-01
1.609968254342675209e-03
8.725114911794662476e-02
-3.613890707492828369e-02
-4.798637703061103821e-02
-1.520369052886962891e-01
-1.278425902128219604e-01
-2.245287895202636719e-01
-2.605164051055908203e-01
-3.224801123142242432e-01
-2.243007421493530273e-01
-3.918762803077697754e-01
-3.836439251899719238e-01
-2.743039429187774658e-01
-4.529704749584197998e-01
-2.841118574142456055e-01
-3.348784744739532471e-01
-3.341339230537414551e-01
-2.334396094083786011e-01
-2.863210439682006836e-01
-2.104723006486892700e-01
-1.734167635440826416e-01
-1.766851991415023804e-01
-7.239604741334915161e-02
-1.289415657520294189e-01
4.020922351628541946e-03
-3.143216669559478760e-02
-2.085849456489086151e-02
1.058846861124038696e-01
-1.173256605397909880e-04
1.365998238325119019e-01
7.328149676322937012e-02
1.077441275119781494e-01
1.182660683989524841e-01
1.447106152772903442e-01
3.964742273092269897e-02
8.866947889328002930e-02
6.064661592245101929e-02
3.782271593809127808e-02
4.445250704884529114e-02
-1.560052018612623215e-02
1.188995689153671265e-02
5.219275597482919693e-03
-1.226862333714962006e-02
-3.143205540254712105e-03
-3.960001841187477112e-02
-4.615886509418487549e-02
6.981611251831054688e-02
9.285086765885353088e-03
1.032685413956642151e-01
2.045599967241287231e-01
2.013110369443893433e-01
2.376693338155746460e-01
