5.492817163467407227e-01
2.752296626567840576e-01
4.336948096752166748e-01
5.467031598091125488e-01
6.214140653610229492e-01
6.216945648193359375e-01
5.179447531700134277e-01
3.742788434028625488e-01
3.812470436096191406e-01
-9.927842020988464355e-02
-4.297651350498199463e-01
-9.553238749504089355e-02
4.128759726881980896e-02
1.243986040353775024e-01
1.664168387651443481e-01
1.176479011774063110e-01
-1.384438127279281616e-01
-3.212161958217620850e-01
-4.125145375728607178e-01
-3.985053896903991699e-01
-2.011871933937072754e-01
7.624010741710662842e-02
1.176632791757583618e-01
2.992256581783294678e-01
5.224573016166687012e-01
3.057458400726318359e-01
2.804048657417297363e-01
-5.381723167374730110e-04
-3.019848167896270752e-01
-3.012566268444061279e-01
-3.422557413578033447e-01
-2.497705668210983276e-01
1.027703285217285156e-02
