1.179135560989379883e+00
5.582298636436462402e-01
6.428081393241882324e-01
8.279969692230224609e-01
8.005089163780212402e-01
9.938941001892089844e-01
1.147104263305664062e+00
1.065891027450561523e+00
1.234420418739318848e+00
1.183511257171630859e+00
1.104873776435852051e+00
1.280516862869262695e+00
7.344657182693481445e-01
7.048985958099365234e-01
8.257676959037780762e-01
4.498007595539093018e-01
3.605862557888031006e-01
2.205419689416885376e-01
2.066227979958057404e-02
-1.032868120819330215e-02
-1.382524520158767700e-01
-1.818271279335021973e-01
-2.613082826137542725e-01
-2.547865509986877441e-01
-2.281955629587173462e-01
-1.742277443408966064e-01
-1.377951055765151978e-01
-6.751760840415954590e-02
-3.783911839127540588e-02
2.784745022654533386e-02
9.354339540004730225e-02
1.517973393201828003e-01
1.920402497053146362e-01
2.326494604349136353e-01
3.023439049720764160e-01
2.960414588451385498e-01
3.068836033344268799e-01
3.096390962600708008e-01
2.672032713890075684e-01
2.838534116744995117e-01
2.097776532173156738e-01
1.689073443412780762e-01
1.030995100736618042e-01
9.775765240192413330e-02
-1.928101852536201477e-02
-8.140798658132553101e-03
-8.789948374032974243e-02
-6.825546175241470337e-02
-6.196435540914535522e-02
-1.645595729351043701e-01
-2.731813788414001465e-01
-2.343022674322128296e-01
-3.117017745971679688e-01
-5.090412497520446777e-01
-5.411964654922485352e-01
-5.024607181549072266e-01
-6.339371204376220703e-01
-6.934721469879150391e-01
-7.562955617904663086e-01
-7.839630246162414551e-01
-6.585672497749328613e-01
-7.279261946678161621e-01
-6.812723875045776367e-01
-7.695717215538024902e-01
-7.011972069740295410e-01
