1.252629607915878296e-01
-1.457541733980178833e-01
-2.348986268043518066e-01
-2.293607741594314575e-01
-2.350439131259918213e-01
-1.237196922302246094e-01
-1.856886595487594604e-02
8.631252497434616089e-02
8.358456194400787354e-02
7.692632079124450684e-02
1.916782110929489136e-01
1.243981793522834778e-01
1.782091557979583740e-01
1.184885352849960327e-01
-1.536327302455902100e-01
-2.675395309925079346e-01
-1.877686381340026855e-01
-2.235883101820945740e-02
-1.815072633326053619e-02
2.110635936260223389e-01
1.898787319660186768e-01
2.514506876468658447e-01
1.495395898818969727e-01
-8.560408838093280792e-03
-2.684788964688777924e-02
-1.662229597568511963e-01
-1.846669763326644897e-01
-4.462749511003494263e-02
3.666082769632339478e-02
3.420273959636688232e-02
9.316042810678482056e-02
3.424972528591752052e-03
1.117604598402976990e-01
3.919144347310066223e-02
1.120232492685317993e-01
7.080384343862533569e-02
1.184033304452896118e-01
1.620436906814575195e-01
2.643925249576568604e-01
3.128302097320556641e-01
2.179680764675140381e-01
1.292311996221542358e-01
-4.217232018709182739e-02
-1.658614575862884521e-01
-8.806185424327850342e-02
-8.421978354454040527e-02
-5.704577267169952393e-02
7.735864818096160889e-02
2.024479657411575317e-01
2.565855383872985840e-01
2.653130292892456055e-01
2.238366454839706421e-01
2.532280683517456055e-01
1.492043435573577881e-01
1.651580184698104858e-01
6.149625405669212341e-02
1.712253987789154053e-01
2.042894959449768066e-01
2.907951772212982178e-01
2.957576215267181396e-01
2.748590409755706787e-01
2.785491049289703369e-01
1.470498889684677124e-01
-2.430032379925251007e-02
-1.631095707416534424e-01
