-6.642480939626693726e-02
-1.915453225374221802e-01
-2.126827687025070190e-01
-4.567939415574073792e-02
-1.620962023735046387e-01
-3.148846030235290527e-01
-3.736485242843627930e-01
-5.041426420211791992e-01
-7.322959303855895996e-01
-4.621534347534179688e-01
-4.711558520793914795e-01
-5.947659611701965332e-01
-3.591881394386291504e-01
-4.609051048755645752e-01
-3.991087377071380615e-01
-2.165479362010955811e-01
-3.503401577472686768e-01
-8.456145226955413818e-02
-1.803826540708541870e-01
-3.495704382658004761e-02
2.247206121683120728e-02
3.683518990874290466e-02
1.501761935651302338e-02
-2.280929386615753174e-01
-2.662436664104461670e-01
1.263670474290847778e-01
3.575965762138366699e-01
2.888436019420623779e-01
7.808675616979598999e-02
-2.314624637365341187e-01
-2.896413803100585938e-01
-1.324330078205093741e-04
-1.437200009822845459e-01
