-1.399232745170593262e-01
-4.166594147682189941e-01
-4.862160384654998779e-01
-3.351333737373352051e-01
-4.460701942443847656e-01
-3.580474555492401123e-01
-2.118727117776870728e-01
-2.294124662876129150e-01
-2.032327055931091309e-01
-9.578277915716171265e-02
-6.868297606706619263e-02
-1.453291717916727066e-02
-6.375357508659362793e-02
2.475769631564617157e-02
-9.417672641575336456e-03
1.168043166399002075e-01
5.172761902213096619e-02
1.269227564334869385e-01
7.734043151140213013e-02
1.476770043373107910e-01
1.592748314142227173e-01
9.260398894548416138e-02
1.132817119359970093e-01
1.691969931125640869e-01
1.313527375459671021e-01
1.517865806818008423e-01
1.210316717624664307e-01
5.276658385992050171e-02
5.070272460579872131e-02
1.609937025932595134e-04
-4.934315755963325500e-02
-1.104471608996391296e-01
-1.430852413177490234e-01
-2.198035567998886108e-01
-2.278182208538055420e-01
-3.245453238487243652e-01
-3.122672438621520996e-01
-3.739783167839050293e-01
-3.836126923561096191e-01
-4.135814607143402100e-01
-4.376056492328643799e-01
-4.394985437393188477e-01
-4.401029050350189209e-01
-4.572468996047973633e-01
-3.470860123634338379e-01
-3.921094238758087158e-01
-2.961136996746063232e-01
-2.001623511314392090e-01
-2.201638072729110718e-01
-1.063813418149948120e-01
-1.468492746353149414e-01
3.300629183650016785e-02
9.265405684709548950e-02
1.433422565460205078e-01
2.550869584083557129e-01
2.178122103214263916e-01
2.564894258975982666e-01
1.330480724573135376e-01
1.672609001398086548e-01
5.993843078613281250e-02
5.738075450062751770e-02
6.601038575172424316e-02
8.159204386174678802e-03
-1.700680144131183624e-02
-1.130161657929420471e-01
