-9.969415664672851562e-01
-9.955654144287109375e-01
-6.855703592300415039e-01
-9.882018715143203735e-02
4.871292412281036377e-01
7.617364525794982910e-01
8.762090206146240234e-01
8.605141639709472656e-01
1.024329185485839844e+00
9.992831945419311523e-01
8.435640931129455566e-01
7.904219627380371094e-01
3.722172379493713379e-01
4.047337770462036133e-01
6.197376251220703125e-01
6.875598430633544922e-01
5.477009415626525879e-01
3.449020981788635254e-01
1.696972101926803589e-01
1.638483852148056030e-01
5.037106573581695557e-03
-1.013932526111602783e-01
-1.230489164590835571e-01
-1.832250654697418213e-01
-2.797570824623107910e-01
-1.932119727134704590e-01
-2.780013382434844971e-01
-2.389829158782958984e-01
-2.001556158065795898e-01
-1.830587089061737061e-01
-1.820541173219680786e-01
-1.155053526163101196e-01
-1.412193626165390015e-01
-6.590772420167922974e-02
-8.424533903598785400e-02
-1.419358234852552414e-02
1.718603447079658508e-02
7.123771309852600098e-02
7.934705913066864014e-02
4.754912853240966797e-02
6.524278223514556885e-02
1.204755604267120361e-01
9.243389219045639038e-02
2.813771367073059082e-02
-6.049537658691406250e-02
-6.406448781490325928e-02
-3.820209205150604248e-02
-7.520669698715209961e-02
-2.328861877322196960e-02
-1.613183915615081787e-01
-7.136660069227218628e-02
-1.873412877321243286e-01
-3.052133619785308838e-01
-3.718962669372558594e-01
-3.769645392894744873e-01
-3.638101816177368164e-01
-3.405309915542602539e-01
-4.247234761714935303e-01
-3.290200233459472656e-01
-3.700436055660247803e-01
-2.985671460628509521e-01
-2.856716811656951904e-01
-1.598335206508636475e-01
-2.164752334356307983e-01
2.066945135593414307e-01
