2.414496839046478271e-01
5.929051339626312256e-02
1.347542833536863327e-02
-7.738132029771804810e-03
-1.245556101202964783e-01
-1.488977074623107910e-01
-1.175588145852088928e-01
-5.195159092545509338e-02
-9.344378858804702759e-02
3.780125826597213745e-02
-1.101238094270229340e-02
1.552680730819702148e-01
1.828663498163223267e-01
-2.160368487238883972e-02
-1.788689941167831421e-01
-2.469028383493423462e-01
-1.140644773840904236e-01
8.968392014503479004e-02
1.348267048597335815e-01
-8.302686363458633423e-02
-3.861128585413098335e-03
-7.208758592605590820e-02
-4.595701396465301514e-02
3.240244835615158081e-02
7.781689614057540894e-02
9.805507957935333252e-02
7.743302732706069946e-02
1.088071838021278381e-01
9.712086617946624756e-02
8.881981670856475830e-02
2.147493511438369751e-01
3.011169731616973877e-01
3.512781858444213867e-01
