1.404221728444099426e-02
-1.075153574347496033e-01
-3.175344690680503845e-02
8.242154493927955627e-03
-1.714731156826019287e-01
-7.541696727275848389e-02
-1.841763854026794434e-01
-3.974109292030334473e-01
-2.546128332614898682e-01
-3.123158216476440430e-01
-4.328173696994781494e-01
-3.715970218181610107e-01
-4.514361917972564697e-01
-3.633118271827697754e-01
-4.325668811798095703e-01
-3.221051990985870361e-01
-3.267370760440826416e-01
-1.824323534965515137e-01
-6.574399024248123169e-02
-2.467109076678752899e-02
3.543217480182647705e-02
2.008925229310989380e-01
9.866359829902648926e-02
2.968722283840179443e-01
2.553665339946746826e-01
1.810997128486633301e-01
4.327695667743682861e-01
2.198597788810729980e-01
1.895020902156829834e-01
3.100356459617614746e-01
1.312639117240905762e-01
2.022004127502441406e-01
4.305233061313629150e-01
