9.070353507995605469e-01
7.286775112152099609e-01
7.292694449424743652e-01
7.328215241432189941e-01
6.291278004646301270e-01
4.895675480365753174e-01
4.750412702560424805e-01
2.259248346090316772e-01
1.437349617481231689e-01
8.532489836215972900e-02
1.946580037474632263e-02
2.122755944728851318e-01
9.452974051237106323e-02
8.906283229589462280e-02
-1.889503002166748047e-01
9.784204512834548950e-02
-2.344181537628173828e-01
-2.735674977302551270e-01
1.065367236733436584e-01
1.327903866767883301e-01
-1.938628703355789185e-01
-2.480280250310897827e-01
7.674752920866012573e-02
2.303431928157806396e-01
1.645324677228927612e-01
1.210694834589958191e-01
-5.498066544532775879e-02
-3.957081586122512817e-02
-9.112489968538284302e-02
-5.023697018623352051e-02
-2.808635532855987549e-01
-3.611895143985748291e-01
-8.452938497066497803e-02
