-1.647975761443376541e-03
2.701170742511749268e-04
4.222285468131303787e-03
9.346158243715763092e-03
1.213904470205307007e-02
1.773788593709468842e-02
2.977414429187774658e-02
4.490676522254943848e-02
6.627430021762847900e-02
8.979478478431701660e-02
1.174869760870933533e-01
1.478160023689270020e-01
1.746497452259063721e-01
1.761782169342041016e-01
1.646635383367538452e-01
-3.182290792465209961e-01
-3.145190477371215820e-01
-3.301253914833068848e-02
-1.320195198059082031e-02
-1.194484718143939972e-02
-1.538926642388105392e-02
-1.951123587787151337e-02
-2.519559673964977264e-02
-3.148814663290977478e-02
-3.386789560317993164e-02
-3.146419301629066467e-02
-2.878177165985107422e-02
-2.683248557150363922e-02
-2.505771256983280182e-02
-1.980109140276908875e-02
-1.387283205986022949e-02
-1.012846641242504120e-02
-2.344914944842457771e-03
