-1.504274085164070129e-03
1.701722969301044941e-03
2.059957478195428848e-04
4.689650959335267544e-04
9.767031297087669373e-04
-5.226588342338800430e-03
-6.760448683053255081e-03
-3.225385211408138275e-03
-3.878853283822536469e-03
-6.797614973038434982e-03
-1.373773906379938126e-02
-1.728562265634536743e-02
-1.139963138848543167e-02
9.351017884910106659e-03
3.745342791080474854e-02
-3.135502040386199951e-01
-4.187458157539367676e-01
1.577771604061126709e-01
1.125860512256622314e-01
7.081610709428787231e-02
4.652411118149757385e-02
3.764622285962104797e-02
2.859737910330295563e-02
1.994731836020946503e-02
1.412189938127994537e-02
1.326011307537555695e-02
1.199574954807758331e-02
1.074650045484304428e-02
1.242940779775381088e-02
1.264412607997655869e-02
9.925669990479946136e-03
9.004032239317893982e-03
2.133971080183982849e-03
