1.527678072452545166e-01
1.096243783831596375e-01
2.582297921180725098e-01
2.575104534626007080e-01
4.131286144256591797e-01
2.509811520576477051e-01
1.248496100306510925e-01
3.035776019096374512e-01
3.558819293975830078e-01
2.333799451589584351e-01
-4.121858626604080200e-02
-1.598492711782455444e-01
-1.592237651348114014e-01
1.984838694334030151e-01
2.930637896060943604e-01
7.874190807342529297e-03
-1.757919602096080780e-02
1.549988836050033569e-01
-9.828038513660430908e-02
-1.075031459331512451e-01
3.697779774665832520e-02
-2.123151160776615143e-02
1.235889270901679993e-01
1.900197416543960571e-01
2.986806444823741913e-02
-1.067857816815376282e-01
-1.016084551811218262e-01
-1.266482025384902954e-01
-6.433178484439849854e-02
-4.320984333753585815e-02
8.419077098369598389e-02
6.548950076103210449e-02
1.817371994256973267e-01
