4.714884795248508453e-03
6.597120780497789383e-03
9.124370291829109192e-03
5.597927141934633255e-03
2.424913225695490837e-03
-2.791878359857946634e-04
-2.686110325157642365e-03
4.194874316453933716e-03
1.886201836168766022e-02
4.277209192514419556e-02
7.674759626388549805e-02
1.169894263148307800e-01
1.280152499675750732e-01
1.010224968194961548e-01
6.904740631580352783e-02
-2.736952602863311768e-01
-3.467956781387329102e-01
-3.683080524206161499e-02
-3.177078440785408020e-02
-2.069061435759067535e-02
-1.236127316951751709e-02
-1.567372865974903107e-02
-1.872568950057029724e-02
-1.478185690939426422e-02
-1.585527881979942322e-02
-1.191604509949684143e-02
-1.151896174997091293e-02
-1.036605611443519592e-02
-1.091669499874114990e-02
-6.590079981833696365e-03
-6.737910676747560501e-03
-4.030249081552028656e-03
-1.053808373399078846e-03
