7.386626005172729492e-01
7.901784181594848633e-01
5.650855898857116699e-01
2.575481235980987549e-01
-1.206044182181358337e-01
-2.676965594291687012e-01
-3.295201957225799561e-01
-3.214353322982788086e-01
-2.215555310249328613e-01
-5.978252366185188293e-02
4.704682156443595886e-02
1.867776066064834595e-01
1.229658052325248718e-01
7.117374241352081299e-02
-8.404644578695297241e-02
-1.169220060110092163e-01
-4.239770174026489258e-01
-1.693707704544067383e-01
-2.653108835220336914e-01
-8.191211223602294922e-01
-4.473507106304168701e-01
-4.820391908288002014e-02
-1.006703525781631470e-01
-5.276643857359886169e-02
-6.575264781713485718e-02
-1.015275046229362488e-01
-3.557874262332916260e-02
3.619236499071121216e-02
1.778049170970916748e-01
1.889374852180480957e-01
2.746786177158355713e-01
3.484338521957397461e-01
3.568437397480010986e-01
