2.133519388735294342e-03
-5.330666434019804001e-03
6.587267387658357620e-03
-4.556234460324048996e-03
-9.385147131979465485e-05
4.575141065288335085e-04
7.592285983264446259e-04
-1.167866750620305538e-03
-7.186446338891983032e-03
-1.736426167190074921e-02
-2.142249606549739838e-02
-5.852035828866064548e-04
1.138127502053976059e-02
1.692935451865196228e-02
8.453344926238059998e-03
-1.798416972160339355e-01
-2.156470865011215210e-01
5.901751667261123657e-02
4.995918273925781250e-02
3.887701034545898438e-02
2.720978483557701111e-02
1.585310883820056915e-02
8.916179649531841278e-03
4.931015893816947937e-03
7.024978287518024445e-03
9.950344450771808624e-03
7.677425164729356766e-03
1.224904693663120270e-02
1.503481529653072357e-02
1.288813818246126175e-02
1.073150429874658585e-02
1.100922189652919769e-02
5.392374470829963684e-03
