-3.408441692590713501e-02
-8.604551106691360474e-02
-1.587066650390625000e-01
-1.607499122619628906e-01
-1.492112874984741211e-01
-2.030162811279296875e-01
-1.801621019840240479e-01
-1.385359466075897217e-01
1.185661330819129944e-01
3.266209661960601807e-01
4.101873934268951416e-01
4.721140563488006592e-01
2.405557781457901001e-01
-6.038457527756690979e-02
-3.076973855495452881e-01
-1.903297146782279015e-03
-4.378145337104797363e-01
-3.835498690605163574e-01
8.422938734292984009e-02
-4.190938174724578857e-01
-2.837520539760589600e-01
4.654927179217338562e-03
-8.354194462299346924e-02
-8.407214283943176270e-02
-5.976007878780364990e-02
3.444977477192878723e-02
-5.051032826304435730e-02
1.510992553085088730e-02
3.510551154613494873e-02
6.345084309577941895e-02
7.881705462932586670e-02
9.507611393928527832e-02
3.803236410021781921e-02
