3.629122627899050713e-03
-4.889510106295347214e-03
-8.006563410162925720e-03
-1.148746814578771591e-02
-1.135631278157234192e-02
-1.538458280265331268e-02
-1.796024478971958160e-02
-2.163739316165447235e-02
-2.363571152091026306e-02
-2.666385285556316376e-02
-3.074978850781917572e-02
-2.504013665020465851e-02
-4.663010593503713608e-03
1.763462089002132416e-02
6.482844799757003784e-02
-2.968059480190277100e-01
-4.926823675632476807e-01
2.066851854324340820e-01
1.258620470762252808e-01
8.202298730611801147e-02
5.929373577237129211e-02
4.584040120244026184e-02
3.950469568371772766e-02
3.201263397932052612e-02
2.645249664783477783e-02
2.356529049575328827e-02
1.794526539742946625e-02
1.742364279925823212e-02
1.424086932092905045e-02
1.375454850494861603e-02
1.277759671211242676e-02
1.195742934942245483e-02
4.786821547895669937e-03
