-3.050400316715240479e-01
-1.004363968968391418e-01
-1.707122772932052612e-01
-1.474653482437133789e-01
-1.997630000114440918e-01
-2.055926173925399780e-01
-2.320112437009811401e-01
-1.818854063749313354e-01
-1.673335880041122437e-01
-1.816840767860412598e-01
-1.459895223379135132e-01
-7.377775013446807861e-02
-1.140824258327484131e-01
1.828199066221714020e-02
-2.376717329025268555e-02
6.582613289356231689e-02
1.645166426897048950e-02
7.471803575754165649e-02
8.014916628599166870e-02
1.047841683030128479e-01
1.174596324563026428e-01
9.287529438734054565e-02
9.469661861658096313e-02
1.640955358743667603e-01
3.435516357421875000e-02
1.359113305807113647e-01
3.271875903010368347e-02
-2.068673633038997650e-02
-2.568717673420906067e-02
-7.624627649784088135e-02
-1.285129040479660034e-01
-1.799496561288833618e-01
-2.143938243389129639e-01
-3.230524659156799316e-01
-2.897086143493652344e-01
-3.970708847045898438e-01
-3.709094226360321045e-01
-4.184149801731109619e-01
-4.107818007469177246e-01
-4.149919748306274414e-01
-4.413232207298278809e-01
-3.164222836494445801e-01
-3.692615926265716553e-01
-3.146808445453643799e-01
-7.098595798015594482e-02
-1.979240328073501587e-01
2.012191712856292725e-02
2.667440176010131836e-01
3.941584229469299316e-01
5.156809091567993164e-01
6.989023089408874512e-01
1.042553424835205078e+00
1.144655346870422363e+00
1.406067848205566406e+00
1.704589605331420898e+00
1.837252616882324219e+00
1.926719069480895996e+00
1.656289100646972656e+00
1.599545478820800781e+00
1.521331191062927246e+00
1.390273094177246094e+00
1.254970669746398926e+00
1.136509895324707031e+00
1.042048573493957520e+00
8.083226084709167480e-01
