1.367703676223754883e+00
6.584944725036621094e-01
7.703250050544738770e-01
9.654247164726257324e-01
9.093679785728454590e-01
1.106667399406433105e+00
1.245334267616271973e+00
1.119711875915527344e+00
1.299603223800659180e+00
1.245209455490112305e+00
1.111458420753479004e+00
1.309065818786621094e+00
7.552949190139770508e-01
7.134497761726379395e-01
8.383684158325195312e-01
4.434737265110015869e-01
3.810476064682006836e-01
2.593529224395751953e-01
5.410161241888999939e-02
1.281329616904258728e-02
-1.205844432115554810e-01
-1.543785780668258667e-01
-2.336213141679763794e-01
-2.189496457576751709e-01
-2.156469821929931641e-01
-1.679442375898361206e-01
-1.373953223228454590e-01
-7.337172329425811768e-02
-4.552401602268218994e-02
2.383070997893810272e-02
9.030007570981979370e-02
1.465032845735549927e-01
1.849381327629089355e-01
2.272259742021560669e-01
2.942557930946350098e-01
2.890846729278564453e-01
2.964576184749603271e-01
3.114921748638153076e-01
2.548740506172180176e-01
2.660871148109436035e-01
1.928827017545700073e-01
1.617525070905685425e-01
1.012393906712532043e-01
1.011954843997955322e-01
-2.115983702242374420e-02
-5.999461282044649124e-03
-7.646302133798599243e-02
-4.706477001309394836e-02
-5.653614923357963562e-02
-1.616645455360412598e-01
-2.543998658657073975e-01
-2.084433734416961670e-01
-2.739067673683166504e-01
-4.802918136119842529e-01
-5.126749873161315918e-01
-4.875505268573760986e-01
-6.114292144775390625e-01
-6.578223705291748047e-01
-7.298973798751831055e-01
-7.531849741935729980e-01
-6.463128328323364258e-01
-7.472060322761535645e-01
-6.940379738807678223e-01
-8.412011861801147461e-01
-8.658772706985473633e-01
