-3.525722131598740816e-04
3.814580151811242104e-03
9.584750048816204071e-03
9.277346543967723846e-03
1.221481431275606155e-02
1.008235104382038116e-02
8.646468631923198700e-03
1.178345549851655960e-02
1.871771179139614105e-02
2.340369671583175659e-02
1.977249234914779663e-02
1.660783216357231140e-02
7.781674619764089584e-03
-1.852597668766975403e-02
-6.156406179070472717e-02
3.936400413513183594e-01
5.236330032348632812e-01
-2.007708549499511719e-01
-1.329892724752426147e-01
-8.332958817481994629e-02
-6.142842024564743042e-02
-4.776570200920104980e-02
-3.771800920367240906e-02
-2.688327990472316742e-02
-1.880468986928462982e-02
-1.451025065034627914e-02
-1.273059938102960587e-02
-1.293491758406162262e-02
-1.405664160847663879e-02
-1.530571281909942627e-02
-1.598505116999149323e-02
-1.646431908011436462e-02
-1.127191167324781418e-02
