-7.051551342010498047e-02
-3.003668971359729767e-02
-2.649312280118465424e-02
-1.190550103783607483e-01
-2.926797568798065186e-01
-4.096127152442932129e-01
-3.255964815616607666e-01
-2.253623157739639282e-01
1.228305399417877197e-01
4.263374805450439453e-01
3.751713037490844727e-01
4.031808078289031982e-01
7.920503616333007812e-02
-4.059530049562454224e-02
-2.393073439598083496e-01
-1.278713904321193695e-02
-2.574690878391265869e-01
-2.865178585052490234e-01
-1.010331958532333374e-01
-3.162218928337097168e-01
-3.936429321765899658e-02
-2.829808928072452545e-02
-7.393487542867660522e-02
-5.129465460777282715e-02
-9.549094736576080322e-02
6.179924309253692627e-02
5.846642330288887024e-02
1.535286009311676025e-01
1.157971248030662537e-01
1.106259673833847046e-01
1.261709779500961304e-01
1.314210295677185059e-01
1.256571859121322632e-01
