5.578168630599975586e-01
6.794561445713043213e-02
4.503443241119384766e-01
4.157226681709289551e-01
4.720228612422943115e-01
5.552197694778442383e-01
5.924420952796936035e-01
5.556380748748779297e-01
6.289940476417541504e-01
5.717806816101074219e-01
5.537524819374084473e-01
4.815156757831573486e-01
5.379716753959655762e-01
4.556534886360168457e-01
5.048978328704833984e-01
3.656550049781799316e-01
4.243613779544830322e-01
2.263215482234954834e-01
2.072913646697998047e-01
6.834900379180908203e-02
3.280582651495933533e-02
-6.561776250600814819e-02
-1.103332415223121643e-01
-1.651662141084671021e-01
-2.371849268674850464e-01
-2.252916097640991211e-01
-2.848577201366424561e-01
-2.663344144821166992e-01
-3.111564218997955322e-01
-2.840963304042816162e-01
-2.878566086292266846e-01
-2.824901044368743896e-01
-2.334570884704589844e-01
-1.843040287494659424e-01
-1.093723773956298828e-01
-7.176110893487930298e-02
-4.681713506579399109e-02
5.324196442961692810e-02
1.100827753543853760e-02
6.384306401014328003e-02
6.806465238332748413e-02
-8.526924066245555878e-03
1.531980186700820923e-01
4.940970987081527710e-02
1.420629620552062988e-01
1.128038316965103149e-01
4.205801710486412048e-02
-4.039586335420608521e-02
-5.560247600078582764e-02
-1.935807466506958008e-01
-3.020523190498352051e-01
-3.719417154788970947e-01
-4.137299656867980957e-01
-3.501146733760833740e-01
-4.689300060272216797e-01
-3.603087067604064941e-01
-9.581529349088668823e-02
-4.660758748650550842e-02
-6.881844997406005859e-02
2.641769312322139740e-02
7.383042573928833008e-02
3.549191057682037354e-01
4.862301051616668701e-01
5.310788750648498535e-01
1.061940550804138184e+00
