-2.116236835718154907e-03
-6.917900871485471725e-03
-2.826992422342300415e-03
-3.344553988426923752e-03
-1.568590407259762287e-03
-1.831558649428188801e-03
2.229553414508700371e-03
8.642172440886497498e-03
1.251623127609491348e-02
1.485195010900497437e-02
2.245948882773518562e-03
-1.214878540486097336e-02
-1.140227634459733963e-02
-6.606047507375478745e-03
1.466163434088230133e-02
1.572588086128234863e-01
1.838157325983047485e-01
-3.688758239150047302e-02
-3.774350509047508240e-02
-2.106307074427604675e-02
-1.782217621803283691e-02
-1.343176886439323425e-02
-9.949388913810253143e-03
-6.475061643868684769e-03
-4.272815305739641190e-03
-2.850107848644256592e-03
-1.324241631664335728e-03
-2.072696108371019363e-03
-2.143343444913625717e-03
-1.963113201782107353e-03
-2.112450543791055679e-03
1.267545274458825588e-03
-4.357481840997934341e-03
