4.057085812091827393e-01
2.946673631668090820e-01
2.533895373344421387e-01
2.446515560150146484e-01
1.444894075393676758e-01
-7.435193285346031189e-03
-2.412324026226997375e-02
1.136343702673912048e-01
4.280988499522209167e-02
2.559875324368476868e-02
-1.574511229991912842e-01
8.531087078154087067e-03
1.547760963439941406e-01
1.028543710708618164e-01
-1.293815374374389648e-01
-2.046662420034408569e-01
-8.988623321056365967e-02
1.112533956766128540e-01
1.030501648783683777e-01
-1.451126337051391602e-01
-1.720534870401024818e-03
-2.319899760186672211e-02
3.058219701051712036e-02
1.219976171851158142e-01
1.503775566816329956e-01
1.394483149051666260e-01
6.819517910480499268e-02
3.747357800602912903e-02
-1.255171559751033783e-02
2.684548310935497284e-02
7.521352171897888184e-02
6.602038443088531494e-02
1.737771183252334595e-01
