3.737586783245205879e-03
9.673504158854484558e-03
7.115482818335294724e-03
8.731800131499767303e-03
1.123560313135385513e-02
1.192875672131776810e-02
1.861725933849811554e-02
2.177937142550945282e-02
2.814196981489658356e-02
3.064651228487491608e-02
3.871452808380126953e-02
4.310730844736099243e-02
5.455175787210464478e-02
6.829296797513961792e-02
1.210381016135215759e-01
-3.894352912902832031e-01
-2.442752569913864136e-01
4.901624470949172974e-02
2.382574044167995453e-02
-6.566066294908523560e-04
-1.665565744042396545e-02
-2.016635425388813019e-02
-1.897442154586315155e-02
-1.858706586062908173e-02
-1.665962114930152893e-02
-1.200245507061481476e-02
-7.977261207997798920e-03
-4.863108042627573013e-03
-4.606896080076694489e-03
-2.923243679106235504e-03
-3.351669991388916969e-03
-2.844313392415642738e-03
1.938295667059719563e-03
