-3.991680741310119629e-01
-4.725612401962280273e-01
-4.021891355514526367e-01
-1.913937181234359741e-01
-2.153583467006683350e-01
-1.732702553272247314e-01
-2.313068509101867676e-01
-2.145810574293136597e-01
-1.809122264385223389e-01
-1.665399670600891113e-01
2.929022610187530518e-01
2.202883511781692505e-01
-2.464227378368377686e-01
-4.119817912578582764e-01
3.310604393482208252e-02
4.740082472562789917e-02
-2.198875546455383301e-01
-6.743782199919223785e-03
1.092826575040817261e-01
6.667056679725646973e-02
-5.357101187109947205e-02
-3.087025284767150879e-01
-3.774959594011306763e-02
3.111087679862976074e-01
1.974440515041351318e-01
-4.547686129808425903e-02
-3.080433607101440430e-01
-3.281373679637908936e-01
-1.497691869735717773e-01
6.184617429971694946e-02
8.928773552179336548e-02
1.145410388708114624e-01
-1.218205243349075317e-01
