-1.106842532753944397e-01
-2.093776464462280273e-01
-3.105891346931457520e-01
-2.141910046339035034e-01
-3.256946802139282227e-01
-3.139947950839996338e-01
-2.893075644969940186e-01
-3.305179178714752197e-01
-3.516603410243988037e-01
-3.245975077152252197e-01
-3.393991887569427490e-01
-2.622865438461303711e-01
-2.850675880908966064e-01
-1.679580211639404297e-01
-1.828842163085937500e-01
-4.965607076883316040e-02
-7.734563201665878296e-02
9.536176919937133789e-03
1.440672669559717178e-03
7.558254152536392212e-02
8.204993605613708496e-02
7.621074467897415161e-02
9.049985557794570923e-02
1.291453093290328979e-01
9.065248817205429077e-02
1.039642542600631714e-01
8.728200197219848633e-02
-2.222291193902492523e-03
-2.383220382034778595e-02
-4.955087974667549133e-02
-1.559694260358810425e-01
-1.777918636798858643e-01
-2.469754219055175781e-01
-3.588984608650207520e-01
-3.335492014884948730e-01
-4.616656601428985596e-01
-4.459311664104461670e-01
-4.872756302356719971e-01
-5.099836587905883789e-01
-5.153049826622009277e-01
-4.889831542968750000e-01
-4.345537722110748291e-01
-4.339860975742340088e-01
-4.017256200313568115e-01
-2.042587101459503174e-01
-2.612504065036773682e-01
-1.152424514293670654e-01
9.345383942127227783e-02
1.205734983086585999e-01
2.800506055355072021e-01
3.360466361045837402e-01
5.892015099525451660e-01
6.475710272789001465e-01
5.610982775688171387e-01
5.348702669143676758e-01
4.690131545066833496e-01
4.404885172843933105e-01
2.235393673181533813e-01
2.219368815422058105e-01
1.638100296258926392e-01
1.455582827329635620e-01
1.023686826229095459e-01
6.522442400455474854e-02
8.097486943006515503e-02
3.306441009044647217e-02
