1.082427892833948135e-02
-5.813853349536657333e-03
-1.166123524308204651e-02
-1.098722312599420547e-02
-1.298759691417217255e-02
-1.616565510630607605e-02
-1.662178896367549896e-02
-2.215424738824367523e-02
-2.095265872776508331e-02
-2.609168924391269684e-02
-3.289441019296646118e-02
-4.394315555691719055e-02
-6.243686750531196594e-02
-1.095779985189437866e-01
-1.873132884502410889e-01
4.331899285316467285e-01
2.241671830415725708e-01
-2.116755023598670959e-02
2.616532437968999147e-04
6.921209394931793213e-03
1.080192811787128448e-02
1.580727286636829376e-02
9.374852292239665985e-03
9.136469103395938873e-03
8.739465847611427307e-03
9.417224675416946411e-03
8.365024812519550323e-03
7.381198462098836899e-03
6.940046325325965881e-03
5.725807510316371918e-03
6.527903955429792404e-03
5.736138205975294113e-03
8.247427642345428467e-03
