2.703612446784973145e-01
9.234751015901565552e-02
-8.398017287254333496e-02
-6.303609907627105713e-02
-2.222664803266525269e-01
-2.516356706619262695e-01
-1.775880008935928345e-01
-1.479533910751342773e-01
-2.514232695102691650e-01
-2.337476164102554321e-01
-2.910338044166564941e-01
-2.670433521270751953e-01
-2.969909012317657471e-01
-2.398014217615127563e-01
-3.541183173656463623e-01
-3.944917917251586914e-01
-4.964834153652191162e-01
-4.524736702442169189e-01
-4.333057999610900879e-01
-3.533149063587188721e-01
-3.528679013252258301e-01
-2.690443992614746094e-01
-1.926657706499099731e-01
-1.012050211429595947e-01
-2.144924737513065338e-02
6.338146328926086426e-02
9.609567373991012573e-02
1.107702627778053284e-01
7.064647227525711060e-02
8.912463672459125519e-03
-3.347333148121833801e-02
-9.458319097757339478e-02
-1.310871690511703491e-01
-2.726677060127258301e-01
-2.330783158540725708e-01
-3.550483584403991699e-01
-3.357468843460083008e-01
-4.458363354206085205e-01
-3.966985642910003662e-01
-5.001563429832458496e-01
-4.119151830673217773e-01
-4.485907554626464844e-01
-4.826527535915374756e-01
-3.081272244453430176e-01
-1.473132967948913574e-01
-2.319775670766830444e-01
-3.167641907930374146e-02
9.497315436601638794e-02
1.261862516403198242e-01
2.638041973114013672e-01
3.067531287670135498e-01
3.750829100608825684e-01
3.121106922626495361e-01
3.221113085746765137e-01
2.967333495616912842e-01
1.938059478998184204e-01
1.790173649787902832e-01
-2.140550315380096436e-02
2.108693122863769531e-02
-1.422351449728012085e-01
-2.708852887153625488e-01
-2.802147269248962402e-01
-3.252176940441131592e-01
-3.463166058063507080e-01
-5.030024647712707520e-01
