-3.878697454929351807e-01
-3.006543517112731934e-01
-1.474464982748031616e-01
-1.250560283660888672e-01
-1.051440611481666565e-01
-1.726760715246200562e-01
-1.299404203891754150e-01
-3.711326420307159424e-02
5.754733458161354065e-02
-1.117678135633468628e-01
-2.205695807933807373e-01
-2.245302647352218628e-01
-3.536711335182189941e-01
-3.643807172775268555e-01
-3.237953782081604004e-01
-2.981654107570648193e-01
-2.823213040828704834e-01
-6.377826631069183350e-02
-2.013731598854064941e-01
-2.200377732515335083e-02
1.268969178199768066e-01
3.288798630237579346e-01
1.456546932458877563e-01
2.405149042606353760e-01
1.827060878276824951e-01
4.499710723757743835e-02
2.027025260031223297e-02
-3.949402365833520889e-03
-3.719305619597434998e-02
-1.641931831836700439e-01
-1.416661869734525681e-02
-1.223693415522575378e-01
-6.990648806095123291e-02
