8.739109039306640625e-01
7.147106528282165527e-01
7.202548384666442871e-01
7.269296050071716309e-01
6.264731884002685547e-01
4.921398460865020752e-01
4.738042354583740234e-01
2.181531488895416260e-01
1.369185149669647217e-01
8.849260210990905762e-02
2.936145849525928497e-02
2.106829881668090820e-01
8.850565552711486816e-02
7.780667394399642944e-02
-1.919597387313842773e-01
1.000657454133033752e-01
-2.371758520603179932e-01
-2.737917006015777588e-01
1.060304790735244751e-01
9.923025220632553101e-02
-1.951050013303756714e-01
-2.418634891510009766e-01
6.603638082742691040e-02
2.150173485279083252e-01
1.480453610420227051e-01
1.157373785972595215e-01
-5.397793650627136230e-02
-4.338056221604347229e-02
-8.862213045358657837e-02
-4.894615337252616882e-02
-2.749916017055511475e-01
-3.468668460845947266e-01
-7.239920645952224731e-02
