1.544618699699640274e-02
2.983121573925018311e-02
1.650575697422027588e-01
2.637797966599464417e-02
-7.165656890720129013e-03
-1.008219923824071884e-02
-6.666154135018587112e-03
-7.792740128934383392e-03
-1.408062037080526352e-02
-1.253647170960903168e-02
-1.410702429711818695e-02
-1.106973271816968918e-02
3.208423266187310219e-03
5.817428603768348694e-02
1.724014282226562500e-01
-5.566183924674987793e-01
-9.131343960762023926e-01
3.729261755943298340e-01
2.090020179748535156e-01
1.122547164559364319e-01
7.529026269912719727e-02
5.470803752541542053e-02
4.212788492441177368e-02
3.311833739280700684e-02
3.094183467328548431e-02
3.088440001010894775e-02
2.459477819502353668e-02
2.546461299061775208e-02
2.224895916879177094e-02
1.863723248243331909e-02
2.117641456425189972e-02
1.750125177204608917e-02
3.087795339524745941e-02
