8.715210556983947754e-01
7.764053940773010254e-01
7.251206636428833008e-01
5.129156112670898438e-01
3.451191484928131104e-01
2.942238450050354004e-01
3.034593760967254639e-01
1.545719802379608154e-01
1.926183998584747314e-01
1.144218295812606812e-01
3.855580836534500122e-02
1.403202116489410400e-01
6.235499307513237000e-02
3.669265285134315491e-02
-6.726329028606414795e-02
5.563093349337577820e-02
-9.972644597291946411e-02
-4.529150575399398804e-02
5.299348849803209305e-03
-2.698119170963764191e-02
-1.360181253403425217e-02
-7.960184663534164429e-02
-2.329562976956367493e-02
-7.580272853374481201e-02
-1.058501973748207092e-01
-8.211454749107360840e-02
-1.443823873996734619e-01
-1.433084458112716675e-01
-1.060315445065498352e-01
-2.622406780719757080e-01
-2.232511639595031738e-01
-2.570005953311920166e-01
-2.541673481464385986e-01
-2.717686593532562256e-01
-2.610537111759185791e-01
-3.095110654830932617e-01
-2.184202671051025391e-01
-3.932936489582061768e-01
-3.514027297496795654e-01
-3.813418745994567871e-01
-4.271754026412963867e-01
-3.586223423480987549e-01
-4.595134854316711426e-01
-3.504026234149932861e-01
-3.584465384483337402e-01
-2.639791965484619141e-01
-8.426948636770248413e-02
7.673687487840652466e-02
6.104705110192298889e-02
-3.621224313974380493e-02
1.261920630931854248e-01
3.414263129234313965e-01
3.992226421833038330e-01
3.914033770561218262e-01
4.266442060470581055e-01
4.688322544097900391e-01
4.872412979602813721e-01
6.593214869499206543e-01
7.146480083465576172e-01
7.402125000953674316e-01
8.053971529006958008e-01
7.593892216682434082e-01
6.407800912857055664e-01
5.133706331253051758e-01
7.316924333572387695e-01
