-3.840159177780151367e-01
-4.750564694404602051e-01
-4.300543367862701416e-01
-1.477943360805511475e-01
7.497510313987731934e-02
1.348671019077301025e-01
3.477500081062316895e-01
4.147754311561584473e-01
3.225302398204803467e-01
1.723126918077468872e-01
4.883112013339996338e-02
1.942087560892105103e-01
2.241070760646834970e-04
-3.394645452499389648e-02
1.654561758041381836e-01
9.958297759294509888e-02
3.233687281608581543e-01
2.773222923278808594e-01
3.453393280506134033e-01
5.154879093170166016e-01
3.538008332252502441e-01
2.251676321029663086e-01
3.484700024127960205e-01
1.877665668725967407e-01
3.141836728900671005e-03
7.200721651315689087e-02
-2.342269569635391235e-02
-7.123840600252151489e-02
-1.348826438188552856e-01
5.754498392343521118e-02
4.381720721721649170e-01
6.509407758712768555e-01
5.813533663749694824e-01
