2.364287339150905609e-02
3.626915812492370605e-02
-2.097008051350712776e-03
1.996981650590896606e-01
1.317681521177291870e-01
1.801695823669433594e-01
2.726619541645050049e-01
2.686847448348999023e-01
2.083747535943984985e-01
2.187251001596450806e-01
1.281306147575378418e-01
9.511096775531768799e-02
-1.711307838559150696e-02
7.596635259687900543e-03
-1.097518876194953918e-01
-8.013257384300231934e-02
-2.085293680429458618e-01
-1.572704464197158813e-01
-1.900001168251037598e-01
-1.422021239995956421e-01
-1.098591238260269165e-01
-1.103663444519042969e-01
-1.535226255655288696e-01
-7.536949962377548218e-02
3.542255982756614685e-02
5.688265711069107056e-02
1.425319612026214600e-01
1.766356825828552246e-01
2.149764746427536011e-01
1.793749630451202393e-01
8.681100606918334961e-02
-2.792576700448989868e-02
-9.661843627691268921e-02
-2.832999527454376221e-01
-2.714161574840545654e-01
-4.273048639297485352e-01
-4.026556015014648438e-01
-3.861156702041625977e-01
-3.690532743930816650e-01
-2.832658588886260986e-01
-1.345819532871246338e-01
-5.010815337300300598e-02
2.739252708852291107e-02
1.283096522092819214e-02
1.024117246270179749e-01
5.022933334112167358e-02
8.449531346559524536e-02
1.361618191003799438e-01
4.816005006432533264e-02
4.250184074044227600e-02
-1.308676451444625854e-01
-7.018544524908065796e-02
-3.727034851908683777e-02
-8.529581874608993530e-02
-7.907015085220336914e-02
-3.077495843172073364e-02
5.015501007437705994e-02
-7.526063174009323120e-02
1.784378662705421448e-02
4.980481415987014771e-02
9.954962879419326782e-02
9.722465276718139648e-02
7.654768973588943481e-02
1.383112221956253052e-01
1.013223007321357727e-01
