5.849979519844055176e-01
8.738114684820175171e-02
3.269615769386291504e-01
1.389784216880798340e-01
1.330533623695373535e-01
1.161746680736541748e-01
7.863368839025497437e-02
-1.664374768733978271e-02
-3.769762068986892700e-02
-1.109330132603645325e-01
-1.241234838962554932e-01
-2.341704219579696655e-01
-2.487798333168029785e-01
-3.421839773654937744e-01
-3.604874610900878906e-01
-4.078650772571563721e-01
-3.727592527866363525e-01
-5.363953113555908203e-01
-3.461366593837738037e-01
-4.525962769985198975e-01
-3.991812765598297119e-01
-3.354948461055755615e-01
-3.652006387710571289e-01
-3.238705992698669434e-01
-3.900836408138275146e-01
-3.575162589550018311e-01
-3.547365665435791016e-01
-3.513012528419494629e-01
-3.173581063747406006e-01
-2.989767789840698242e-01
-2.742784321308135986e-01
-2.460841387510299683e-01
-2.224000692367553711e-01
-1.877228766679763794e-01
-1.590877920389175415e-01
-1.243187561631202698e-01
-8.283764868974685669e-02
-4.910256713628768921e-02
-2.263273857533931732e-02
-8.646504953503608704e-03
3.600006923079490662e-02
7.213243097066879272e-02
7.629492133855819702e-02
1.158940941095352173e-01
1.691963076591491699e-01
1.591835469007492065e-01
2.767795026302337646e-01
1.323255598545074463e-01
2.915632128715515137e-01
2.356375157833099365e-01
2.188811153173446655e-01
3.387748897075653076e-01
1.872635781764984131e-01
3.420811891555786133e-01
3.837975859642028809e-01
2.445011585950851440e-01
2.635008394718170166e-01
3.033134937286376953e-01
1.929554492235183716e-01
2.258307337760925293e-01
1.931578069925308228e-01
4.289306402206420898e-01
5.023646354675292969e-01
2.274940162897109985e-01
1.518635630607604980e+00
