-5.538349151611328125e-01
-5.003682374954223633e-01
-5.696969628334045410e-01
-5.116358995437622070e-01
-4.377118647098541260e-01
-4.584051072597503662e-01
-1.534147560596466064e-01
2.842880412936210632e-02
9.005250781774520874e-02
3.570668399333953857e-01
4.541460573673248291e-01
2.257298380136489868e-01
-1.351278424263000488e-01
-1.286400854587554932e-01
-1.162756979465484619e-02
-3.033273294568061829e-02
9.851092100143432617e-02
1.671005338430404663e-01
1.985770016908645630e-01
2.524771690368652344e-01
-5.215512216091156006e-02
-2.008138298988342285e-01
-4.001523554325103760e-02
2.052864730358123779e-01
1.823347359895706177e-01
1.586434990167617798e-01
2.981830239295959473e-01
2.361674606800079346e-01
8.422681689262390137e-02
1.691254228353500366e-01
-4.575557261705398560e-02
4.049727227538824081e-03
-4.203356057405471802e-02
