-1.577886752784252167e-03
-5.216300021857023239e-03
-1.780659658834338188e-03
-3.211023285984992981e-03
-3.671796526759862900e-03
-3.785110020544379950e-04
4.452190827578306198e-03
9.215062484145164490e-03
1.295943371951580048e-02
1.355879846960306168e-02
4.471350926905870438e-03
-1.004988513886928558e-02
-1.290791388601064682e-02
-6.334533914923667908e-03
1.637386530637741089e-02
1.376308500766754150e-01
1.813056915998458862e-01
-3.267379850149154663e-02
-3.631837293505668640e-02
-2.105924673378467560e-02
-1.735672354698181152e-02
-1.227405108511447906e-02
-9.463364258408546448e-03
-8.051285520195960999e-03
-3.079935442656278610e-03
-3.329487983137369156e-03
-3.667575307190418243e-03
-4.445372149348258972e-03
-1.927970210090279579e-03
-3.692306345328688622e-03
-3.407707903534173965e-03
-2.783086849376559258e-03
-9.782962733879685402e-04
