1.437621284276247025e-02
8.899656124413013458e-03
-2.961421012878417969e-02
-1.299676671624183655e-02
-2.738698571920394897e-02
-5.766718462109565735e-02
5.368022248148918152e-02
3.328948467969894409e-02
1.127827018499374390e-01
1.067916899919509888e-01
9.193892776966094971e-02
2.020953893661499023e-01
2.221277952194213867e-01
4.142774045467376709e-01
4.352149665355682373e-01
6.920536160469055176e-01
5.245901346206665039e-01
3.399339318275451660e-01
3.100568056106567383e-01
1.312555521726608276e-01
1.147949695587158203e-01
1.352252364158630371e-01
2.789898775517940521e-02
-5.784345790743827820e-02
-3.170439973473548889e-02
-8.935833722352981567e-02
-1.004969403147697449e-01
-1.198835745453834534e-01
-1.459892243146896362e-01
-1.847149878740310669e-01
-1.605500280857086182e-01
-2.509056627750396729e-01
-1.428129971027374268e-01
-2.969698905944824219e-01
-1.504354774951934814e-01
-2.330594509840011597e-01
-2.386570721864700317e-01
-2.551925480365753174e-01
-8.601503074169158936e-02
-4.288999438285827637e-01
-1.637656539678573608e-01
-1.306218355894088745e-01
-2.535684108734130859e-01
-1.982201337814331055e-01
-1.937230676412582397e-01
-1.639444977045059204e-01
-2.016758769750595093e-01
-2.243512272834777832e-01
-1.427155584096908569e-01
-9.032558649778366089e-02
-6.093607842922210693e-02
-7.144665718078613281e-02
-6.784286350011825562e-02
-9.939373703673481941e-04
-9.545109933242201805e-04
4.128815606236457825e-02
5.831212177872657776e-02
1.830624639987945557e-01
1.690445244312286377e-01
1.571405529975891113e-01
2.391858994960784912e-01
2.612737119197845459e-01
3.322663903236389160e-01
3.389121294021606445e-01
3.127776980400085449e-01
