5.607786178588867188e-01
6.788552999496459961e-01
5.279245376586914062e-01
1.941996812820434570e-01
-2.293846160173416138e-01
-4.208939373493194580e-01
-4.011104702949523926e-01
-6.601171493530273438e-01
-2.872316241264343262e-01
1.702051162719726562e-01
3.059221506118774414e-01
7.438064217567443848e-01
7.070259749889373779e-02
-2.483501583337783813e-01
-7.464928925037384033e-02
-8.034204691648483276e-02
-1.232908740639686584e-01
-2.016279399394989014e-01
-8.874456584453582764e-02
-2.334309071302413940e-01
-8.714259415864944458e-02
-1.342591494321823120e-01
-1.902618110179901123e-01
-1.586915105581283569e-01
8.490993827581405640e-02
1.632983833551406860e-01
2.763884961605072021e-01
3.075318932533264160e-01
4.196226298809051514e-01
4.419510960578918457e-01
4.697453975677490234e-01
3.499490022659301758e-01
1.854386925697326660e-01
