6.590964645147323608e-02
6.324201822280883789e-02
6.231286376714706421e-02
1.120390277355909348e-02
-6.177469715476036072e-02
-6.213865056633949280e-02
-9.013468027114868164e-02
-9.478252381086349487e-02
-1.054254099726676941e-01
-7.194364443421363831e-03
4.271132126450538635e-02
2.107444405555725098e-01
2.551105618476867676e-01
5.211560055613517761e-02
-3.001962602138519287e-01
-3.774680793285369873e-01
-1.719945967197418213e-01
2.217687964439392090e-01
2.641532421112060547e-01
-1.053184866905212402e-01
-9.989337623119354248e-02
2.705323137342929840e-02
5.741829052567481995e-02
4.647219181060791016e-02
6.399549543857574463e-02
7.372062536887824535e-04
-6.028295028954744339e-03
2.044736407697200775e-02
8.555908687412738800e-03
2.915120869874954224e-02
2.215326577425003052e-02
-2.806549146771430969e-02
-1.419776864349842072e-02
