-6.875662505626678467e-02
-6.196504086256027222e-02
9.208458475768566132e-03
1.026562675833702087e-01
-2.464069426059722900e-01
-6.308222413063049316e-01
-5.632470846176147461e-01
-3.703417778015136719e-01
-4.564623832702636719e-01
-4.435258805751800537e-01
-4.061963856220245361e-01
-3.855931460857391357e-01
-2.949917614459991455e-01
-4.109224975109100342e-01
-2.024634927511215210e-01
-3.992404341697692871e-01
-2.117033451795578003e-01
-2.241422533988952637e-01
-2.519201040267944336e-01
-2.493837773799896240e-01
-1.351870298385620117e-01
-2.356992103159427643e-02
2.461433112621307373e-01
4.472189545631408691e-01
-3.325090184807777405e-02
6.097501516342163086e-01
7.370951175689697266e-01
1.167604327201843262e-01
4.443414807319641113e-01
7.435899376869201660e-01
4.398303329944610596e-01
6.427434682846069336e-01
8.382584452629089355e-01
