7.323598861694335938e-01
6.099784374237060547e-01
6.481124162673950195e-01
6.095067858695983887e-01
4.963324666023254395e-01
5.117257833480834961e-01
4.274753630161285400e-01
2.838228642940521240e-01
2.917076945304870605e-01
2.953759729862213135e-01
2.106716781854629517e-01
2.935448288917541504e-02
7.883540540933609009e-02
2.859243564307689667e-02
-6.584198772907257080e-02
-9.204609692096710205e-02
-7.487454265356063843e-02
-5.811796709895133972e-02
-1.495980471372604370e-01
5.513816140592098236e-03
-5.653562396764755249e-02
-5.372809246182441711e-02
-2.262460067868232727e-02
-7.206884678453207016e-03
1.930249482393264771e-02
1.139790285378694534e-02
9.836959838867187500e-02
4.822926595807075500e-02
1.632924377918243408e-01
7.588766515254974365e-02
1.889497935771942139e-01
1.295441836118698120e-01
2.083964943885803223e-01
2.394955158233642578e-01
2.548791766166687012e-01
3.314277231693267822e-01
3.480039536952972412e-01
3.858469426631927490e-01
4.314186275005340576e-01
4.325509071350097656e-01
4.873408079147338867e-01
5.056053996086120605e-01
5.004537701606750488e-01
5.508044958114624023e-01
4.942608475685119629e-01
5.323200225830078125e-01
5.072042942047119141e-01
5.269553065299987793e-01
5.570721626281738281e-01
3.968040049076080322e-01
3.765887320041656494e-01
4.247350394725799561e-01
4.167818725109100342e-01
3.427301347255706787e-01
5.195241570472717285e-01
5.040099620819091797e-01
6.033456325531005859e-01
5.737525224685668945e-01
6.863442063331604004e-01
6.483575105667114258e-01
6.248770952224731445e-01
8.885160088539123535e-01
5.772126317024230957e-01
1.730431318283081055e-01
5.010204911231994629e-01
