7.741186302155256271e-03
1.170713733881711960e-02
8.279272355139255524e-03
9.101247414946556091e-03
9.640153497457504272e-03
5.526633933186531067e-03
-7.326420745812356472e-04
-5.719351582229137421e-03
-9.391073836013674736e-04
5.728546995669603348e-03
1.903932727873325348e-02
2.794445306062698364e-02
3.460871800780296326e-02
4.616189748048782349e-02
5.220968648791313171e-02
-1.449983566999435425e-01
-1.839520782232284546e-01
7.657744456082582474e-03
1.483244413975626230e-04
-1.059839408844709396e-02
-1.191423367708921432e-02
-6.097093224525451660e-03
1.546682906337082386e-03
6.994590628892183304e-03
6.660562008619308472e-03
4.014644771814346313e-03
3.701756359077990055e-04
-3.005208913236856461e-03
-4.562024492770433426e-03
-4.964748863130807877e-03
-1.309825293719768524e-02
-7.180570624768733978e-03
-1.253419439308345318e-03
