1.910178214311599731e-01
6.230330094695091248e-02
-2.232996076345443726e-01
-9.743450582027435303e-02
4.276259243488311768e-02
-2.664865553379058838e-01
-6.875811815261840820e-01
-6.001920104026794434e-01
-4.824439585208892822e-01
-7.516974806785583496e-01
9.904938936233520508e-02
6.600571870803833008e-01
1.166576147079467773e-01
3.363376110792160034e-02
-7.256026566028594971e-02
-9.901852905750274658e-02
-1.947232782840728760e-01
-1.441905796527862549e-01
-1.969446539878845215e-01
-3.089611828327178955e-01
-8.160200715065002441e-02
-1.323265284299850464e-01
-5.467696115374565125e-02
7.938219606876373291e-02
7.053597271442413330e-02
2.067762464284896851e-01
2.540413439273834229e-01
1.672839522361755371e-01
1.666295677423477173e-01
1.940515451133251190e-02
-1.262534409761428833e-01
-3.962119221687316895e-01
-8.172463178634643555e-01
