8.927370905876159668e-01
1.143658041954040527e+00
1.372106432914733887e+00
1.464147686958312988e+00
1.070336580276489258e+00
1.231202960014343262e+00
1.543244838714599609e+00
1.101990222930908203e+00
2.949422299861907959e-01
3.562749363481998444e-03
-8.845780789852142334e-02
9.746540337800979614e-03
-4.111443087458610535e-02
-5.656697228550910950e-02
-2.327519804239273071e-01
-2.335239350795745850e-01
-3.352587223052978516e-01
-3.553558886051177979e-01
-3.264625072479248047e-01
-5.193590521812438965e-01
-3.505563735961914062e-01
-4.198951721191406250e-01
-3.994968235492706299e-01
-3.723030090332031250e-01
-6.980702877044677734e-01
-5.353716611862182617e-01
-8.251997828483581543e-02
-2.149323932826519012e-02
-1.405424997210502625e-02
1.655244380235671997e-01
5.656754374504089355e-01
7.575800418853759766e-01
6.576824784278869629e-01
