6.180109977722167969e-01
8.057845234870910645e-01
9.352266788482666016e-01
8.258569240570068359e-01
5.363964438438415527e-01
3.910083472728729248e-01
3.942786157131195068e-01
8.966775983572006226e-02
-6.119186431169509888e-02
9.833142161369323730e-03
1.626400500535964966e-01
3.235920369625091553e-01
1.233249306678771973e-01
2.170759439468383789e-02
-1.736499518156051636e-01
1.143000498414039612e-01
-2.935384511947631836e-01
-2.657332122325897217e-01
2.252011448144912720e-01
-6.243779510259628296e-02
-1.981678009033203125e-01
-1.096323505043983459e-01
5.265812575817108154e-02
1.306064426898956299e-01
7.780312746763229370e-02
1.260204762220382690e-01
-3.545964136719703674e-03
-4.544634066405706108e-05
-2.696988172829151154e-02
-2.974845282733440399e-02
-1.375471800565719604e-01
-8.719275891780853271e-02
1.212626397609710693e-01
