4.990801215171813965e-03
9.472679346799850464e-03
1.209586206823587418e-02
1.148244552314281464e-02
1.600962877273559570e-02
1.680990867316722870e-02
1.972249709069728851e-02
2.123614028096199036e-02
2.516465634107589722e-02
2.595494687557220459e-02
2.679695002734661102e-02
3.092230670154094696e-02
3.627505153417587280e-02
4.736579209566116333e-02
7.464897632598876953e-02
-1.830744147300720215e-01
-1.350257545709609985e-01
2.688071317970752716e-02
-2.047840971499681473e-03
-1.275178790092468262e-02
-1.819415204226970673e-02
-1.927655749022960663e-02
-1.868890784680843353e-02
-1.976195350289344788e-02
-2.003608271479606628e-02
-2.030307799577713013e-02
-1.766579784452915192e-02
-1.737307012081146240e-02
-1.410714164376258850e-02
-1.136887352913618088e-02
-1.053993217647075653e-02
-7.771722972393035889e-03
-7.692094426602125168e-03
