1.064635906368494034e-02
-6.886690109968185425e-02
-3.978095948696136475e-02
5.758871138095855713e-02
-7.216607336886227131e-04
-1.084814369678497314e-01
2.159663736820220947e-01
1.317033916711807251e-01
-6.439766287803649902e-02
4.506317526102066040e-02
-1.078580841422080994e-01
-7.862764596939086914e-02
-1.432023104280233383e-02
-3.967211022973060608e-02
-1.681059226393699646e-02
-6.757913529872894287e-02
-1.568719744682312012e-02
-6.219389382749795914e-03
-6.412769202142953873e-03
7.573126931674778461e-04
-2.219938905909657478e-03
-2.895765937864780426e-03
-6.666538305580615997e-03
-9.625024162232875824e-03
-6.173084024339914322e-03
-6.949460599571466446e-03
-1.215956546366214752e-02
-1.586599089205265045e-02
-4.148423671722412109e-02
1.496158540248870850e-01
-2.134873420000076294e-01
-1.688452064990997314e-01
1.033845767378807068e-01
1.733906753361225128e-02
-1.099858134984970093e-01
-1.438135951757431030e-01
-8.257338404655456543e-02
-7.482247799634933472e-02
-6.233614310622215271e-02
-6.331911683082580566e-02
-5.815865471959114075e-02
-5.486730486154556274e-02
-5.758502334356307983e-02
-5.947530269622802734e-02
-5.635080114006996155e-02
-5.444958433508872986e-02
-5.178947001695632935e-02
-3.626960515975952148e-02
-2.994679845869541168e-02
-2.234740182757377625e-02
-4.194344207644462585e-02
1.903275260701775551e-03
-4.794194176793098450e-02
-1.622498151846230030e-03
5.287417024374008179e-02
2.504915930330753326e-02
1.896459609270095825e-02
-6.032668519765138626e-03
1.280959993600845337e-01
-1.593753099441528320e-01
1.067992970347404480e-01
-5.089025199413299561e-02
6.961072236299514771e-02
-1.626713424921035767e-01
-1.961402893066406250e-01
