1.217559799551963806e-01
-3.336680307984352112e-02
9.311889857053756714e-02
-5.274828150868415833e-02
8.756037801504135132e-02
-1.166106984019279480e-01
4.447735100984573364e-02
7.829932868480682373e-02
9.539081156253814697e-02
1.586293429136276245e-02
-1.812683418393135071e-03
5.955047160387039185e-02
2.995978854596614838e-02
3.505027294158935547e-02
-1.828003861010074615e-02
-7.421145681291818619e-03
-2.606239542365074158e-02
8.714149706065654755e-03
1.221111137419939041e-02
-1.287491898983716965e-02
-1.454355660825967789e-02
-3.341275034472346306e-03
-1.089964061975479126e-03
-9.406635537743568420e-03
-1.295952219516038895e-02
2.970575122162699699e-03
-3.092276677489280701e-02
4.406146705150604248e-02
8.268187940120697021e-02
4.969954118132591248e-02
7.176888734102249146e-02
2.507015168666839600e-01
-2.490646392107009888e-01
4.479461908340454102e-02
-1.026023253798484802e-01
-5.232702568173408508e-02
-4.569561220705509186e-03
-1.307362690567970276e-02
-3.068691119551658630e-02
-3.463775292038917542e-02
-6.073398143053054810e-02
-4.670825228095054626e-02
-4.374912008643150330e-02
-4.484475031495094299e-02
-2.751594781875610352e-02
-2.500754408538341522e-02
-2.744046226143836975e-02
-4.113567993044853210e-02
-2.895125187933444977e-02
4.225550591945648193e-02
2.756086550652980804e-02
-6.128934025764465332e-02
1.060422658920288086e-01
-5.680675804615020752e-02
-3.363275527954101562e-02
3.604339063167572021e-02
8.136264234781265259e-02
-1.183942183852195740e-01
9.176138043403625488e-02
-4.732464998960494995e-02
-1.786539889872074127e-02
3.818264976143836975e-02
2.786764875054359436e-02
-1.288152784109115601e-01
-1.328974515199661255e-01
