-1.032379828393459320e-02
1.556674093008041382e-01
-1.102675646543502808e-01
9.770834445953369141e-02
-2.799214981496334076e-02
2.875084280967712402e-01
2.687830030918121338e-01
5.500949025154113770e-01
-2.102683633565902710e-01
-1.934182196855545044e-01
2.340667694807052612e-01
2.679463922977447510e-01
1.815644651651382446e-01
-1.654745340347290039e-01
1.065062284469604492e-01
-5.631223320960998535e-01
-3.165985047817230225e-01
-1.867165416479110718e-01
2.356425486505031586e-02
-5.078174471855163574e-01
-1.579349786043167114e-01
9.640100598335266113e-02
4.525144584476947784e-03
-2.676828205585479736e-01
1.009942144155502319e-01
5.200248956680297852e-02
2.691355943679809570e-01
3.913153111934661865e-01
-7.693238556385040283e-02
1.656690798699855804e-02
5.917848646640777588e-02
-3.893768787384033203e-01
3.861973062157630920e-02
