-5.671287328004837036e-02
-3.049044609069824219e-01
-4.523818381130695343e-03
-2.651434950530529022e-02
8.231535553932189941e-02
-9.737320989370346069e-02
3.701090514659881592e-01
1.679047942161560059e-01
1.388192623853683472e-01
-7.534889131784439087e-02
1.293265074491500854e-01
-6.034350767731666565e-02
6.229643151164054871e-02
-3.411303833127021790e-02
-1.396520584821701050e-01
-1.442100554704666138e-01
3.727965652942657471e-01
-1.255634427070617676e-01
-2.179105281829833984e-01
7.155304402112960815e-02
-2.966506779193878174e-01
-6.511864811182022095e-02
3.604145720601081848e-02
-3.934971988201141357e-02
1.704706847667694092e-01
2.489232867956161499e-01
2.216163277626037598e-02
-3.173902630805969238e-02
-1.225663349032402039e-01
4.584289193153381348e-01
-1.632204055786132812e-01
9.064944833517074585e-02
1.651648581027984619e-01
