-7.632171362638473511e-02
-8.609618991613388062e-02
-7.893382012844085693e-02
-2.360169216990470886e-02
9.447868913412094116e-02
-6.512919068336486816e-02
-1.632249355316162109e-01
6.303064525127410889e-02
3.104205429553985596e-02
-5.887833237648010254e-02
-2.117616385221481323e-01
1.262292116880416870e-01
1.470886766910552979e-01
1.230926737189292908e-01
9.811561554670333862e-02
-3.260423615574836731e-02
1.352951377630233765e-01
-2.074364572763442993e-01
4.350282251834869385e-02
1.403614729642868042e-01
-1.043942384421825409e-02
5.487058684229850769e-02
1.066009979695081711e-02
-9.525345265865325928e-02
3.736497089266777039e-02
-5.286613106727600098e-02
-3.840481862425804138e-02
-1.374892890453338623e-01
1.424280833452939987e-02
2.088688164949417114e-01
8.039592206478118896e-02
3.106462657451629639e-01
3.880679607391357422e-02
1.968868523836135864e-01
7.008890062570571899e-02
2.035039514303207397e-01
1.472861915826797485e-01
7.960764318704605103e-02
9.476036578416824341e-02
3.256543278694152832e-01
8.408251404762268066e-02
7.692061364650726318e-02
-1.041676402091979980e-01
2.208061814308166504e-01
2.408642917871475220e-01
-2.538048138376325369e-04
1.807019300758838654e-02
-1.143338233232498169e-01
7.749903947114944458e-02
1.976729929447174072e-02
-2.894471772015094757e-02
-5.875463783740997314e-02
-1.913895606994628906e-01
-1.045521721243858337e-01
-1.090015005320310593e-02
2.685532160103321075e-02
-2.552022784948348999e-02
-2.792009413242340088e-01
6.508298218250274658e-02
-1.107909157872200012e-01
-2.048576809465885162e-02
6.233186647295951843e-02
-1.360412538051605225e-01
4.276230931282043457e-02
-2.220179289579391479e-01
