9.378906339406967163e-02
-2.154068648815155029e-01
1.447966396808624268e-01
2.629170659929513931e-03
4.419356957077980042e-02
6.162279471755027771e-02
1.089973449707031250e-01
1.243217512965202332e-01
1.470933407545089722e-01
1.464623212814331055e-01
1.504744142293930054e-01
1.356149911880493164e-01
1.092779785394668579e-01
4.132824763655662537e-02
1.318503022193908691e-01
2.152061760425567627e-01
-3.801069408655166626e-02
-5.756243690848350525e-02
-1.157546415925025940e-01
-8.265343308448791504e-02
-7.330975681543350220e-02
-2.947294712066650391e-02
-7.092105806805193424e-04
2.227295748889446259e-02
2.210214361548423767e-02
2.129760235548019409e-01
-4.081680774688720703e-01
-1.402850300073623657e-01
3.210765123367309570e-02
4.262324422597885132e-02
-1.135925352573394775e-01
-3.964108973741531372e-02
4.538965597748756409e-02
