-3.332884237170219421e-02
1.250919550657272339e-01
-2.937057316303253174e-01
2.587032504379749298e-03
7.569489628076553345e-02
1.545293629169464111e-01
1.016049310564994812e-01
-1.836303994059562683e-02
1.437446773052215576e-01
2.052751183509826660e-01
2.380918562412261963e-01
1.179921850562095642e-01
9.546485543251037598e-02
1.498471349477767944e-01
3.077529072761535645e-01
1.727743148803710938e-01
7.903017848730087280e-02
-1.108633801341056824e-01
-4.392217844724655151e-02
-6.517556309700012207e-02
-8.986386656761169434e-02
-2.198409289121627808e-02
-4.436279833316802979e-02
-1.322857141494750977e-01
-1.417051106691360474e-01
-8.084305562078952789e-03
-1.978200972080230713e-01
-1.194170042872428894e-01
-1.365064978599548340e-01
-2.136565595865249634e-01
2.047841697931289673e-01
-2.492943406105041504e-01
-2.514058649539947510e-01
