2.815614044666290283e-01
1.057621017098426819e-01
4.300671443343162537e-02
-1.542194634675979614e-01
-2.308303117752075195e-01
3.230960369110107422e-01
-3.686949983239173889e-02
1.040701121091842651e-01
-1.532030291855335236e-02
1.303386837244033813e-01
-9.692622721195220947e-02
1.398857086896896362e-01
-1.628956012427806854e-02
1.018602866679430008e-02
6.789121776819229126e-02
-1.544662415981292725e-01
-1.925799548625946045e-01
8.659570664167404175e-02
-3.041030652821063995e-02
-2.696705050766468048e-03
-6.660833954811096191e-02
1.080743968486785889e-02
5.185666307806968689e-02
9.296406805515289307e-02
-2.850759923458099365e-01
-1.279295980930328369e-01
-1.899953349493443966e-04
-1.397465616464614868e-01
-1.427217721939086914e-01
1.040111705660820007e-01
-1.258663535118103027e-01
-1.076435968279838562e-01
-1.591061651706695557e-01
4.386065900325775146e-02
9.207990020513534546e-02
-2.088153362274169922e-01
-3.956981375813484192e-02
-1.701178699731826782e-01
-1.269920468330383301e-01
-3.127715736627578735e-02
-6.761719286441802979e-02
-4.288668558001518250e-02
1.974659264087677002e-01
-1.888359934091567993e-01
-1.471895910799503326e-02
1.970749907195568085e-02
9.192198514938354492e-02
-1.020565405488014221e-01
3.331345617771148682e-01
-1.050748080015182495e-01
-6.812569499015808105e-02
-6.586869806051254272e-02
1.775466054677963257e-01
6.063510850071907043e-02
-1.515444219112396240e-01
-1.159427314996719360e-01
-4.285243153572082520e-02
-4.273867979645729065e-02
1.071070204488933086e-03
-2.966522797942161560e-02
-4.266406595706939697e-02
2.453309446573257446e-01
-7.896087132394313812e-03
-5.729046463966369629e-02
-2.559701800346374512e-01
