-5.405454710125923157e-02
2.252774313092231750e-02
6.744145601987838745e-02
8.122695982456207275e-02
-1.930964440107345581e-01
-1.567401885986328125e-01
-2.242530509829521179e-02
1.389671564102172852e-01
-4.178083315491676331e-02
-1.090265139937400818e-01
2.100772261619567871e-01
-2.373371273279190063e-01
1.664944551885128021e-02
6.172050535678863525e-02
-5.216019600629806519e-02
-2.195155434310436249e-02
-1.837498135864734650e-02
-2.406032755970954895e-02
-2.740577049553394318e-02
-2.678656019270420074e-02
-4.671087488532066345e-02
-3.530060499906539917e-02
-3.387118503451347351e-02
-4.593965038657188416e-02
-4.458506405353546143e-02
-4.549146816134452820e-02
-4.849647730588912964e-02
-5.698478594422340393e-02
-7.850135117769241333e-02
-2.423913963139057159e-02
7.909881323575973511e-02
4.585448652505874634e-03
1.087949275970458984e-01
-8.569040149450302124e-02
-1.222686916589736938e-01
9.912899136543273926e-02
5.804786086082458496e-02
4.408880323171615601e-02
4.646888375282287598e-02
6.693848222494125366e-02
3.765570744872093201e-02
3.280593454837799072e-02
2.625865861773490906e-02
1.288302391767501831e-01
2.911323495209217072e-02
3.145683184266090393e-02
2.132553607225418091e-02
1.493300404399633408e-02
1.634967699646949768e-02
1.448556128889322281e-02
1.931827329099178314e-02
4.171721264719963074e-02
7.153482735157012939e-02
1.383132860064506531e-02
1.703295297920703888e-02
2.469870150089263916e-01
1.046297699213027954e-01
2.271039970219135284e-02
1.880371384322643280e-02
1.087809130549430847e-01
5.285750702023506165e-02
-5.480303615331649780e-02
6.222535297274589539e-02
-2.818634174764156342e-02
2.242254912853240967e-01
