-6.723174452781677246e-02
-4.113647341728210449e-02
-8.715085685253143311e-02
-2.962169647216796875e-01
5.336540192365646362e-02
-1.907415129244327545e-02
2.091861218214035034e-01
7.683312892913818359e-02
1.546164751052856445e-01
9.090784937143325806e-02
1.829214841127395630e-01
-9.060939401388168335e-02
-1.005919352173805237e-01
-2.165603265166282654e-02
7.978888228535652161e-03
9.239712357521057129e-02
-4.107008874416351318e-02
1.092078816145658493e-02
2.725796215236186981e-02
2.063152641057968140e-01
9.322681277990341187e-02
2.041146457195281982e-01
-3.790249302983283997e-02
1.830568611621856689e-01
4.670391976833343506e-02
-8.273033425211906433e-03
-6.600923836231231689e-02
-1.157857403159141541e-01
8.379768580198287964e-03
-3.105900287628173828e-01
-1.988993138074874878e-01
-2.519067525863647461e-01
-2.105173915624618530e-01
-1.684553921222686768e-01
-7.458791881799697876e-02
-4.823663737624883652e-03
-2.216605544090270996e-01
2.282152771949768066e-01
2.445410564541816711e-02
1.471199393272399902e-01
2.593425214290618896e-01
-1.329486221075057983e-01
-8.555478602647781372e-02
-1.043411642313003540e-01
1.638798713684082031e-01
-5.115658789873123169e-02
-3.705457970499992371e-02
7.788767665624618530e-02
1.472965031862258911e-01
2.171549499034881592e-01
-1.108122169971466064e-01
2.482665143907070160e-02
-1.735278815031051636e-01
9.232804179191589355e-02
-1.582746952772140503e-01
3.953161090612411499e-02
-8.971131406724452972e-03
5.644558928906917572e-03
-8.866178244352340698e-02
-7.254321128129959106e-02
8.030657470226287842e-02
-8.348511904478073120e-02
-2.048241198062896729e-01
1.389026492834091187e-01
1.267106384038925171e-01
