-2.331575155258178711e-01
1.598511934280395508e-01
4.323118925094604492e-02
1.130584329366683960e-01
2.132155895233154297e-01
6.015558168292045593e-02
6.666016578674316406e-02
2.847399190068244934e-02
-3.652496635913848877e-02
-1.340644247829914093e-02
1.377281080931425095e-02
-6.436433643102645874e-02
-1.966575235128402710e-01
3.052663058042526245e-02
-1.684475392103195190e-01
4.014232382178306580e-02
-1.128689423203468323e-01
1.184377223253250122e-01
1.337915211915969849e-01
1.528824120759963989e-01
1.327619403600692749e-01
1.234631240367889404e-01
9.553002566099166870e-02
7.357893139123916626e-02
5.302435532212257385e-02
1.697523146867752075e-01
6.237016245722770691e-02
5.493926629424095154e-02
1.290871649980545044e-01
-1.756809353828430176e-01
-9.794791787862777710e-02
4.424984753131866455e-01
1.084840595722198486e-01
