-6.584864109754562378e-02
1.191508620977401733e-01
4.629436135292053223e-02
4.922008886933326721e-02
7.305593788623809814e-02
3.483879193663597107e-02
6.499285250902175903e-02
1.991117447614669800e-01
2.329022856429219246e-03
1.579232066869735718e-01
-6.255462765693664551e-03
-7.483821362257003784e-02
-5.734859034419059753e-02
2.351998910307884216e-02
-1.321481354534626007e-02
-8.826707303524017334e-02
-1.258126348257064819e-01
-2.488090470433235168e-02
8.590558916330337524e-02
2.447653003036975861e-02
5.293687433004379272e-02
3.419106826186180115e-02
4.041421413421630859e-02
5.547450482845306396e-02
5.997949466109275818e-02
4.030364751815795898e-02
9.910946711897850037e-03
3.354587033390998840e-02
6.131080165505409241e-02
-1.104161366820335388e-01
-6.763969361782073975e-02
1.768736988306045532e-01
-9.245669841766357422e-02
1.857947185635566711e-02
3.784495964646339417e-02
-1.488771140575408936e-01
-1.647301763296127319e-01
-1.534593403339385986e-01
-1.136610284447669983e-01
-8.477818965911865234e-02
-7.058741152286529541e-02
-5.874173343181610107e-02
-4.866947606205940247e-02
-4.235515370965003967e-02
-3.605216369032859802e-02
-2.896527573466300964e-02
-3.572516143321990967e-02
-2.380075678229331970e-02
-2.314940467476844788e-02
-2.381899952888488770e-02
-1.158511079847812653e-02
-1.335277594625949860e-02
-1.518595963716506958e-02
4.771120846271514893e-03
-3.089669393375515938e-03
7.920542359352111816e-02
1.204590573906898499e-01
4.268506541848182678e-02
-1.869564950466156006e-01
-5.258508026599884033e-02
-4.580519720911979675e-02
-2.586661279201507568e-02
1.630249433219432831e-02
-2.907317876815795898e-01
1.084584742784500122e-01
