1.828749030828475952e-01
1.086939685046672821e-02
-1.091505736112594604e-01
4.538764059543609619e-02
6.183153390884399414e-02
-1.101858168840408325e-02
1.395992040634155273e-01
1.059584319591522217e-01
1.666399240493774414e-01
-2.881113439798355103e-02
-1.199309825897216797e-01
-2.252897014841437340e-03
-2.602901123464107513e-02
-3.093753755092620850e-02
-4.724694043397903442e-02
-1.484195049852132797e-02
-2.644282020628452301e-02
-3.394927829504013062e-02
-3.816949948668479919e-02
-3.730970248579978943e-02
-3.984478488564491272e-02
-3.835907205939292908e-02
-4.454606026411056519e-02
-4.447489976882934570e-02
-4.999432712793350220e-02
-5.833511799573898315e-02
-8.805783838033676147e-02
-1.834262162446975708e-01
-1.457656640559434891e-02
7.173941284418106079e-02
1.110533028841018677e-01
9.705194830894470215e-02
-2.781770229339599609e-01
-1.547523587942123413e-01
-5.479357764124870300e-02
-8.196116238832473755e-02
-6.428776681423187256e-02
-5.428705736994743347e-02
-6.257264409214258194e-03
-6.535869557410478592e-03
-5.365359131246805191e-03
1.184994936920702457e-03
-8.084430592134594917e-04
5.670183338224887848e-03
-2.335359109565615654e-03
-7.514791097491979599e-03
-9.193398058414459229e-03
1.890428364276885986e-02
3.839835990220308304e-03
-1.053971331566572189e-02
-4.737418610602617264e-03
3.266720846295356750e-02
-1.364672929048538208e-02
-5.813043564558029175e-02
1.017611473798751831e-01
6.916870176792144775e-02
1.214820817112922668e-01
1.122260093688964844e-01
-1.184550523757934570e-01
2.163076959550380707e-02
-1.986826956272125244e-02
-2.076252922415733337e-02
1.531018614768981934e-01
9.413218498229980469e-02
1.593901365995407104e-01
