1.719742119312286377e-01
-2.685748226940631866e-02
-1.722183078527450562e-01
1.560446433722972870e-02
4.835400357842445374e-02
-3.350955620408058167e-02
1.516027450561523438e-01
1.434017866849899292e-01
2.251001447439193726e-01
-6.712622195482254028e-02
-1.889981329441070557e-01
2.646910957992076874e-02
-5.594962090253829956e-02
-6.620535254478454590e-02
-7.578307390213012695e-02
1.382967978715896606e-01
1.731183826923370361e-01
1.802297681570053101e-02
-1.402549445629119873e-01
-8.748305588960647583e-02
1.858729124069213867e-02
-1.018689759075641632e-02
-1.759178787469863892e-01
1.619115844368934631e-02
1.026933193206787109e-01
-3.889905661344528198e-02
-1.278297156095504761e-01
-2.882544398307800293e-01
6.898255646228790283e-02
1.115223094820976257e-01
9.954148530960083008e-02
7.060230523347854614e-02
-3.027076423168182373e-01
-1.873982399702072144e-01
-9.512901306152343750e-02
-1.581031531095504761e-01
-1.469966173171997070e-01
-3.659356534481048584e-01
-8.593650162220001221e-02
-2.524586766958236694e-02
-2.212442606687545776e-01
-4.331209138035774231e-02
1.177073735743761063e-02
-4.140868782997131348e-02
-7.438625395298004150e-02
-7.979691773653030396e-02
-9.223274886608123779e-02
1.754355132579803467e-01
-2.063387446105480194e-02
-1.137346029281616211e-01
-1.812636665999889374e-02
8.008145540952682495e-02
-7.143776863813400269e-02
-1.306625157594680786e-01
1.244475841522216797e-01
6.816375255584716797e-02
1.298948973417282104e-01
1.248981505632400513e-01
-1.399854868650436401e-01
1.146911177784204483e-02
-3.619686141610145569e-02
-2.250127866864204407e-02
1.596013158559799194e-01
1.102207899093627930e-01
1.755643635988235474e-01
