-7.068391144275665283e-02
-4.342439770698547363e-02
-9.151948988437652588e-02
-3.100203275680541992e-01
5.544156953692436218e-02
-2.027106843888759613e-02
2.183166593313217163e-01
7.996229827404022217e-02
1.612673401832580566e-01
9.462437033653259277e-02
1.906927973031997681e-01
-9.537381678819656372e-02
-1.060555875301361084e-01
-2.381922677159309387e-02
6.790686864405870438e-03
9.448274224996566772e-02
-4.576301947236061096e-02
7.672999519854784012e-03
2.387866191565990448e-02
2.104933708906173706e-01
9.217068552970886230e-02
2.083120942115783691e-01
-4.389256611466407776e-02
1.884250640869140625e-01
4.796500876545906067e-02
-6.125902291387319565e-03
-6.117798388004302979e-02
-1.068227365612983704e-01
2.785568498075008392e-02
-3.040133714675903320e-01
-1.872556954622268677e-01
-2.423239946365356445e-01
-1.995628178119659424e-01
-1.585265994071960449e-01
-6.653998792171478271e-02
-8.352964650839567184e-04
-2.328760474920272827e-01
2.333103120326995850e-01
1.684058643877506256e-02
1.425717771053314209e-01
2.580026984214782715e-01
-1.532933562994003296e-01
-1.031179726123809814e-01
-1.203462630510330200e-01
1.624173820018768311e-01
-6.088928878307342529e-02
-4.513847455382347107e-02
7.599216699600219727e-02
1.495570391416549683e-01
2.233473956584930420e-01
-1.189434528350830078e-01
2.334642224013805389e-02
-1.834630817174911499e-01
9.483970701694488525e-02
-1.668483912944793701e-01
4.009791463613510132e-02
-1.048334222286939621e-02
4.913041833788156509e-03
-9.356494247913360596e-02
-7.664263993501663208e-02
8.318170160055160522e-02
-8.797539025545120239e-02
-2.147332131862640381e-01
1.446532160043716431e-01
1.319923549890518188e-01
