-6.265302747488021851e-02
7.016128860414028168e-03
2.890482731163501740e-02
9.112005680799484253e-02
4.276046529412269592e-03
1.780403852462768555e-01
2.835546731948852539e-01
3.318212628364562988e-01
1.467534750699996948e-01
5.458602309226989746e-02
1.024649757891893387e-02
1.952246762812137604e-02
7.362123113125562668e-03
1.244086399674415588e-02
1.604914665222167969e-02
2.198847942054271698e-03
-1.563407015055418015e-03
9.990902617573738098e-04
1.819430501200258732e-03
-1.060425769537687302e-03
-2.157731214538216591e-03
-9.678116068243980408e-03
-1.244553457945585251e-02
-1.812233962118625641e-02
-2.287949994206428528e-02
-2.168014459311962128e-02
-1.792547479271888733e-02
-1.205903477966785431e-02
1.998635940253734589e-02
4.960468038916587830e-02
-3.464825451374053955e-03
-1.903820335865020752e-01
-1.329494863748550415e-01
-1.344642043113708496e-01
2.088942378759384155e-01
1.198014840483665466e-01
8.157903701066970825e-02
6.340076029300689697e-02
4.499858245253562927e-02
3.878928720951080322e-02
3.104296326637268066e-02
2.088227868080139160e-02
2.425715513527393341e-02
1.802097074687480927e-02
2.033008448779582977e-02
1.654583029448986053e-02
1.726708561182022095e-02
1.401325035840272903e-02
8.694663643836975098e-03
1.115398202091455460e-02
2.904810942709445953e-03
-1.197241363115608692e-03
2.484266879037022591e-03
-5.878418684005737305e-03
-1.319271977990865707e-03
-2.294118888676166534e-02
-5.446144193410873413e-02
1.145695243030786514e-02
1.325673423707485199e-02
1.884170621633529663e-02
2.150146849453449249e-02
9.008399397134780884e-02
1.252507977187633514e-02
1.775358989834785461e-02
-6.744115054607391357e-02
