5.034192651510238647e-02
-1.113132685422897339e-01
1.537818014621734619e-01
-1.630639880895614624e-01
-1.231180727481842041e-01
-1.982427574694156647e-02
-2.421617656946182251e-01
-3.525572596117854118e-03
8.102856576442718506e-02
-3.569824397563934326e-01
-1.277743428945541382e-01
5.377877503633499146e-02
-4.060813412070274353e-02
9.901127219200134277e-02
-2.652505971491336823e-02
1.528063565492630005e-01
-8.633116632699966431e-02
-1.743553578853607178e-01
1.941880560480058193e-03
-7.079952359199523926e-01
-2.762218713760375977e-01
-1.827852986752986908e-02
1.482018679380416870e-01
7.399012148380279541e-02
1.070394963026046753e-01
2.015788294374942780e-02
1.386364996433258057e-01
-1.251122355461120605e-01
-1.754754781723022461e-01
-5.159014835953712463e-02
6.198942661285400391e-02
1.657618731260299683e-01
6.626471877098083496e-02
