1.010227948427200317e-01
2.018337845802307129e-01
-1.309556812047958374e-01
-3.099818713963031769e-02
-5.397685803472995758e-03
2.557399868965148926e-01
1.372836828231811523e-01
6.071621179580688477e-02
1.116798967123031616e-01
1.018923148512840271e-01
9.721098840236663818e-02
1.430396735668182373e-01
8.099335245788097382e-03
8.845294825732707977e-03
1.699843853712081909e-01
-9.925249963998794556e-03
-1.811818405985832214e-02
-2.216994389891624451e-02
-2.685209736227989197e-02
-2.274745702743530273e-02
-2.918792888522148132e-02
-2.991103008389472961e-02
-2.994364872574806213e-02
-2.824655920267105103e-02
-3.160248324275016785e-02
-3.397537022829055786e-02
-3.495329618453979492e-02
-5.094939842820167542e-02
-1.940509304404258728e-02
4.432577267289161682e-02
-1.982631981372833252e-01
5.727658420801162720e-02
4.046079702675342560e-03
-2.313257940113544464e-02
-1.235126778483390808e-01
-1.290331184864044189e-01
-7.509741187095642090e-02
-7.108027487993240356e-02
-6.461117416620254517e-02
-5.454354733228683472e-02
-4.212822765111923218e-02
-3.823504596948623657e-02
-3.911252692341804504e-02
-3.254408016800880432e-02
-2.454261854290962219e-02
-2.381137385964393616e-02
-2.023649588227272034e-02
-3.284024447202682495e-02
-1.562673412263393402e-02
-8.766201138496398926e-02
-5.693701561540365219e-03
-6.379242986440658569e-02
-1.069495603442192078e-01
-1.029700599610805511e-02
-1.890542805194854736e-01
-1.287801284343004227e-02
1.492772251367568970e-01
1.866447925567626953e-01
9.075970947742462158e-02
-3.111231513321399689e-02
1.186364982277154922e-02
8.205816149711608887e-02
5.923317372798919678e-02
4.270340129733085632e-02
1.852534012869000435e-03
