-1.734397262334823608e-01
-2.308234423398971558e-01
2.461918443441390991e-02
2.031688392162322998e-01
-1.918956339359283447e-01
-8.926533162593841553e-02
-5.348335951566696167e-02
8.147653192281723022e-02
9.298227727413177490e-02
-6.372187286615371704e-02
-7.590997964143753052e-02
1.450555622577667236e-01
-2.556207478046417236e-01
4.537939280271530151e-02
9.726384282112121582e-02
1.416517794132232666e-01
2.613909840583801270e-01
-1.825550943613052368e-01
-1.392528116703033447e-01
-2.698485553264617920e-01
2.301390320062637329e-01
-2.547453939914703369e-01
-7.896163314580917358e-02
-1.370494998991489410e-02
1.192277763038873672e-02
1.220045387744903564e-01
-1.508679687976837158e-01
4.319827854633331299e-01
-5.409538373351097107e-02
2.425077408552169800e-01
-9.591487050056457520e-02
1.542683988809585571e-01
2.861737906932830811e-01
