1.268913149833679199e-01
-5.698952078819274902e-02
1.024111434817314148e-01
-7.241387665271759033e-02
9.766474366188049316e-02
-1.913691461086273193e-01
3.294914960861206055e-02
9.396704286336898804e-02
1.349245011806488037e-01
-3.989269025623798370e-03
-5.009451881051063538e-02
9.260538220405578613e-02
6.598308682441711426e-02
6.619576364755630493e-02
-7.942562550306320190e-02
1.575919985771179199e-02
-1.124305576086044312e-01
7.531342655420303345e-02
1.256514042615890503e-01
-1.253155469894409180e-01
-1.054560691118240356e-01
2.674140967428684235e-02
1.037843525409698486e-01
-4.533001035451889038e-02
-9.533023089170455933e-02
3.933629393577575684e-02
-2.890951335430145264e-01
1.784248352050781250e-01
1.767989397048950195e-01
8.905320614576339722e-02
1.028898134827613831e-01
2.872370481491088867e-01
-2.175595909357070923e-01
8.546444028615951538e-02
-8.494181185960769653e-02
-3.845051303505897522e-02
1.186623126268386841e-01
1.643998622894287109e-01
1.778215356171131134e-02
6.125934794545173645e-02
-3.379600942134857178e-01
-1.910442560911178589e-01
-7.141578197479248047e-02
-1.222098618745803833e-01
1.056911796331405640e-01
1.224237959831953049e-02
1.383849047124385834e-02
-1.224001795053482056e-01
-7.300015538930892944e-02
1.826470196247100830e-01
6.760457158088684082e-02
-1.277476251125335693e-01
2.195052206516265869e-01
-1.010691523551940918e-01
-5.304483696818351746e-02
5.840808153152465820e-02
1.182776466012001038e-01
-1.377813220024108887e-01
1.235118955373764038e-01
-5.724795162677764893e-02
-1.899833977222442627e-02
4.945911094546318054e-02
2.812965586781501770e-02
-1.349475681781768799e-01
-1.445355415344238281e-01
