-1.462868694216012955e-02
4.539908766746520996e-01
-5.777298007160425186e-03
-2.156581133604049683e-01
1.061189100146293640e-01
-1.645317524671554565e-01
7.027677446603775024e-02
-7.750395685434341431e-02
1.295797824859619141e-01
-3.646110370755195618e-02
-8.864086866378784180e-02
-1.000500470399856567e-01
-1.379720568656921387e-01
7.607419509440660477e-03
-7.543452084064483643e-02
-8.406711742281913757e-03
2.655239030718803406e-02
-2.588326930999755859e-01
3.572162240743637085e-02
-2.967178225517272949e-01
-1.626766622066497803e-01
1.301521658897399902e-01
-1.706755906343460083e-01
1.849670857191085815e-01
1.080814749002456665e-01
2.337484508752822876e-01
6.323445588350296021e-02
-6.070660054683685303e-02
-1.998248994350433350e-01
2.008694261312484741e-01
-5.681360885500907898e-02
-1.927309781312942505e-01
-2.425827272236347198e-02
