-1.136746779084205627e-01
1.759636849164962769e-01
-1.393234282732009888e-01
1.611863672733306885e-01
2.955084145069122314e-01
3.347463905811309814e-01
-1.063827052712440491e-01
4.939319938421249390e-02
-1.367002427577972412e-01
8.995370566844940186e-02
3.373336493968963623e-01
5.639052949845790863e-03
1.003573834896087646e-01
-7.807022333145141602e-02
1.780055277049541473e-02
-3.704149648547172546e-02
1.426756232976913452e-01
-6.435626745223999023e-02
-2.266758382320404053e-01
8.072059601545333862e-03
1.088237389922142029e-01
2.918500006198883057e-01
3.089234605431556702e-02
2.821073234081268311e-01
-1.605287194252014160e-01
-1.940218657255172729e-01
-1.040448099374771118e-01
2.424165159463882446e-01
2.913541495800018311e-01
2.546891272068023682e-01
-4.224264994263648987e-03
1.103298142552375793e-01
2.572605013847351074e-01
-3.172217309474945068e-02
1.346712280064821243e-02
7.518426515161991119e-03
1.524927169084548950e-01
-7.116805016994476318e-02
1.782930046319961548e-01
-2.872821390628814697e-01
2.559103071689605713e-01
-2.077313959598541260e-01
3.077409267425537109e-01
3.619894757866859436e-02
5.467009916901588440e-02
2.125955671072006226e-01
-3.395076394081115723e-01
3.305083140730857849e-02
-1.297108530998229980e-01
-1.521473675966262817e-01
-2.741590142250061035e-01
8.370631188154220581e-02
5.292343348264694214e-02
2.050267457962036133e-01
-9.422704577445983887e-02
-4.457026720046997070e-02
2.731893062591552734e-01
7.559026032686233521e-02
6.216179952025413513e-02
1.945189200341701508e-02
-2.876386977732181549e-03
5.823998898267745972e-02
2.136296033859252930e-01
-9.540925174951553345e-02
3.281690776348114014e-01
