-2.268859930336475372e-02
-9.678433835506439209e-02
-5.130753293633460999e-02
-7.881212979555130005e-02
1.197365950793027878e-02
-5.299173668026924133e-02
3.366780281066894531e-02
1.477389037609100342e-01
-1.254287064075469971e-01
-6.152016576379537582e-03
-6.180144473910331726e-02
1.268169879913330078e-01
-3.431592136621475220e-02
9.125714004039764404e-02
-2.159101665019989014e-01
-1.038986891508102417e-01
-1.758961677551269531e-01
8.895297348499298096e-02
-2.270362973213195801e-01
-5.882874503731727600e-02
9.766259044408798218e-02
-1.261857710778713226e-02
7.197041064500808716e-02
2.155095636844635010e-01
4.498865827918052673e-02
1.528306212276220322e-02
2.100557982921600342e-01
1.990512907505035400e-01
2.798125445842742920e-01
4.475546535104513168e-03
3.480962812900543213e-01
-1.164203211665153503e-01
-8.892082422971725464e-02
9.349567443132400513e-02
8.077868074178695679e-02
1.288954615592956543e-01
-1.672550290822982788e-01
-1.631145775318145752e-01
7.934181950986385345e-03
-1.162767857313156128e-01
8.480012416839599609e-02
1.724607199430465698e-01
3.349384963512420654e-01
-9.825385361909866333e-02
-2.001686990261077881e-01
-2.443288117647171021e-01
-1.601479947566986084e-01
9.240248054265975952e-02
-1.117557287216186523e-01
4.250488057732582092e-02
-8.453582972288131714e-02
-1.466540545225143433e-01
8.871056139469146729e-02
-5.275862291455268860e-02
8.403360098600387573e-02
4.671448096632957458e-02
3.158347681164741516e-02
-5.171225219964981079e-02
-5.450624600052833557e-02
-1.168225482106208801e-01
7.563217729330062866e-02
-2.277360558509826660e-01
4.145133495330810547e-02
1.762217730283737183e-01
8.099438250064849854e-02
