-1.076466739177703857e-01
-1.214069202542304993e-01
-1.114358827471733093e-01
-3.370056301355361938e-02
1.324068009853363037e-01
-9.327898919582366943e-02
-2.320225089788436890e-01
8.767198026180267334e-02
4.481744393706321716e-02
-7.727027684450149536e-02
-2.858192622661590576e-01
1.971334666013717651e-01
2.294376343488693237e-01
2.023529112339019775e-01
1.876892298460006714e-01
3.225389868021011353e-02
2.924979925155639648e-01
2.020454257726669312e-01
1.212470699101686478e-02
1.845517009496688843e-01
1.011025235056877136e-01
1.980420574545860291e-02
6.848189234733581543e-02
4.202868342399597168e-01
8.483044803142547607e-02
8.451039344072341919e-02
-1.625947058200836182e-01
3.009397983551025391e-01
3.308331668376922607e-01
-8.607000112533569336e-03
1.832745596766471863e-02
-1.665255576372146606e-01
1.858799010515213013e-01
