-1.157751008868217468e-01
3.148933351039886475e-01
3.763100830838084221e-04
1.098114550113677979e-01
-9.263552725315093994e-02
4.489350691437721252e-02
-1.131681129336357117e-01
-8.894753456115722656e-02
-4.328708350658416748e-02
-9.556283056735992432e-02
-1.082701236009597778e-01
-1.798493266105651855e-01
-2.449888586997985840e-01
-2.515913844108581543e-01
7.985876500606536865e-02
8.755062520503997803e-02
3.669134378433227539e-01
-3.052747063338756561e-02
-5.934433080255985260e-03
3.042609803378582001e-02
4.190637916326522827e-02
2.929315529763698578e-02
2.416107244789600372e-02
1.148391235619783401e-02
-3.211606666445732117e-02
-8.202531188726425171e-02
-1.020411849021911621e-01
-1.385458558797836304e-01
-5.028304457664489746e-02
-5.703403800725936890e-02
-7.829806208610534668e-02
-5.358466133475303650e-02
-5.438882112503051758e-02
