-7.086692750453948975e-02
-1.007471084594726562e-01
-1.303366124629974365e-01
-1.346959471702575684e-01
-7.203470170497894287e-02
-4.714519716799259186e-03
-3.183205127716064453e-01
2.441371232271194458e-02
-7.750205695629119873e-02
-3.517738543450832367e-03
-1.118134558200836182e-01
5.158225446939468384e-02
-1.459803730249404907e-01
7.289212942123413086e-02
4.038248956203460693e-02
2.553545869886875153e-02
-1.153884753584861755e-01
-9.080094844102859497e-02
-1.012167800217866898e-02
1.000968441367149353e-01
-6.725270301103591919e-02
1.377916242927312851e-02
-3.013468086719512939e-01
-4.835372045636177063e-02
2.477059140801429749e-02
-2.042449563741683960e-01
-3.706461563706398010e-02
-1.749571412801742554e-01
-3.917736560106277466e-02
-3.092075884342193604e-02
-5.029392987489700317e-02
1.210784688591957092e-01
-1.382220387458801270e-01
-4.434974119067192078e-02
-3.463547676801681519e-02
2.209852449595928192e-02
2.657074332237243652e-01
2.583800852298736572e-01
9.771474450826644897e-02
1.254922151565551758e-01
2.702665925025939941e-01
1.737742722034454346e-01
1.123529374599456787e-01
9.747333824634552002e-02
1.550851166248321533e-01
-2.060550153255462646e-01
1.164105981588363647e-01
-1.224566549062728882e-01
5.719968676567077637e-02
-3.266820311546325684e-02
-7.647924870252609253e-02
-2.235902249813079834e-01
1.408987492322921753e-02
-2.236654795706272125e-02
4.589501768350601196e-02
1.397172641009092331e-02
1.429327763617038727e-02
-6.870568543672561646e-02
-1.523829996585845947e-01
1.969439536333084106e-01
5.088361445814371109e-03
1.831627935171127319e-01
1.160126775503158569e-01
3.323242813348770142e-02
3.807788342237472534e-02
