-3.275877609848976135e-02
3.186619654297828674e-02
-2.127587795257568359e-01
1.635809242725372314e-01
1.242672875523567200e-01
-4.537499696016311646e-02
-1.267467886209487915e-01
3.006082400679588318e-02
-3.042024970054626465e-01
-1.319922357797622681e-01
-5.116264894604682922e-02
-1.272065937519073486e-02
1.354815214872360229e-01
2.605726569890975952e-02
-7.384649943560361862e-03
-3.118596673011779785e-01
-4.723889008164405823e-02
-2.263645082712173462e-01
-1.039793491363525391e-01
-1.516413390636444092e-01
2.882506549358367920e-01
2.404921688139438629e-02
4.016065895557403564e-01
-2.278984040021896362e-01
1.391003578901290894e-01
-1.370262652635574341e-01
-1.078866273164749146e-01
-6.486542406491935253e-04
-3.403202816843986511e-02
1.493528764694929123e-02
3.667730987071990967e-01
1.047029942274093628e-01
1.426308155059814453e-01
