-1.891935020685195923e-01
2.397132366895675659e-01
-5.548751726746559143e-02
1.142564117908477783e-01
-1.159429177641868591e-01
3.521227836608886719e-02
-1.995679140090942383e-01
-1.170296370983123779e-01
8.491161465644836426e-02
-1.103226691484451294e-01
1.219305172562599182e-01
5.895107612013816833e-02
-9.057129919528961182e-02
-1.093717068433761597e-01
1.173421144485473633e-01
5.581783130764961243e-02
2.691387534141540527e-01
-1.656352281570434570e-01
3.120808396488428116e-03
2.001642584800720215e-01
-3.757648542523384094e-02
-1.282748579978942871e-01
-1.445631589740514755e-02
1.136881336569786072e-01
-1.389531791210174561e-01
-2.177838981151580811e-01
2.287204936146736145e-02
-2.128045707941055298e-01
-1.316506266593933105e-01
-1.324796229600906372e-01
-3.776319921016693115e-01
-9.002504497766494751e-02
1.383520215749740601e-01
-1.519875079393386841e-01
-1.767158508300781250e-01
5.933392327278852463e-03
1.521524488925933838e-01
-8.703286759555339813e-03
-2.422250360250473022e-01
-6.042519584298133850e-03
8.640802651643753052e-02
-1.368961334228515625e-01
-8.800631761550903320e-02
-1.521385312080383301e-01
-1.333925221115350723e-02
-5.010687932372093201e-02
-1.784869283437728882e-02
-3.187302500009536743e-04
1.199004426598548889e-01
3.374562039971351624e-02
-7.894937694072723389e-02
3.066038899123668671e-02
-8.360189944505691528e-02
2.096298336982727051e-02
2.597917318344116211e-01
-2.663800865411758423e-02
2.962812781333923340e-02
-3.753279149532318115e-02
5.664991587400436401e-02
1.311490833759307861e-01
-1.830130629241466522e-02
-9.242935478687286377e-02
4.918011277914047241e-02
-2.123372443020343781e-02
4.892181232571601868e-02
