7.604169100522994995e-02
1.234368011355400085e-01
-1.511688232421875000e-01
6.174236163496971130e-02
-1.965343579649925232e-02
1.541570127010345459e-01
7.142225652933120728e-02
2.613101154565811157e-02
-4.444772750139236450e-02
1.731840334832668304e-02
-1.061736047267913818e-02
-3.786765411496162415e-02
-2.463233098387718201e-02
-1.053394153714179993e-01
-4.292397573590278625e-02
9.930602274835109711e-03
2.555482275784015656e-02
-2.444518916308879852e-02
-1.540757715702056885e-02
-3.665424138307571411e-02
-3.507143259048461914e-02
-2.526790089905261993e-02
-4.743801057338714600e-02
-6.445734947919845581e-02
-8.148077130317687988e-02
-4.330558329820632935e-02
-7.215056568384170532e-02
-6.314110755920410156e-02
-4.666551575064659119e-02
-6.532522290945053101e-02
7.608815282583236694e-02
-4.803886637091636658e-02
1.219236776232719421e-01
1.455037891864776611e-01
1.179426312446594238e-01
9.192670695483684540e-03
2.911875024437904358e-03
1.003330200910568237e-01
5.610021576285362244e-02
2.820656076073646545e-02
4.135367646813392639e-02
1.459838636219501495e-02
4.141370952129364014e-02
1.591357029974460602e-02
5.154167860746383667e-02
8.429071307182312012e-02
8.095045387744903564e-02
7.475522160530090332e-02
5.651575326919555664e-02
2.540962211787700653e-02
1.208061575889587402e-01
-5.995765700936317444e-02
4.685298353433609009e-02
7.217914611101150513e-02
2.727936580777168274e-02
9.171255677938461304e-02
-6.031771004199981689e-02
3.219440579414367676e-02
-8.007759600877761841e-02
1.362724453210830688e-01
-1.311454474925994873e-01
4.826428741216659546e-02
-4.333160445094108582e-02
-2.477640286087989807e-02
9.524606168270111084e-02
