-9.546153992414474487e-02
-1.068582534790039062e-01
-1.424468494951725006e-02
-7.917673140764236450e-02
2.182447910308837891e-01
1.653180569410324097e-01
5.357837677001953125e-02
2.876258082687854767e-02
-6.419396027922630310e-03
-1.255254149436950684e-01
7.863142341375350952e-02
5.471387133002281189e-02
-5.260962247848510742e-02
-1.045043021440505981e-01
-1.659950986504554749e-02
-4.278198629617691040e-02
-4.847583360970020294e-03
-3.831667080521583557e-02
-4.854963347315788269e-02
-3.923468664288520813e-02
-4.527363181114196777e-02
-3.833844512701034546e-02
-4.146530479192733765e-02
-4.814927279949188232e-02
-5.044931173324584961e-02
-5.804451182484626770e-02
-3.822251409292221069e-02
-8.255320601165294647e-03
4.941609129309654236e-02
-1.562714390456676483e-02
-3.730558976531028748e-02
-4.048710316419601440e-02
-6.170370802283287048e-02
-4.519196599721908569e-02
3.641051426529884338e-02
-2.231477200984954834e-02
-2.584725059568881989e-02
-3.973754122853279114e-02
-1.715239509940147400e-02
-7.454175967723131180e-03
1.418201485648751259e-03
5.151437129825353622e-03
1.548147015273571014e-02
2.040993236005306244e-02
1.711224392056465149e-02
1.414208114147186279e-02
8.683631196618080139e-03
1.934242993593215942e-02
2.661070227622985840e-02
-3.280900884419679642e-03
2.066048979759216309e-02
-9.443514049053192139e-03
-1.312492694705724716e-02
-3.189224749803543091e-02
-3.459354490041732788e-02
-2.730771899223327637e-02
-2.900296449661254883e-02
5.486862361431121826e-02
3.450817465782165527e-01
-1.781629323959350586e-01
1.242465339601039886e-02
2.141059041023254395e-01
2.061415463685989380e-01
4.244632273912429810e-02
3.937490656971931458e-02
