-2.493775635957717896e-01
1.548711955547332764e-01
3.781788423657417297e-02
1.193619817495346069e-01
2.296411097049713135e-01
7.230758666992187500e-02
9.618583321571350098e-02
4.606067016720771790e-02
-4.523220285773277283e-02
-2.127862349152565002e-02
7.831732183694839478e-02
-2.583125978708267212e-02
-2.460246980190277100e-01
1.083822026848793030e-01
-1.640100032091140747e-01
3.817008063197135925e-02
-1.078106611967086792e-01
1.075209453701972961e-01
8.390097320079803467e-02
1.252482682466506958e-01
3.658841550350189209e-02
9.661666303873062134e-02
9.390990436077117920e-02
4.334191605448722839e-02
3.881968557834625244e-02
1.908164620399475098e-01
6.414145976305007935e-02
4.810481891036033630e-02
1.164609417319297791e-01
-2.058134377002716064e-01
-1.326377242803573608e-01
4.367778897285461426e-01
9.318496286869049072e-02
