3.699414059519767761e-02
-2.958583533763885498e-01
1.757002174854278564e-01
-2.882759831845760345e-02
9.545050561428070068e-03
1.116928830742835999e-02
5.518730357289314270e-02
6.149769946932792664e-02
2.603950798511505127e-01
5.387862678617238998e-03
3.716388940811157227e-01
-2.042066156864166260e-01
-5.858238413929939270e-02
4.104500636458396912e-02
2.002735137939453125e-01
1.970079541206359863e-01
-5.020600557327270508e-02
-1.096445228904485703e-02
-1.988664269447326660e-01
1.132660955190658569e-01
-1.632401049137115479e-01
1.080942712724208832e-02
-4.547417908906936646e-02
1.381126642227172852e-01
9.094985574483871460e-02
3.613092005252838135e-01
-4.909371435642242432e-01
-1.282820999622344971e-01
9.735785424709320068e-02
1.220489963889122009e-01
-1.008633598685264587e-01
1.952385902404785156e-02
1.232993528246879578e-01
