3.728601634502410889e-01
1.403302550315856934e-01
5.749551579356193542e-02
-2.033283859491348267e-01
-3.044484257698059082e-01
4.291400909423828125e-01
-4.722147062420845032e-02
1.392954736948013306e-01
-1.826795749366283417e-02
1.756049543619155884e-01
-1.252216696739196777e-01
1.825219690799713135e-01
-4.054052755236625671e-02
-2.991510927677154541e-02
2.452071942389011383e-02
-2.824347615242004395e-01
-3.384118080139160156e-01
9.191671758890151978e-02
1.686853915452957153e-01
-2.248146682977676392e-01
-4.090412519872188568e-03
-1.843608766794204712e-01
-1.351480931043624878e-01
-1.453227177262306213e-02
2.175364941358566284e-01
-3.989731892943382263e-02
2.738355994224548340e-01
-2.414819002151489258e-01
-1.442566327750682831e-02
2.875182963907718658e-02
1.230273544788360596e-01
-1.345166862010955811e-01
-5.762497428804636002e-03
