-1.882564574480056763e-01
-3.284231945872306824e-02
-4.395030438899993896e-02
-2.144535034894943237e-01
1.062329187989234924e-01
-6.767484545707702637e-02
8.620045334100723267e-02
-5.248449277132749557e-03
5.949919670820236206e-02
2.883046120405197144e-02
-5.157220177352428436e-03
2.140676602721214294e-02
4.859026055783033371e-03
1.542491465806961060e-01
1.611099541187286377e-01
3.421134352684020996e-01
-9.738828241825103760e-02
3.314128518104553223e-02
2.724958211183547974e-02
4.672723263502120972e-02
1.344129294157028198e-01
1.342926323413848877e-01
7.088309526443481445e-02
1.130969524383544922e-01
1.430599689483642578e-01
4.452623799443244934e-02
8.252408355474472046e-02
-2.985819987952709198e-02
6.811603158712387085e-02
7.380041293799877167e-03
-4.792211949825286865e-02
3.058427199721336365e-02
3.163478374481201172e-01
