9.596314281225204468e-02
3.293830454349517822e-01
1.857616156339645386e-01
8.265992999076843262e-02
1.277270466089248657e-01
9.919908642768859863e-02
9.829082340002059937e-02
4.079752266407012939e-01
2.914421558380126953e-01
2.290668934583663940e-01
-1.458646357059478760e-02
1.969673633575439453e-01
1.553388386964797974e-01
1.145127564668655396e-01
3.963226974010467529e-01
2.657714188098907471e-01
8.675352483987808228e-02
3.004288375377655029e-01
-1.346534043550491333e-01
1.695550531148910522e-01
-1.602085232734680176e-01
-1.456916183233261108e-01
1.442932784557342529e-01
-2.029665410518646240e-01
-2.987996041774749756e-01
-3.959767818450927734e-01
-1.964965313673019409e-01
-4.968610405921936035e-02
3.288812637329101562e-01
-1.702229976654052734e-01
1.587553620338439941e-01
1.130025312304496765e-01
-3.544579148292541504e-01
