3.315135091543197632e-02
1.040742546319961548e-01
1.150910332798957825e-01
6.171844527125358582e-02
-1.910219639539718628e-01
-1.157203018665313721e-01
2.407760545611381531e-02
-1.565296575427055359e-02
1.524331718683242798e-01
2.202100157737731934e-01
-3.087116777896881104e-02
1.559070944786071777e-01
-1.846133172512054443e-01
-2.322601899504661560e-02
-2.488174848258495331e-02
3.153076469898223877e-01
-7.929393649101257324e-02
8.571119606494903564e-02
-6.335609406232833862e-02
-6.297215819358825684e-02
-1.200777664780616760e-01
-1.301726996898651123e-01
-9.166959673166275024e-02
-1.371447443962097168e-01
1.721601933240890503e-02
2.291778475046157837e-01
2.647005766630172729e-02
-9.434134513139724731e-02
-9.941883385181427002e-02
-1.130307186394929886e-02
-8.366969972848892212e-02
1.393930464982986450e-01
1.238374859094619751e-01
