-1.574503928422927856e-01
-2.972764968872070312e-01
-3.206091746687889099e-02
7.709863781929016113e-02
4.260487481951713562e-02
-1.444933377206325531e-02
-3.180762827396392822e-01
-2.031739503145217896e-01
-1.374530643224716187e-01
-2.503815591335296631e-01
1.290347725152969360e-01
-1.442533582448959351e-01
-3.303728252649307251e-02
-1.613585501909255981e-01
7.853759080171585083e-02
1.127295866608619690e-01
5.542968213558197021e-02
-9.264719486236572266e-02
-2.452476471662521362e-01
-1.251061707735061646e-01
-3.238702891394495964e-03
3.195716533809900284e-03
1.132382377982139587e-01
-2.417239397764205933e-01
8.130633085966110229e-02
1.420700252056121826e-01
-8.889741450548171997e-02
9.160850942134857178e-02
2.279978990554809570e-01
-1.894288659095764160e-01
8.730678260326385498e-02
1.137667596340179443e-01
4.776574671268463135e-02
