-1.286157369613647461e-01
1.659136861562728882e-01
6.976614147424697876e-02
5.702370777726173401e-02
7.916208356618881226e-02
3.917743265628814697e-02
8.051031827926635742e-02
3.021698892116546631e-01
-1.730434000492095947e-01
2.275267243385314941e-01
-2.354197204113006592e-01
-1.635747998952865601e-01
-1.947500109672546387e-01
-3.125777840614318848e-02
-1.397214829921722412e-01
-3.062880039215087891e-01
-4.140789806842803955e-01
-6.487926840782165527e-02
1.405640095472335815e-01
-2.122124470770359039e-02
-1.894017681479454041e-02
-4.641174972057342529e-01
1.049171015620231628e-01
-1.605733335018157959e-01
-2.616523504257202148e-01
-4.672316834330558777e-02
-4.012313783168792725e-01
3.897183761000633240e-02
-3.080527186393737793e-01
1.837652623653411865e-01
-2.726005613803863525e-01
2.180018573999404907e-01
1.501875221729278564e-01
