-6.332625448703765869e-02
7.439324259757995605e-02
1.813049316406250000e-01
-1.470383107662200928e-01
2.074994593858718872e-01
-6.239565461874008179e-02
4.379383847117424011e-02
1.468650847673416138e-01
-1.058802604675292969e-01
1.522206664085388184e-01
-1.196716278791427612e-01
1.463915556669235229e-01
1.839215308427810669e-01
-2.675046399235725403e-02
-8.623728156089782715e-02
-5.727515369653701782e-02
-2.278271615505218506e-01
-1.830699443817138672e-01
-1.065538227558135986e-01
-6.536177545785903931e-02
9.169926866888999939e-03
-3.284289315342903137e-02
-7.045719772577285767e-02
-2.238749861717224121e-01
-3.180530071258544922e-01
-8.723061531782150269e-02
5.556583404541015625e-02
-3.104433715343475342e-01
1.329966932535171509e-01
-1.108283028006553650e-01
-8.228451758623123169e-02
1.068150326609611511e-01
-7.510911673307418823e-02
1.883062124252319336e-01
1.164440214633941650e-01
2.021521478891372681e-01
8.821409940719604492e-02
3.578037917613983154e-01
-1.059796586632728577e-01
1.092198267579078674e-01
1.865851134061813354e-01
1.443833261728286743e-01
1.022861991077661514e-02
2.210596948862075806e-02
-3.332168236374855042e-02
-8.965070545673370361e-02
-1.224098578095436096e-01
1.105559244751930237e-01
8.083981275558471680e-02
-4.396737366914749146e-02
1.612291187047958374e-01
-1.966861262917518616e-02
7.078261673450469971e-02
-2.120376937091350555e-02
1.036108434200286865e-01
1.241277065128087997e-02
5.102356523275375366e-02
2.696427516639232635e-02
9.279242716729640961e-03
-5.865168198943138123e-02
9.877450764179229736e-02
-9.456530213356018066e-03
3.583188634365797043e-03
5.152635648846626282e-02
2.451807558536529541e-01
