-8.000189810991287231e-02
-2.235437035560607910e-01
2.827763855457305908e-01
9.806584566831588745e-03
-1.046359911561012268e-01
2.352143973112106323e-01
-2.180453389883041382e-03
1.089856773614883423e-01
-5.279233679175376892e-02
-8.702966570854187012e-02
-6.004595011472702026e-02
-1.011851653456687927e-01
-1.139349415898323059e-01
-2.488991022109985352e-01
8.979300409555435181e-02
2.610557973384857178e-01
-1.042993739247322083e-01
2.634357474744319916e-02
1.421930268406867981e-02
-6.898362189531326294e-02
-1.288440674543380737e-01
-1.875390708446502686e-01
-1.570576578378677368e-01
-1.763004660606384277e-01
-1.734351068735122681e-01
-2.135581709444522858e-02
4.291404411196708679e-02
1.663076430559158325e-01
1.284061372280120850e-01
-1.370016187429428101e-01
-1.602658629417419434e-01
-3.082111105322837830e-02
-1.936338990926742554e-01
