1.247031539678573608e-01
2.305561602115631104e-01
-1.275088638067245483e-01
-1.171413995325565338e-02
1.458308077417314053e-03
2.890054285526275635e-01
1.580100655555725098e-01
7.746601104736328125e-02
1.408553123474121094e-01
1.396690011024475098e-01
1.437838226556777954e-01
2.194700241088867188e-01
2.067293226718902588e-02
3.723321855068206787e-02
3.301900327205657959e-01
8.235888928174972534e-02
-2.973666042089462280e-02
-7.638859003782272339e-02
-2.109248787164688110e-01
1.384544968605041504e-01
1.654440611600875854e-01
1.574528664350509644e-01
9.502284228801727295e-03
-3.723435103893280029e-02
-9.402076900005340576e-02
-6.642824411392211914e-02
1.320442929863929749e-02
1.051303595304489136e-01
1.014415249228477478e-01
5.702892690896987915e-02
-2.931131422519683838e-01
-2.796409279108047485e-02
-9.166060388088226318e-02
-1.078161746263504028e-01
-2.191821187734603882e-01
-3.375547826290130615e-01
-2.201101034879684448e-01
-7.546608895063400269e-02
-6.674443930387496948e-02
-5.485655367374420166e-02
5.082970112562179565e-02
-2.107924520969390869e-01
2.663805484771728516e-01
1.942151039838790894e-02
8.038719184696674347e-03
1.773205846548080444e-01
6.987463682889938354e-02
-1.138973906636238098e-01
5.332256853580474854e-02
-1.457343399524688721e-01
1.081500425934791565e-01
-1.141509935259819031e-01
-1.362533569335937500e-01
7.108186185359954834e-02
-2.036564797163009644e-01
7.429100223816931248e-04
2.160947471857070923e-01
2.420534640550613403e-01
1.199068725109100342e-01
-1.441343128681182861e-01
-5.212514847517013550e-02
1.600714176893234253e-01
1.324394941329956055e-01
-1.452672854065895081e-02
-6.283463537693023682e-02
