1.325162500143051147e-01
-1.970109343528747559e-01
-1.132595818489789963e-02
-1.717534847557544708e-02
-1.669099181890487671e-01
1.942376345396041870e-01
-8.019394427537918091e-02
-1.194982826709747314e-01
-1.164061203598976135e-01
-1.657671779394149780e-01
1.451547294855117798e-01
1.627352982759475708e-01
-9.913036972284317017e-02
2.773461937904357910e-01
4.930621385574340820e-02
4.445486888289451599e-02
1.121649816632270813e-01
-1.087760925292968750e-01
1.658035218715667725e-01
3.739617168903350830e-01
2.429860979318618774e-01
1.435686498880386353e-01
1.515683978796005249e-01
9.411124885082244873e-02
2.052303552627563477e-01
-7.425762247294187546e-03
-3.710458427667617798e-02
-6.221221014857292175e-02
-4.849063605070114136e-02
4.890606738626956940e-03
1.096377447247505188e-01
-1.504359580576419830e-02
2.531881630420684814e-02
