-7.520726323127746582e-02
-9.363440424203872681e-02
-1.981014907360076904e-01
7.113687694072723389e-02
1.402972340583801270e-01
3.449447080492973328e-02
8.873077481985092163e-02
2.705627679824829102e-01
-2.790615893900394440e-02
-4.537311941385269165e-02
-8.754814416170120239e-02
2.614548057317733765e-02
1.668068617582321167e-01
2.789402753114700317e-02
-4.927573725581169128e-02
5.277799814939498901e-02
1.262516975402832031e-01
5.858811736106872559e-02
6.596846971660852432e-03
3.988501429557800293e-02
3.661709278821945190e-02
1.764667592942714691e-02
4.641008377075195312e-02
5.063212662935256958e-02
4.705755785107612610e-02
7.631213963031768799e-02
1.969308778643608093e-02
9.443012624979019165e-02
-1.310937553644180298e-01
8.345050364732742310e-02
-2.252859435975551605e-02
-5.267101898789405823e-02
-9.500131011009216309e-03
-1.212456375360488892e-01
-8.558202534914016724e-02
-4.525754600763320923e-02
-1.257075220346450806e-01
1.265568435192108154e-01
-6.377553939819335938e-02
3.203629702329635620e-02
4.974540695548057556e-02
-4.956636112183332443e-03
4.580121114850044250e-02
-1.411656616255640984e-03
-6.517134141176939011e-03
-1.552852801978588104e-02
-3.301105275750160217e-02
1.096998155117034912e-02
1.515382155776023865e-02
-5.412980099208652973e-04
-9.401429444551467896e-02
4.928245022892951965e-02
1.454881876707077026e-01
-2.315276712179183960e-01
-1.274411845952272415e-02
-1.039009839296340942e-01
5.103774741291999817e-02
2.139442833140492439e-03
-1.176793053746223450e-01
4.164483025670051575e-02
4.256301000714302063e-02
-7.868012762628495693e-04
1.148989275097846985e-01
-1.447371691465377808e-01
-1.817389875650405884e-01
