8.608051389455795288e-02
-3.240200281143188477e-01
-2.929644286632537842e-01
6.483055651187896729e-02
1.836175024509429932e-01
3.702209098264575005e-03
-4.101673886179924011e-02
-1.118229553103446960e-01
7.869815826416015625e-02
1.313177049160003662e-01
-1.029373146593570709e-03
1.286512315273284912e-01
2.384674251079559326e-01
3.395392298698425293e-01
2.528167068958282471e-01
1.070313900709152222e-01
-5.148033052682876587e-02
1.112974658608436584e-01
-6.161158904433250427e-02
-2.558021843433380127e-01
8.553461730480194092e-02
5.651228129863739014e-02
1.841776371002197266e-01
-7.997222244739532471e-02
-1.662841881625354290e-03
1.031070426106452942e-01
-7.621430605649948120e-02
1.690935045480728149e-01
2.064667195081710815e-01
-1.809191517531871796e-02
9.507915377616882324e-02
1.793350875377655029e-01
-1.164469495415687561e-01
