-1.384362727403640747e-01
-2.021845057606697083e-02
-2.770852111279964447e-02
-1.760209649801254272e-01
9.552799165248870850e-02
-7.812795042991638184e-02
8.641938120126724243e-02
-2.474428527057170868e-02
7.039649039506912231e-02
2.721946500241756439e-02
-5.541517585515975952e-02
3.251772746443748474e-02
-4.049981385469436646e-02
1.415082514286041260e-01
1.101345270872116089e-01
2.386410981416702271e-01
-7.880877703428268433e-02
1.078501641750335693e-01
-6.712540052831172943e-03
-5.584776401519775391e-02
9.192962944507598877e-02
-3.426712751388549805e-02
-4.683414101600646973e-02
2.052991278469562531e-02
-1.705105751752853394e-01
-1.451439857482910156e-01
-1.653896719217300415e-01
-4.174689576029777527e-02
-3.312372416257858276e-02
1.834988445043563843e-01
-8.186510950326919556e-02
6.607130169868469238e-02
1.500176042318344116e-01
1.153012737631797791e-01
1.015866249799728394e-01
6.375242769718170166e-02
2.229799032211303711e-01
2.627297937870025635e-01
4.763874411582946777e-02
1.325023323297500610e-01
-5.313350819051265717e-03
3.792170435190200806e-02
8.059448003768920898e-02
-3.891864418983459473e-02
5.180788412690162659e-02
-4.525303957052528858e-04
-4.026413336396217346e-02
1.717652939260005951e-02
-5.383315309882164001e-02
-8.960337191820144653e-02
2.697964571416378021e-02
-2.832609042525291443e-02
6.407441198825836182e-02
-4.965666681528091431e-02
2.987584769725799561e-01
-1.313186832703649998e-03
-6.666211783885955811e-02
-8.941426128149032593e-02
-1.037542968988418579e-01
5.679768696427345276e-02
1.173442676663398743e-01
-2.410577423870563507e-02
-1.474542766809463501e-01
-1.260099560022354126e-01
2.483097314834594727e-01
