-5.514703691005706787e-02
2.084274403750896454e-02
5.912277474999427795e-02
7.663694769144058228e-02
-1.881616711616516113e-01
-1.552056968212127686e-01
-1.979891769587993622e-02
1.369448006153106689e-01
-4.136529192328453064e-02
-1.047439500689506531e-01
2.083120495080947876e-01
-2.285549193620681763e-01
1.022994238883256912e-02
4.256501048803329468e-02
-4.731469601392745972e-02
-2.540983445942401886e-02
-2.716948464512825012e-02
-2.809311822056770325e-02
-3.261073678731918335e-02
-3.095295839011669159e-02
-3.842492029070854187e-02
-3.792134299874305725e-02
-3.936388716101646423e-02
-4.319488257169723511e-02
-4.965503141283988953e-02
-5.097660422325134277e-02
-5.922035500407218933e-02
-6.633239239454269409e-02
-8.858475089073181152e-02
-3.180569410324096680e-02
7.859101891517639160e-02
5.324073601514101028e-03
1.103845834732055664e-01
-8.542380481958389282e-02
-1.074434891343116760e-01
9.903158247470855713e-02
6.686960160732269287e-02
5.539378151297569275e-02
5.138193070888519287e-02
5.656989291310310364e-02
3.916734829545021057e-02
3.371131047606468201e-02
2.552094310522079468e-02
9.218697994947433472e-02
3.027409687638282776e-02
3.181064128875732422e-02
2.255336008965969086e-02
1.215247716754674911e-02
1.428236719220876694e-02
1.298623066395521164e-02
1.495376788079738617e-02
2.321280911564826965e-02
4.074945300817489624e-02
1.477138046175241470e-02
1.603624038398265839e-02
2.342280000448226929e-01
9.562705457210540771e-02
2.269068732857704163e-02
1.853024400770664215e-02
1.036967709660530090e-01
4.911853000521659851e-02
-3.736258670687675476e-02
6.542132794857025146e-02
-8.283620700240135193e-03
2.243200093507766724e-01
