1.611896604299545288e-01
-2.356037050485610962e-01
-6.165378261357545853e-03
1.490909606218338013e-03
1.486362069845199585e-01
2.715356647968292236e-02
9.375203400850296021e-02
1.342173665761947632e-01
8.592297136783599854e-02
-8.061373233795166016e-02
1.643493771553039551e-02
-3.444043174386024475e-02
-4.484144970774650574e-02
-7.868571579456329346e-02
2.826096490025520325e-02
1.579052209854125977e-02
4.623066633939743042e-02
4.424015432596206665e-02
3.620104864239692688e-02
3.990829735994338989e-02
2.961266413331031799e-02
1.835258677601814270e-02
2.057063765823841095e-02
1.483762729912996292e-02
5.068196915090084076e-03
4.503848496824502945e-03
7.475079037249088287e-03
-3.680826723575592041e-02
-3.103934694081544876e-03
-1.363085117191076279e-02
6.337098032236099243e-02
-8.770933002233505249e-02
2.754863798618316650e-01
1.086111813783645630e-01
-9.890591353178024292e-02
6.151410192251205444e-02
-5.787414312362670898e-02
-9.744393080472946167e-02
-1.016260087490081787e-01
-8.845636248588562012e-02
-8.447599411010742188e-02
-7.568520307540893555e-02
-7.173787057399749756e-02
-7.413198798894882202e-02
-6.146318838000297546e-02
-3.574726358056068420e-02
-2.909926697611808777e-02
-1.900980621576309204e-02
-3.952340409159660339e-02
-1.050291024148464203e-02
-4.916561394929885864e-02
-4.524302482604980469e-02
-5.172371119260787964e-02
-1.185601726174354553e-01
1.011451780796051025e-01
4.941624030470848083e-02
1.576577574014663696e-01
-1.779950708150863647e-01
-1.098291715607047081e-03
-4.807377979159355164e-02
1.125345528125762939e-01
3.349471092224121094e-02
1.587031930685043335e-01
2.595705911517143250e-02
2.892855368554592133e-02
