-2.257047407329082489e-02
-9.621211886405944824e-02
-5.101924389600753784e-02
-7.839670777320861816e-02
1.178747788071632385e-02
-5.285613238811492920e-02
3.317547589540481567e-02
1.464610546827316284e-01
-1.251151710748672485e-01
-6.607898510992527008e-03
-6.194538995623588562e-02
1.255684792995452881e-01
-3.447286039590835571e-02
9.058644622564315796e-02
-2.144231200218200684e-01
-1.029171794652938843e-01
-1.744566261768341064e-01
8.888879418373107910e-02
-2.247721254825592041e-01
-5.704058334231376648e-02
9.896284341812133789e-02
-1.003262214362621307e-02
7.490457594394683838e-02
2.191510349512100220e-01
5.236518010497093201e-02
2.612636610865592957e-02
2.224318832159042358e-01
2.131140530109405518e-01
2.940564751625061035e-01
1.969849132001399994e-02
3.593180477619171143e-01
-1.050815135240554810e-01
-8.275461941957473755e-02
9.125490486621856689e-02
7.322300970554351807e-02
1.196267902851104736e-01
-1.743434071540832520e-01
-1.694982498884201050e-01
8.230405510403215885e-04
-1.237901896238327026e-01
7.456076145172119141e-02
1.616353839635848999e-01
3.248920142650604248e-01
-1.032123938202857971e-01
-2.026850432157516479e-01
-2.456343472003936768e-01
-1.615197509527206421e-01
8.990982174873352051e-02
-1.125442758202552795e-01
4.127100482583045959e-02
-8.458022028207778931e-02
-1.460139304399490356e-01
8.816364407539367676e-02
-5.230689048767089844e-02
8.366370201110839844e-02
4.649079591035842896e-02
3.137617930769920349e-02
-5.142545700073242188e-02
-5.420897901058197021e-02
-1.161942034959793091e-01
7.506062090396881104e-02
-2.264929562807083130e-01
4.102411493659019470e-02
1.749453842639923096e-01
8.029430359601974487e-02
