-7.416208088397979736e-02
1.765796989202499390e-01
-6.018137093633413315e-03
1.390489935874938965e-01
2.426653802394866943e-01
2.725821733474731445e-01
3.988051787018775940e-02
4.031788557767868042e-02
2.486850880086421967e-02
3.211976960301399231e-02
1.950743049383163452e-01
3.410856705158948898e-03
-1.925546210259199142e-03
-2.628649398684501648e-02
-1.687518507242202759e-02
-4.800220578908920288e-02
-2.922400459647178650e-02
-4.298640042543411255e-02
-5.198507383465766907e-02
-5.497135967016220093e-02
-6.338802725076675415e-02
-7.612457871437072754e-02
-7.857821136713027954e-02
-7.783827185630798340e-02
-6.817382574081420898e-02
-6.719908863306045532e-02
-6.625124067068099976e-02
3.987791761755943298e-02
1.578106135129928589e-01
2.038100957870483398e-01
-2.214366011321544647e-02
9.162757545709609985e-02
2.328321486711502075e-01
-6.969340890645980835e-02
-6.065838783979415894e-02
-1.072433739900588989e-01
-1.116901487112045288e-01
-1.296547353267669678e-01
-1.032452657818794250e-01
-8.084618300199508667e-02
-6.951072812080383301e-02
-5.222096666693687439e-02
-4.446952417492866516e-02
-4.101181775331497192e-02
-3.527867421507835388e-02
-3.412169590592384338e-02
-1.083453670144081116e-01
-2.719067595899105072e-02
-1.106146872043609619e-01
-1.454327702522277832e-01
-2.658759653568267822e-01
4.156286269426345825e-02
2.814325131475925446e-02
1.753789186477661133e-01
-9.520943462848663330e-02
-5.168317630887031555e-02
2.520394027233123779e-01
5.737740918993949890e-02
4.461026191711425781e-02
8.169183507561683655e-03
-3.318328037858009338e-02
2.019316330552101135e-02
1.624084562063217163e-01
-9.582296758890151978e-02
2.478586137294769287e-01
