1.077775955200195312e-01
-4.230562448501586914e-01
2.822052538394927979e-01
-1.469639539718627930e-01
-1.224114447832107544e-01
-2.909922301769256592e-01
-4.512447118759155273e-02
2.880800366401672363e-01
-1.843198388814926147e-01
-3.244360685348510742e-01
5.173573493957519531e-01
4.287609830498695374e-03
3.375379741191864014e-01
-1.026687398552894592e-01
1.237299367785453796e-01
1.390389502048492432e-01
1.112930402159690857e-01
3.481987118721008301e-01
8.779092133045196533e-02
9.479770064353942871e-02
9.182603657245635986e-02
4.767812415957450867e-02
-1.165902987122535706e-01
-7.653109729290008545e-02
-1.222802028059959412e-01
-3.742183446884155273e-01
1.133448630571365356e-01
-3.994767367839813232e-02
-1.525855660438537598e-01
-2.944609522819519043e-02
-2.132376581430435181e-01
4.395896196365356445e-02
-1.220562905073165894e-01
