-1.675414890050888062e-01
3.175190091133117676e-01
-5.373365804553031921e-02
2.053867280483245850e-01
-1.217549666762351990e-01
1.081449761986732483e-01
4.127613902091979980e-01
1.303694397211074829e-01
1.696742475032806396e-01
1.675488650798797607e-01
-2.678498625755310059e-01
4.864879697561264038e-02
-1.273133903741836548e-01
-1.297111064195632935e-01
9.722071141004562378e-02
-3.647496458142995834e-03
-2.452826499938964844e-01
1.067673340439796448e-01
-2.533723711967468262e-01
-1.025145202875137329e-01
-2.540256679058074951e-01
-3.276275992393493652e-01
1.547372788190841675e-01
-1.180413216352462769e-01
1.121429949998855591e-01
-2.355379164218902588e-01
-1.369397193193435669e-01
-2.474908903241157532e-02
2.301742136478424072e-01
2.177589200437068939e-02
-3.008640557527542114e-02
1.729265600442886353e-01
6.745153665542602539e-02
