6.007644161581993103e-02
1.401340514421463013e-01
4.555160924792289734e-02
-9.541380405426025391e-02
3.284003213047981262e-02
1.698574051260948181e-02
1.255564391613006592e-01
3.877815604209899902e-02
1.050411090254783630e-01
-8.830569684505462646e-02
3.668735548853874207e-02
-3.743196278810501099e-02
-5.416397005319595337e-02
8.612590283155441284e-02
-7.178241759538650513e-02
-9.414848685264587402e-02
1.398629276081919670e-03
1.070987954735755920e-01
-1.237469986081123352e-01
1.001893207430839539e-01
6.549502909183502197e-02
-8.476672321557998657e-02
8.365250378847122192e-02
-1.691669523715972900e-01
-1.552359014749526978e-01
-2.176398187875747681e-01
-2.710622847080230713e-01
-2.533390223979949951e-01
-3.298987448215484619e-02
9.310149401426315308e-02
1.873390525579452515e-01
1.756205111742019653e-01
2.812229469418525696e-02
2.946370840072631836e-01
3.021194972097873688e-02
2.719644606113433838e-01
1.574300378561019897e-01
4.446605220437049866e-02
2.590168733149766922e-03
-9.020114690065383911e-02
7.763386517763137817e-02
-7.710171490907669067e-02
1.098984293639659882e-02
1.831485182046890259e-01
9.488002955913543701e-02
1.710357815027236938e-01
-2.555958628654479980e-01
1.494690030813217163e-01
-1.349880099296569824e-01
-2.137157320976257324e-01
3.095621168613433838e-01
-1.635567517951130867e-03
7.740177959203720093e-02
1.945323497056961060e-02
2.559282481670379639e-01
1.462428569793701172e-01
2.679219283163547516e-02
2.106451690196990967e-01
-8.256131410598754883e-02
2.412802726030349731e-01
1.584858298301696777e-01
-3.360581025481224060e-02
-1.393634229898452759e-01
-1.106467023491859436e-01
6.659422069787979126e-02
