-6.548345834016799927e-02
-1.024133116006851196e-01
4.812526702880859375e-02
1.394165605306625366e-01
-1.926345527172088623e-01
1.556909084320068359e-02
-7.833252847194671631e-02
-1.141810510307550430e-02
-9.908186644315719604e-02
-4.657376091927289963e-03
-2.703311108052730560e-02
-6.584414839744567871e-02
-5.030071735382080078e-02
-9.896832704544067383e-02
-2.762697869911789894e-03
1.253803260624408722e-03
-4.349614027887582779e-03
-1.067044446244835854e-03
2.033723139902576804e-04
6.564867799170315266e-04
-5.696398438885807991e-04
-2.160444855690002441e-03
-3.004195168614387512e-03
-6.619770079851150513e-03
-1.180079299956560135e-02
-2.989346906542778015e-02
-5.720705166459083557e-02
-9.475032985210418701e-02
-1.142689809203147888e-01
-6.270799040794372559e-02
-1.964653469622135162e-02
-6.673808675259351730e-03
6.079828366637229919e-02
-2.263334691524505615e-01
-2.061848491430282593e-01
2.616495080292224884e-02
-4.977993667125701904e-03
1.484750024974346161e-02
-2.017279341816902161e-02
-2.972938818857073784e-03
-6.431500613689422607e-02
-1.406095772981643677e-01
-4.767115414142608643e-02
-8.360678702592849731e-02
2.755315508693456650e-03
1.679038815200328827e-02
1.391953416168689728e-02
-4.203459247946739197e-03
7.703951001167297363e-02
1.107190921902656555e-01
1.879150867462158203e-01
5.015151575207710266e-03
5.671963840723037720e-02
1.371843963861465454e-01
-7.574442028999328613e-02
-9.519635885953903198e-02
1.259444653987884521e-02
-8.239230513572692871e-02
1.405903603881597519e-02
-2.266272529959678650e-02
9.326458722352981567e-02
5.833995342254638672e-02
-5.901195108890533447e-02
6.053595244884490967e-02
1.860407143831253052e-01
