-5.787287652492523193e-02
5.038664117455482483e-02
1.301017850637435913e-01
1.270049512386322021e-01
-2.383925914764404297e-01
-1.877550482749938965e-01
-2.982237190008163452e-02
1.728480309247970581e-01
-6.144979223608970642e-02
-1.432851254940032959e-01
2.261203378438949585e-01
-3.241212069988250732e-01
1.726437546312808990e-02
1.038509458303451538e-01
-1.006064862012863159e-01
-2.012870460748672485e-02
1.126657277345657349e-01
3.127712011337280273e-02
5.856649950146675110e-02
8.712576329708099365e-02
-1.685120910406112671e-01
-1.043603271245956421e-01
1.467461138963699341e-01
-1.460313946008682251e-01
-2.409718930721282959e-02
1.623979769647121429e-02
5.055199936032295227e-02
8.731917478144168854e-03
-3.110687248408794403e-03
4.758142679929733276e-02
1.354061514139175415e-01
4.655022546648979187e-02
1.547314673662185669e-01
-5.598291754722595215e-02
-1.561191678047180176e-01
1.510791778564453125e-01
3.073542146012187004e-03
-2.224504798650741577e-01
-1.618194431066513062e-01
3.933575749397277832e-01
-5.041117593646049500e-02
1.182484477758407593e-01
-9.356704354286193848e-02
3.265821337699890137e-01
1.322253234684467316e-02
1.364442799240350723e-02
-2.101830020546913147e-02
8.722197264432907104e-02
-4.052255302667617798e-02
-8.415912277996540070e-03
9.263800829648971558e-02
1.724347323179244995e-01
2.261124402284622192e-01
3.605866432189941406e-02
-7.214926928281784058e-02
3.300549387931823730e-01
1.632943153381347656e-01
-8.933688700199127197e-02
1.458923518657684326e-02
1.453864872455596924e-01
7.732790708541870117e-02
-9.290218353271484375e-02
5.157322809100151062e-02
-1.003207862377166748e-01
2.434096038341522217e-01
