2.790377140045166016e-01
-4.273929819464683533e-02
-1.129050776362419128e-01
-4.615167900919914246e-02
-2.420919835567474365e-01
-4.869301617145538330e-02
1.003887429833412170e-01
-2.370788156986236572e-01
3.024185448884963989e-02
-2.074902206659317017e-01
6.834250688552856445e-02
-1.863127574324607849e-02
1.331282109022140503e-01
9.961094707250595093e-02
2.565636299550533295e-02
3.989043459296226501e-02
3.112184107303619385e-01
-2.511749044060707092e-02
3.300071358680725098e-01
2.922546863555908203e-01
-1.483894437551498413e-01
3.292308449745178223e-01
8.308291435241699219e-03
6.926352530717849731e-02
-6.128946691751480103e-02
-2.389954030513763428e-01
-8.733208477497100830e-02
-1.039712801575660706e-01
1.666469871997833252e-01
-1.203405577689409256e-02
1.764433532953262329e-01
1.220626384019851685e-01
-1.180609539151191711e-01
