-7.130990922451019287e-02
-6.725709885358810425e-02
-4.563698545098304749e-02
1.257907040417194366e-02
-1.892129331827163696e-01
6.380469352006912231e-02
2.334012649953365326e-02
-2.456478402018547058e-02
-8.112967759370803833e-02
-1.201298553496599197e-02
-2.594706416130065918e-02
-1.587276607751846313e-01
-8.149594813585281372e-02
-4.112020134925842285e-02
-2.749604731798171997e-02
-2.178468182682991028e-02
-4.958273097872734070e-02
-5.144194886088371277e-02
-3.893540427088737488e-02
-3.816966712474822998e-02
-3.342603147029876709e-02
-1.207271963357925415e-02
-2.396234869956970215e-02
-2.741712145507335663e-02
-4.553877189755439758e-02
-4.333171248435974121e-02
-6.478767096996307373e-02
-7.897627353668212891e-02
-4.475325113162398338e-04
-8.820664137601852417e-02
-2.478021383285522461e-02
-1.203788220882415771e-01
1.427333652973175049e-01
-4.424491524696350098e-02
-8.796552568674087524e-02
1.968229562044143677e-02
5.165942758321762085e-02
2.762760967016220093e-02
2.507186867296695709e-02
1.848406717181205750e-02
2.628790214657783508e-02
1.829577609896659851e-02
1.612345501780509949e-02
1.935616880655288696e-02
1.632572896778583527e-02
1.039954740554094315e-02
1.093363203108310699e-02
-2.580655564088374376e-04
-2.841441705822944641e-02
-2.387388050556182861e-02
9.066165238618850708e-02
5.636297538876533508e-02
-4.228353500366210938e-02
-9.321349859237670898e-02
1.341183762997388840e-02
-8.246449381113052368e-02
-8.543609082698822021e-02
-9.022685699164867401e-03
2.020381391048431396e-03
2.714541852474212646e-01
5.398464389145374298e-03
-1.919804215431213379e-01
1.064345985651016235e-01
8.217465877532958984e-02
1.931045204401016235e-01
