-6.841581314802169800e-02
4.676223173737525940e-02
1.440559327602386475e-01
1.595534086227416992e-01
-2.803088128566741943e-01
-1.888273358345031738e-01
-7.217550184577703476e-03
1.637767702341079712e-01
-8.218117803335189819e-02
-1.724810898303985596e-01
7.567327469587326050e-02
-3.643409907817840576e-01
-1.044689416885375977e-01
2.053361758589744568e-02
-1.597600728273391724e-01
6.551644764840602875e-03
1.743241101503372192e-01
-1.173150390386581421e-01
-1.059144958853721619e-01
1.031230911612510681e-01
5.042170360684394836e-02
-5.634321644902229309e-02
-3.141554072499275208e-02
4.273645281791687012e-01
-3.415140509605407715e-01
1.155674979090690613e-01
2.517471089959144592e-03
3.894244730472564697e-01
6.076091155409812927e-02
4.105012118816375732e-02
-7.489608251489698887e-04
1.330683529376983643e-01
-4.078719392418861389e-02
