1.749125272035598755e-01
3.249498009681701660e-01
-1.766160428524017334e-01
-1.702295988798141479e-02
-2.774100285023450851e-03
3.850206136703491211e-01
2.157979607582092285e-01
6.681805849075317383e-02
2.231325395405292511e-02
-4.980691894888877869e-02
-8.416018635034561157e-02
-3.106338717043399811e-02
-1.946546696126461029e-02
5.929527059197425842e-02
4.475118517875671387e-01
1.101352348923683167e-01
-4.800610616803169250e-02
-3.150964900851249695e-02
-1.872051805257797241e-01
-2.211072891950607300e-01
-1.425163149833679199e-01
-9.917868673801422119e-02
-7.393294572830200195e-02
-7.064145058393478394e-02
-1.213919520378112793e-01
-2.429321408271789551e-01
2.852123081684112549e-01
-9.372682310640811920e-03
-4.285294853616505861e-04
2.364053279161453247e-01
7.045939564704895020e-02
-9.951452165842056274e-02
7.181940227746963501e-02
