-6.925122439861297607e-02
4.706992208957672119e-02
1.459531038999557495e-01
1.630348265171051025e-01
-2.743058204650878906e-01
-1.720114499330520630e-01
-5.620771087706089020e-03
1.361923515796661377e-01
-9.961917251348495483e-02
-1.889286339282989502e-01
-1.082608290016651154e-02
-3.855003118515014648e-01
-1.812892705202102661e-01
-4.622780531644821167e-02
-1.773689091205596924e-01
2.591425925493240356e-02
1.905704289674758911e-01
-1.184455603361129761e-01
-8.312429487705230713e-02
5.033795163035392761e-02
1.858819648623466492e-02
-5.828575789928436279e-02
-3.134248405694961548e-02
4.008244872093200684e-01
-3.278651833534240723e-01
1.079904064536094666e-01
8.969627320766448975e-03
3.831365704536437988e-01
7.188107818365097046e-02
4.838339984416961670e-02
2.328113280236721039e-02
1.403464525938034058e-01
-3.711662255227565765e-03
