2.731726504862308502e-02
-3.167560324072837830e-02
3.386774286627769470e-02
-2.190805822610855103e-01
-3.799373656511306763e-02
1.275208890438079834e-01
1.607828438282012939e-01
-1.637277565896511078e-02
2.072822675108909607e-02
3.104957342147827148e-01
-1.132485419511795044e-01
1.632092148065567017e-02
-1.077099442481994629e-01
-1.009466350078582764e-01
6.020819023251533508e-02
1.662104129791259766e-01
1.169001311063766479e-01
1.436180621385574341e-01
-1.737231165170669556e-01
-1.186916604638099670e-01
5.592659115791320801e-02
4.831651598215103149e-02
-2.556166052818298340e-01
2.042350620031356812e-01
-7.970470935106277466e-02
-1.372266560792922974e-01
9.755947440862655640e-02
-7.548154797405004501e-03
1.872081607580184937e-01
1.001710370182991028e-01
5.920524150133132935e-02
1.459752619266510010e-01
7.062210142612457275e-02
8.439920097589492798e-02
9.747192263603210449e-02
6.591280549764633179e-02
8.318461477756500244e-02
2.383069097995758057e-01
2.646110057830810547e-01
3.461197018623352051e-01
4.537185595836490393e-04
1.088869869709014893e-01
2.122755944728851318e-01
6.149510294198989868e-02
-9.548506140708923340e-02
-1.077254042029380798e-01
4.918102920055389404e-02
-1.834609061479568481e-01
1.322688758373260498e-01
-1.113752350211143494e-01
5.229700729250907898e-02
3.878922760486602783e-02
-3.457084298133850098e-02
6.656554341316223145e-02
-1.228539794683456421e-01
-2.625567317008972168e-01
-8.501945436000823975e-02
-3.544280230998992920e-01
7.595580071210861206e-02
-4.016916453838348389e-02
-1.102245897054672241e-01
-1.476676911115646362e-01
1.151670888066291809e-01
1.258180439472198486e-01
3.067959845066070557e-01
