7.401118427515029907e-02
4.202719405293464661e-02
8.222942054271697998e-02
6.420492380857467651e-02
-1.436222791671752930e-01
-9.891539067029953003e-02
-5.293626803904771805e-03
-2.522267773747444153e-02
-2.855193912982940674e-01
-1.511043459177017212e-01
-1.836243569850921631e-01
1.983824968338012695e-01
-8.545564860105514526e-02
-8.232074230909347534e-02
3.529038652777671814e-02
-2.697746455669403076e-02
9.075859189033508301e-02
1.986337751150131226e-01
1.442592591047286987e-01
-2.360147684812545776e-01
3.448727354407310486e-02
-2.017074637115001678e-02
2.604582309722900391e-01
1.540925260633230209e-02
-4.735816642642021179e-02
1.203482449054718018e-01
1.211451366543769836e-01
1.361063960939645767e-02
-4.428299143910408020e-02
1.045427322387695312e-01
-1.440785527229309082e-01
-2.066635787487030029e-01
-2.021776437759399414e-01
-2.664788067340850830e-01
-7.451245933771133423e-02
-1.137703582644462585e-01
-1.054544895887374878e-01
8.944725990295410156e-02
-8.406905084848403931e-02
-1.904666572809219360e-01
1.722058951854705811e-01
3.591280803084373474e-02
1.075063943862915039e-01
2.679174020886421204e-02
-7.075362652540206909e-02
-4.813025146722793579e-02
8.501992374658584595e-02
-4.490808025002479553e-02
5.665517970919609070e-02
4.215060546994209290e-02
3.031029552221298218e-02
-2.654863297939300537e-01
1.078701093792915344e-01
9.086149930953979492e-02
2.142938412725925446e-02
-5.339640006422996521e-02
5.636508762836456299e-02
3.561281412839889526e-02
-1.470885872840881348e-01
4.862668458372354507e-03
-3.606112301349639893e-02
1.062530651688575745e-01
4.072337411344051361e-03
1.011634897440671921e-02
-1.488051116466522217e-01
