1.472252607345581055e-01
1.613529026508331299e-01
-6.443879604339599609e-01
-1.237376481294631958e-01
-4.146831333637237549e-01
1.233362257480621338e-01
-3.086871504783630371e-01
1.584127992391586304e-01
-5.123362690210342407e-02
9.790387749671936035e-02
-1.154082547873258591e-02
1.836207956075668335e-01
4.034096896648406982e-01
2.297519743442535400e-01
-2.666772007942199707e-01
-8.302520960569381714e-03
-6.688778288662433624e-03
-2.607648670673370361e-01
-2.140207886695861816e-01
-5.123991519212722778e-02
-4.853784292936325073e-02
-8.331300318241119385e-02
-3.800183534622192383e-01
3.235649764537811279e-01
1.448506265878677368e-01
1.546701639890670776e-01
-1.579299718141555786e-01
5.824042856693267822e-02
2.901480793952941895e-01
8.827274292707443237e-02
-6.384228914976119995e-02
2.429671958088874817e-02
1.808469295501708984e-01
