-6.700352579355239868e-02
-7.910662144422531128e-02
-1.917653530836105347e-01
7.422019541263580322e-02
1.390460729598999023e-01
2.581674233078956604e-02
9.295603632926940918e-02
2.813259363174438477e-01
-5.949002131819725037e-02
-7.439851760864257812e-02
-1.384825557470321655e-01
1.542764808982610703e-02
1.903139650821685791e-01
-2.912632655352354050e-03
-1.245800033211708069e-01
3.329399600625038147e-02
2.050716131925582886e-01
8.404186367988586426e-02
-9.068882465362548828e-02
2.210536040365695953e-02
9.418620169162750244e-02
-2.610897459089756012e-02
1.249521449208259583e-01
1.499918997287750244e-01
1.149333342909812927e-01
1.682970821857452393e-01
2.774225920438766479e-02
1.379605978727340698e-01
-1.411235034465789795e-01
5.945934355258941650e-02
-6.833821535110473633e-02
-1.241066753864288330e-01
-1.054416745901107788e-01
-2.175117880105972290e-01
-1.892894655466079712e-01
-1.459308713674545288e-01
-2.518466711044311523e-01
1.683425307273864746e-01
-2.291547656059265137e-01
1.863224618136882782e-02
1.167455166578292847e-01
-7.211129367351531982e-02
1.388091146945953369e-01
-5.281342193484306335e-02
1.260534976609051228e-03
-4.253259394317865372e-03
-6.802510470151901245e-02
3.000687621533870697e-02
3.871265798807144165e-02
1.045830361545085907e-02
-1.176407933235168457e-01
8.781046420335769653e-02
1.930458098649978638e-01
-2.641046643257141113e-01
-1.195704378187656403e-02
-1.114843264222145081e-01
7.122252881526947021e-02
1.923750154674053192e-02
-1.226744726300239563e-01
4.228251427412033081e-02
6.059075519442558289e-02
1.894999854266643524e-02
1.231189966201782227e-01
-1.291834414005279541e-01
-1.625172942876815796e-01
