2.599593102931976318e-01
9.224453940987586975e-03
-1.662585735321044922e-01
3.863277286291122437e-02
8.308526873588562012e-02
-5.483023356646299362e-03
1.438183188438415527e-01
1.169017627835273743e-01
1.239816769957542419e-01
1.623780094087123871e-02
-1.983885280787944794e-02
-4.086297936737537384e-03
-3.503948077559471130e-02
-7.722304761409759521e-02
-1.147795617580413818e-01
1.921401023864746094e-01
2.363964915275573730e-01
-2.114102244377136230e-01
-1.206535845994949341e-01
-1.609542965888977051e-01
-1.460036039352416992e-01
-1.792567223310470581e-01
-1.194807812571525574e-01
-8.318654447793960571e-02
5.922237876802682877e-03
-4.481030255556106567e-02
1.500015985220670700e-02
-3.158560022711753845e-02
-8.353351801633834839e-02
-1.010408252477645874e-01
-1.250575333833694458e-01
2.196070253849029541e-01
1.384948641061782837e-01
