-1.871715784072875977e-01
-3.116047941148281097e-02
5.709413811564445496e-02
1.031867861747741699e-01
-5.168395861983299255e-02
-2.271797806024551392e-01
1.109303012490272522e-01
3.178269416093826294e-02
2.312510478077456355e-04
-1.718807220458984375e-01
2.141170650720596313e-01
-7.419640570878982544e-02
-1.319517195224761963e-01
-3.507185876369476318e-01
-2.195913195610046387e-01
3.961296752095222473e-02
-4.057721495628356934e-01
-3.247535824775695801e-01
-1.132281422615051270e-01
3.760117590427398682e-01
1.366378962993621826e-01
-1.878027766942977905e-01
-1.708330661058425903e-01
-3.538258969783782959e-01
-2.423163056373596191e-01
-6.654337048530578613e-02
5.100446343421936035e-01
-3.154457807540893555e-01
-1.404417455196380615e-01
3.081674575805664062e-01
9.145370125770568848e-02
-1.512864977121353149e-01
-1.137794330716133118e-01
