-1.187303736805915833e-01
-2.188036888837814331e-01
-5.166654475033283234e-03
3.064487501978874207e-02
1.785435527563095093e-02
-6.977861281484365463e-03
-2.099482417106628418e-01
-9.814899414777755737e-02
-6.957134604454040527e-02
-8.823037892580032349e-02
2.831552177667617798e-03
-2.283702045679092407e-02
-3.073550015687942505e-02
-3.410526737570762634e-02
-2.115624211728572845e-02
-2.636002935469150543e-02
-3.272742405533790588e-02
-2.743780240416526794e-02
-3.420592844486236572e-02
-3.342517465353012085e-02
-3.565678745508193970e-02
-4.085019603371620178e-02
-4.006505012512207031e-02
-4.666865244507789612e-02
-5.036662518978118896e-02
-6.231452152132987976e-02
-6.884077936410903931e-02
-9.757839888334274292e-02
-5.339096486568450928e-02
-2.156501114368438721e-01
5.600994825363159180e-02
-7.979508489370346069e-02
3.424416109919548035e-02
-6.625909358263015747e-02
-1.203625351190567017e-01
-5.213731434196233749e-03
3.269032761454582214e-02
3.448322787880897522e-02
3.077746741473674774e-02
2.632970921695232391e-02
3.039927035570144653e-02
2.563610672950744629e-02
2.493238449096679688e-02
2.456274814903736115e-02
2.070909366011619568e-02
2.235600911080837250e-02
1.440837234258651733e-02
3.062279522418975830e-02
1.904920861124992371e-02
2.786379493772983551e-02
2.790959551930427551e-02
3.407694399356842041e-02
7.102046161890029907e-02
4.335673898458480835e-02
1.200208067893981934e-01
3.300160542130470276e-02
-9.356646984815597534e-02
4.147602990269660950e-02
-1.454439014196395874e-01
8.043160289525985718e-02
1.430544108152389526e-01
-6.772851943969726562e-02
1.803201287984848022e-01
8.423216640949249268e-02
9.874270111322402954e-02
