-1.345862448215484619e-01
-1.449542790651321411e-01
-1.154056787490844727e-01
-3.453319147229194641e-02
1.016013845801353455e-01
-2.616371586918830872e-02
-9.607205539941787720e-02
3.076586499810218811e-02
-4.366127308458089828e-03
-5.577558279037475586e-02
-1.374331712722778320e-01
-6.555211544036865234e-02
-4.518578201532363892e-02
1.912709511816501617e-02
1.087237223982810974e-01
-1.312130969017744064e-02
2.193301767110824585e-01
6.771477311849594116e-02
3.911088686436414719e-03
7.524565607309341431e-02
6.710997223854064941e-02
1.050495281815528870e-01
1.450713425874710083e-01
2.052224278450012207e-01
1.332231312990188599e-01
1.083120778203010559e-01
-1.601891778409481049e-02
2.337702363729476929e-01
2.904034256935119629e-01
2.995054470375180244e-03
2.107021771371364594e-02
-1.562322229146957397e-01
1.887606531381607056e-01
