-4.253035783767700195e-02
-1.417915970087051392e-01
2.176425457000732422e-01
2.884180098772048950e-02
-7.291994243860244751e-02
1.698485761880874634e-01
-3.179448470473289490e-02
9.260024130344390869e-02
-3.817793726921081543e-02
-7.772637158632278442e-02
-1.743148826062679291e-02
-5.094392225146293640e-02
-3.054880164563655853e-02
-5.850442126393318176e-02
1.856119930744171143e-02
2.731005847454071045e-02
1.201622281223535538e-02
3.566207736730575562e-02
3.294124081730842590e-02
3.075024858117103577e-02
2.709469012916088104e-02
4.119912162423133850e-02
3.946490585803985596e-02
4.546767100691795349e-02
4.440640285611152649e-02
4.664688184857368469e-02
6.751965731382369995e-02
4.497362673282623291e-02
8.882521837949752808e-02
2.667444013059139252e-02
-8.660510927438735962e-02
-1.634439229965209961e-01
5.294650048017501831e-02
1.795819774270057678e-02
7.111019454896450043e-03
-5.567985028028488159e-02
-6.529937684535980225e-02
-5.855061858892440796e-02
-4.082158952951431274e-02
-3.659048676490783691e-02
-2.713153883814811707e-02
-1.606642641127109528e-02
-1.452601794153451920e-02
-3.179501276463270187e-03
-8.329842239618301392e-03
-2.350646443665027618e-02
-2.841329015791416168e-02
-1.834503188729286194e-02
1.556746009737253189e-02
-2.684011682868003845e-02
-1.158360615372657776e-01
-1.778057403862476349e-02
6.373023497872054577e-04
1.035837009549140930e-01
-1.216987073421478271e-01
3.602698072791099548e-02
-3.088334761559963226e-02
-8.895356953144073486e-02
1.337256003171205521e-02
-8.268465101718902588e-02
8.564189821481704712e-02
-8.309193700551986694e-02
-2.675880677998065948e-02
-4.094246309250593185e-03
7.111344486474990845e-02
