-8.806677907705307007e-02
-5.066000390797853470e-03
3.398036584258079529e-02
8.073163777589797974e-02
-4.425491765141487122e-02
1.662184447050094604e-01
2.654618024826049805e-01
2.939764559268951416e-01
1.428677290678024292e-01
5.681841447949409485e-02
3.224695473909378052e-02
1.558165438473224640e-02
5.732621066272258759e-03
1.651674509048461914e-02
1.393353659659624100e-02
7.995110936462879181e-03
-3.350924453116022050e-05
2.265460789203643799e-02
6.466608494520187378e-03
4.067131318151950836e-03
2.244404051452875137e-03
1.910063321702182293e-03
-3.344468539580702782e-03
-4.045457113534212112e-03
-1.338548678904771805e-02
-1.759678497910499573e-02
1.969216158613562584e-03
-3.700178116559982300e-02
3.594618663191795349e-02
-9.262140840291976929e-03
-2.371173724532127380e-02
-1.526754051446914673e-01
-9.975160658359527588e-02
-1.578254252672195435e-01
1.923228204250335693e-01
1.413941681385040283e-01
5.769289284944534302e-02
4.222486168146133423e-02
2.441068366169929504e-02
3.838021308183670044e-02
1.699265837669372559e-02
1.986703835427761078e-02
9.851695038378238678e-03
9.207527153193950653e-03
8.556446060538291931e-03
8.090189658105373383e-03
6.148297805339097977e-03
3.323315642774105072e-03
-6.717395968735218048e-03
-3.795701637864112854e-02
-6.279993336647748947e-03
-4.075810778886079788e-03
-4.399664234369993210e-03
-4.128900822252035141e-03
-4.411820787936449051e-03
5.098089575767517090e-02
-1.761445105075836182e-01
-3.933609277009963989e-02
-1.146881040767766535e-04
9.935547411441802979e-02
1.501842029392719269e-02
1.032721921801567078e-01
8.572174236178398132e-03
7.007922045886516571e-03
-2.107234150171279907e-01
