1.711635664105415344e-02
-1.380393952131271362e-01
-5.921420827507972717e-02
1.087252423167228699e-01
2.292962558567523956e-02
-1.247846409678459167e-01
2.468052953481674194e-01
1.970906108617782593e-01
-4.261005669832229614e-02
9.579580277204513550e-02
-1.508719921112060547e-01
-9.628271311521530151e-02
-1.837500929832458496e-02
5.224615335464477539e-02
5.804644525051116943e-02
-1.217138990759849548e-01
1.014236435294151306e-01
-2.956978417932987213e-02
-1.039640083909034729e-01
2.076183706521987915e-01
-7.889421284198760986e-02
2.530923113226890564e-02
-7.267817854881286621e-02
-7.083449512720108032e-02
3.000918962061405182e-02
-9.529673308134078979e-02
3.123781271278858185e-02
2.454054951667785645e-01
-2.782232761383056641e-01
3.396807610988616943e-01
-1.938992589712142944e-01
-1.256098449230194092e-01
1.636923998594284058e-01
1.221196576952934265e-01
7.429166138172149658e-02
-1.251392215490341187e-01
2.533529698848724365e-01
2.107512354850769043e-01
2.514635622501373291e-01
1.351692825555801392e-01
-2.678831480443477631e-02
-6.031212862581014633e-03
1.247666850686073303e-01
-2.486393600702285767e-01
7.421042025089263916e-02
-1.144791617989540100e-01
-2.122686430811882019e-02
3.186544179916381836e-01
9.569301456212997437e-02
3.115413486957550049e-01
-1.290245205163955688e-01
3.225849568843841553e-02
-2.239338308572769165e-01
-2.677376195788383484e-02
1.272897124290466309e-01
3.750950470566749573e-02
1.100731547921895981e-02
-5.668231099843978882e-02
1.621729582548141479e-01
-2.021457403898239136e-01
1.745029687881469727e-01
-5.591920018196105957e-02
1.057239100337028503e-01
-1.472077220678329468e-01
-1.898964196443557739e-01
