4.327653348445892334e-02
-2.287496477365493774e-01
-2.272168993949890137e-01
2.727878279983997345e-02
1.172353625297546387e-01
-2.569892816245555878e-02
-6.694071739912033081e-02
-1.119504943490028381e-01
3.805324435234069824e-02
9.092329442501068115e-02
-3.957121446728706360e-02
5.597662553191184998e-02
7.221456617116928101e-02
7.549402117729187012e-02
3.526296094059944153e-02
2.005575224757194519e-02
1.040997449308633804e-02
1.248492207378149033e-02
-5.235854405327700078e-05
3.910499624907970428e-03
-4.678522702306509018e-03
-1.288397237658500671e-02
-1.430502347648143768e-02
-1.056317519396543503e-02
-1.151166111230850220e-02
-2.375280484557151794e-02
-2.645939588546752930e-02
-1.868621446192264557e-02
-3.268288564868271351e-04
1.522358953952789307e-01
5.547835677862167358e-02
-5.342078581452369690e-02
6.715018302202224731e-02
9.310609847307205200e-02
1.144680753350257874e-02
-4.724854603409767151e-02
7.730998098850250244e-02
7.144441455602645874e-02
6.299369037151336670e-02
5.958070605993270874e-02
5.964336544275283813e-02
5.953458324074745178e-02
5.380924791097640991e-02
5.626227706670761108e-02
5.718867480754852295e-02
4.212102666497230530e-02
5.249353125691413879e-02
4.460912570357322693e-02
4.249026253819465637e-02
-1.676534861326217651e-02
2.917145006358623505e-02
-3.537316108122467995e-03
-1.143213640898466110e-02
1.566580682992935181e-01
4.475700855255126953e-02
-1.216280311346054077e-01
-2.716323547065258026e-02
1.608162820339202881e-01
3.530331328511238098e-02
-4.982800036668777466e-02
-4.858498275279998779e-02
-1.142649650573730469e-01
1.316378563642501831e-01
1.005437597632408142e-01
-1.111107296310365200e-03
