-9.369583427906036377e-02
-2.563253641128540039e-01
3.138974308967590332e-01
-4.858265630900859833e-03
-1.385503262281417847e-01
2.952229976654052734e-01
-4.673087596893310547e-02
2.031592875719070435e-01
-9.643937647342681885e-02
-1.772605776786804199e-01
-2.827988937497138977e-02
-2.135528475046157837e-01
-1.449169814586639404e-01
-3.609762489795684814e-01
8.872829377651214600e-02
2.742569446563720703e-01
-8.080829679965972900e-02
5.474604666233062744e-02
5.816056206822395325e-02
-4.702660068869590759e-02
-1.324602067470550537e-01
-3.588465750217437744e-01
-1.387933790683746338e-01
-2.403412461280822754e-01
-2.181442826986312866e-01
2.213307470083236694e-02
7.594543695449829102e-02
2.114340662956237793e-01
1.501575410366058350e-01
-1.583923101425170898e-01
-1.639516949653625488e-01
-2.511019259691238403e-02
-1.980848014354705811e-01
