-5.667511001229286194e-02
-3.083444535732269287e-01
-3.278401680290699005e-03
-2.556970901787281036e-02
8.475351333618164062e-02
-9.731548279523849487e-02
3.779529631137847900e-01
1.748847514390945435e-01
1.489118486642837524e-01
-6.498306244611740112e-02
1.418248862028121948e-01
-6.095658242702484131e-02
4.444607719779014587e-02
-7.569901645183563232e-02
-2.062814533710479736e-01
-2.356303483247756958e-01
2.728746533393859863e-01
-2.291863113641738892e-01
-3.064709901809692383e-01
6.857903674244880676e-03
-3.464561104774475098e-01
-9.276090562343597412e-02
2.438899502158164978e-02
-4.430489242076873779e-02
1.715836673974990845e-01
2.525253891944885254e-01
2.311484329402446747e-02
-3.145464137196540833e-02
-1.237497180700302124e-01
4.655447304248809814e-01
-1.656160503625869751e-01
9.176578372716903687e-02
1.673298925161361694e-01
