-2.054845839738845825e-01
-1.898256875574588776e-02
8.390666544437408447e-02
2.196374386548995972e-01
1.410489678382873535e-01
1.576647907495498657e-02
1.214449480175971985e-01
8.304216898977756500e-03
5.952127277851104736e-02
8.691367506980895996e-02
7.606516033411026001e-02
8.186453580856323242e-02
1.291058659553527832e-01
1.536610275506973267e-01
-1.442818790674209595e-01
4.509823769330978394e-02
2.341255396604537964e-01
2.718040645122528076e-01
-1.787306368350982666e-01
-2.232588827610015869e-01
-1.424734741449356079e-01
-1.236137971282005310e-01
-5.117884278297424316e-02
-8.367421105504035950e-03
5.813395231962203979e-02
6.491105258464813232e-02
1.433076709508895874e-01
2.758034765720367432e-01
3.677646517753601074e-01
-4.266912117600440979e-02
2.330837547779083252e-01
-2.248315811157226562e-01
-1.821092665195465088e-01
