6.262338161468505859e-02
1.457357257604598999e-01
4.773029312491416931e-02
-9.836375713348388672e-02
3.477912023663520813e-02
1.845593377947807312e-02
1.311563104391098022e-01
4.123855382204055786e-02
1.100329756736755371e-01
-9.041150659322738647e-02
3.929590433835983276e-02
-3.747153654694557190e-02
-5.472842603921890259e-02
9.090863168239593506e-02
-7.260109484195709229e-02
-9.547013789415359497e-02
4.153733607381582260e-03
1.146991625428199768e-01
-1.234811469912528992e-01
1.102240234613418579e-01
7.593928277492523193e-02
-7.815662026405334473e-02
9.778703004121780396e-02
-1.636641770601272583e-01
-1.491137742996215820e-01
-2.146310806274414062e-01
-2.717953920364379883e-01
-2.555793225765228271e-01
-2.859952673316001892e-02
9.986042976379394531e-02
1.924473792314529419e-01
1.733860820531845093e-01
1.500677783042192459e-02
2.883907556533813477e-01
1.332145556807518005e-02
2.651855349540710449e-01
1.478226035833358765e-01
3.186799213290214539e-02
-9.944885037839412689e-03
-1.040232554078102112e-01
7.218109071254730225e-02
-8.637885749340057373e-02
6.918292026966810226e-03
1.872136294841766357e-01
9.686344116926193237e-02
1.764967739582061768e-01
-2.656480967998504639e-01
1.546315252780914307e-01
-1.403229534626007080e-01
-2.219012230634689331e-01
3.209304213523864746e-01
-1.752866781316697598e-03
8.022771030664443970e-02
2.013612724840641022e-02
2.653524577617645264e-01
1.515198200941085815e-01
2.756635285913944244e-02
2.182198464870452881e-01
-8.585242927074432373e-02
2.500322759151458740e-01
1.642050743103027344e-01
-3.496482595801353455e-02
-1.446162462234497070e-01
-1.148083359003067017e-01
6.903802603483200073e-02
