1.233184114098548889e-01
-1.453388780355453491e-01
2.218417450785636902e-02
2.581189014017581940e-02
-1.107002496719360352e-01
2.036100476980209351e-01
-4.689272493124008179e-02
-9.110888093709945679e-02
-7.868575304746627808e-02
-1.808057278394699097e-01
2.949736416339874268e-01
3.222626745700836182e-01
-8.324736356735229492e-02
2.965242266654968262e-01
3.960510343313217163e-02
3.296995162963867188e-02
8.951820433139801025e-02
5.961045622825622559e-02
1.439084392040967941e-02
-6.502956897020339966e-02
1.729285269975662231e-01
1.293329745531082153e-01
1.010705828666687012e-01
-1.091322973370552063e-01
-7.690405845642089844e-02
-4.228655993938446045e-02
1.231980174779891968e-01
-4.807862043380737305e-01
-1.523193567991256714e-01
1.893581449985504150e-02
-2.430496364831924438e-01
3.176812827587127686e-02
-1.656537055969238281e-01
-2.387311160564422607e-01
-9.039610624313354492e-02
2.318190187215805054e-01
8.344515413045883179e-02
-1.138513684272766113e-01
4.307112470269203186e-02
-4.676954448223114014e-02
-1.306606978178024292e-01
-1.422320455312728882e-01
-1.214452385902404785e-01
-1.111347824335098267e-01
-6.988742202520370483e-02
-1.109754387289285660e-02
7.999300211668014526e-02
-1.076829526573419571e-02
-2.472904324531555176e-02
-1.267454028129577637e-01
-2.313512563705444336e-02
5.696157459169626236e-03
3.301745653152465820e-02
-8.457846939563751221e-02
-5.749140307307243347e-02
-1.060639880597591400e-02
5.511236563324928284e-02
-1.803221926093101501e-02
-6.000982969999313354e-02
-5.693336203694343567e-02
-3.912268579006195068e-02
1.697194948792457581e-02
-8.000963181257247925e-02
1.861839927732944489e-02
3.421954810619354248e-02
