1.975893378257751465e-01
-2.563737630844116211e-01
-1.113326922059059143e-01
2.210825532674789429e-01
-2.040134966373443604e-01
1.573469787836074829e-01
4.454251751303672791e-02
1.710397936403751373e-02
3.890499845147132874e-02
-3.868214786052703857e-01
1.586305797100067139e-01
4.607091099023818970e-02
1.265644282102584839e-01
-2.866151332855224609e-01
9.312469512224197388e-02
8.341066539287567139e-02
-3.485103845596313477e-01
-5.022001862525939941e-01
-2.341705411672592163e-01
-1.032627969980239868e-01
7.117561995983123779e-02
-1.468947678804397583e-01
5.304586514830589294e-02
1.068385466933250427e-01
-5.822233855724334717e-03
-6.074495613574981689e-03
-1.442063152790069580e-01
2.318490445613861084e-01
9.520298242568969727e-02
-1.284008566290140152e-02
-1.534093171358108521e-01
1.986609306186437607e-03
-1.670360863208770752e-01
