-7.454566657543182373e-02
4.875126108527183533e-02
-1.363317519426345825e-01
-2.026210427284240723e-01
2.201851159334182739e-01
-1.372036244720220566e-02
-2.364286184310913086e-01
-4.822697862982749939e-02
-2.833332121372222900e-01
-3.227597475051879883e-02
-1.332768518477678299e-02
-9.746000915765762329e-02
-1.480985730886459351e-01
4.626271873712539673e-02
-2.367598749697208405e-02
-1.633513420820236206e-01
3.831480145454406738e-01
1.768191903829574585e-01
-5.754542350769042969e-02
4.859257936477661133e-01
1.881412416696548462e-01
2.027303129434585571e-01
-3.239379823207855225e-02
-2.375421077013015747e-01
1.905002892017364502e-01
-1.535615772008895874e-01
2.912194132804870605e-01
3.330050706863403320e-01
-6.352828443050384521e-02
1.139877364039421082e-01
1.535256672650575638e-02
-6.017102003097534180e-01
3.374992683529853821e-02
