-1.004900708794593811e-01
-1.165926307439804077e-01
-2.697871327400207520e-01
1.097192689776420593e-01
1.997430622577667236e-01
4.482623562216758728e-02
1.345949023962020874e-01
3.387810885906219482e-01
-5.992370843887329102e-02
-8.716052025556564331e-02
-1.429944783449172974e-01
-2.965115942060947418e-03
1.995547711849212646e-01
2.765479031950235367e-03
-1.886895000934600830e-01
3.376108407974243164e-02
2.885861098766326904e-01
-1.706034839153289795e-01
-1.477024108171463013e-01
-1.173757463693618774e-01
-2.218100279569625854e-01
1.532896012067794800e-01
-2.353734970092773438e-01
1.544861868023872375e-02
-7.457444816827774048e-02
-9.341527521610260010e-02
1.777950823307037354e-01
-7.147955149412155151e-02
-7.811539340764284134e-03
-1.182025298476219177e-02
-1.037973538041114807e-01
3.785656392574310303e-02
-1.158581450581550598e-01
