-1.233554929494857788e-01
-6.164566799998283386e-02
-9.819296002388000488e-02
-5.972094088792800903e-02
-5.960122868418693542e-02
-9.063378721475601196e-02
-8.662564307451248169e-02
-2.483701333403587341e-02
-5.396448075771331787e-03
-2.182971127331256866e-02
-2.063196152448654175e-02
-2.035240642726421356e-02
-1.458157598972320557e-02
-1.626395434141159058e-02
-1.815369352698326111e-02
-1.632897555828094482e-02
-2.196429483592510223e-02
-1.658185198903083801e-02
-2.511818334460258484e-02
-2.556826546788215637e-02
-2.537263184785842896e-02
-3.080935776233673096e-02
-3.077352792024612427e-02
-3.762381151318550110e-02
-3.564736247062683105e-02
-3.761231899261474609e-02
-3.798242658376693726e-02
-4.823407530784606934e-02
-5.740129202604293823e-02
-5.097444355487823486e-02
1.350752860307693481e-01
6.919638067483901978e-02
-2.908565662801265717e-02
2.518158219754695892e-02
3.031170554459095001e-02
1.302799582481384277e-01
1.035839244723320007e-01
8.634680509567260742e-02
6.798303872346878052e-02
6.208346784114837646e-02
5.614597722887992859e-02
5.139848217368125916e-02
4.680901020765304565e-02
4.600526392459869385e-02
4.163913056254386902e-02
3.443580865859985352e-02
4.159084334969520569e-02
3.521357849240303040e-02
2.917554788291454315e-02
3.484352305531501770e-02
2.075171843171119690e-02
4.771946370601654053e-02
8.196326345205307007e-02
-3.161627426743507385e-02
1.029060259461402893e-01
1.389724854379892349e-02
3.095359168946743011e-02
2.881809882819652557e-02
7.311398629099130630e-03
-8.236547000706195831e-03
1.675776578485965729e-02
9.678789973258972168e-02
-3.076722472906112671e-02
-1.762089878320693970e-02
8.356612920761108398e-02
