1.510151028633117676e-01
1.338373720645904541e-01
-5.671001970767974854e-02
-1.830656081438064575e-01
-2.069131880998611450e-01
1.272555142641067505e-01
2.297608107328414917e-01
7.978010177612304688e-02
-8.983506262302398682e-02
2.079293876886367798e-02
-7.408792525529861450e-02
-1.389590799808502197e-01
1.349864751100540161e-01
-1.839295178651809692e-01
-4.037502110004425049e-01
-2.190278768539428711e-01
-8.792236447334289551e-03
1.092471629381179810e-01
-1.064474806189537048e-01
2.084525525569915771e-01
1.177013665437698364e-01
1.480623185634613037e-01
-1.807724684476852417e-02
2.279383242130279541e-01
2.730720443651080132e-03
-1.304960101842880249e-01
1.709499955177307129e-01
1.568316966295242310e-01
1.245419494807720184e-02
-1.709859073162078857e-01
5.340394750237464905e-02
5.546169728040695190e-02
-2.002018690109252930e-01
