-2.451853454113006592e-02
9.438100457191467285e-02
-2.197366505861282349e-01
2.559852087870240211e-03
5.715961381793022156e-02
1.155609115958213806e-01
7.435178011655807495e-02
-1.850300282239913940e-02
9.773823618888854980e-02
1.338466852903366089e-01
1.396812349557876587e-01
2.121657319366931915e-02
-2.560046501457691193e-02
-2.786281751468777657e-03
1.220885440707206726e-01
5.399158969521522522e-02
3.272905945777893066e-02
-8.158737793564796448e-03
4.631169140338897705e-02
-7.600894570350646973e-02
-2.311888849362730980e-03
-1.309255603700876236e-02
8.222126215696334839e-02
-2.215134948492050171e-01
-2.776188552379608154e-01
-2.574568241834640503e-02
7.213094830513000488e-02
7.214929908514022827e-02
-1.055563315749168396e-01
-9.822933375835418701e-02
-1.690664142370223999e-01
-1.023936346173286438e-01
-3.696536272764205933e-02
-1.065406054258346558e-01
-1.741547696292400360e-02
-1.224924810230731964e-02
-2.223425917327404022e-02
2.850143052637577057e-02
5.634211003780364990e-03
-6.891062110662460327e-02
-6.752822548151016235e-02
8.017216809093952179e-03
-1.391736716032028198e-01
-8.407483249902725220e-02
-9.964261204004287720e-02
-1.593741923570632935e-01
1.534530967473983765e-01
-1.871738135814666748e-01
1.727240979671478271e-01
-3.827381134033203125e-01
1.012539491057395935e-01
-1.512255966663360596e-01
-1.154673006385564804e-02
-1.250217258930206299e-01
4.799083992838859558e-02
3.168949186801910400e-01
-7.971879094839096069e-03
1.638375073671340942e-01
-2.640650868415832520e-01
-2.109478712081909180e-01
-3.593258094042539597e-03
-8.543212711811065674e-02
-3.655074397101998329e-03
-2.141167521476745605e-01
3.125517629086971283e-03
