-5.243294835090637207e-01
-1.808528155088424683e-01
-5.688063800334930420e-02
-1.075977832078933716e-01
2.238119766116142273e-02
-2.418853342533111572e-02
-2.448409423232078552e-02
4.166929051280021667e-02
-2.742064185440540314e-03
9.553739428520202637e-02
1.146019473671913147e-01
1.625355333089828491e-01
2.179161757230758667e-01
2.664018273353576660e-01
8.456125855445861816e-02
2.923506200313568115e-01
-1.526840124279260635e-02
-4.127180576324462891e-02
-2.003195434808731079e-01
-8.570498228073120117e-02
-6.215912848711013794e-02
-3.047500364482402802e-02
-1.851527951657772064e-02
1.265566144138574600e-02
2.429021056741476059e-03
-6.104323547333478928e-04
-2.479253523051738739e-02
3.169187810271978378e-03
1.162036322057247162e-02
-1.841465756297111511e-02
-9.682641923427581787e-02
8.857766538858413696e-02
-9.041137248277664185e-02
