-7.882251590490341187e-02
9.837024658918380737e-02
2.255504578351974487e-01
-1.327789872884750366e-01
2.363268285989761353e-01
-3.926996886730194092e-02
8.001387864351272583e-02
1.437786817550659180e-01
1.053417474031448364e-02
1.120529472827911377e-01
4.402041435241699219e-02
1.046390160918235779e-01
1.111224964261054993e-01
1.399289350956678391e-02
-1.016982123255729675e-01
-6.657966971397399902e-02
-2.890661060810089111e-01
1.926610320806503296e-01
1.410487741231918335e-01
1.631944328546524048e-01
1.526050865650177002e-01
1.703408956527709961e-01
9.009996056556701660e-02
1.113186478614807129e-01
9.000955522060394287e-02
1.187070384621620178e-01
1.314362324774265289e-02
1.378124300390481949e-02
-4.124677553772926331e-02
-1.035180762410163879e-01
-1.444298028945922852e-01
1.300186514854431152e-01
1.402876228094100952e-01
