-7.236310094594955444e-02
1.135401949286460876e-01
4.451662674546241760e-02
4.685414955019950867e-02
6.905388832092285156e-02
3.160982206463813782e-02
6.153296306729316711e-02
1.915385723114013672e-01
-1.379919797182083130e-02
1.520797163248062134e-01
-2.349540963768959045e-02
-7.318955659866333008e-02
-6.336145848035812378e-02
2.086886204779148102e-02
-2.126005850732326508e-02
-9.452739357948303223e-02
-1.364434659481048584e-01
-3.110661543905735016e-02
9.038756042718887329e-02
1.478662248700857162e-02
5.032095685601234436e-02
1.955077238380908966e-02
2.598546631634235382e-02
4.258773475885391235e-02
5.255916714668273926e-02
1.411652565002441406e-02
-1.977279596030712128e-02
1.915300451219081879e-02
5.697531625628471375e-02
-1.078374832868576050e-01
-6.393758207559585571e-02
1.686283946037292480e-01
-9.086718410253524780e-02
2.078050188720226288e-02
5.541777238249778748e-02
-1.209745332598686218e-01
-1.381605416536331177e-01
-1.326088309288024902e-01
-9.703885763883590698e-02
-7.273769378662109375e-02
-6.183577701449394226e-02
-5.065638571977615356e-02
-4.341402277350425720e-02
-3.762669488787651062e-02
-3.209639713168144226e-02
-2.661311067640781403e-02
-3.500406816601753235e-02
-2.163878642022609711e-02
-2.321480587124824524e-02
-2.307219989597797394e-02
1.048922631889581680e-02
-1.297841966152191162e-02
-1.651566103100776672e-02
2.149693854153156281e-02
1.046943105757236481e-02
9.819938987493515015e-02
1.261089891195297241e-01
4.580545425415039062e-02
-1.827847659587860107e-01
-5.089439079165458679e-02
-4.419595003128051758e-02
-2.526762150228023529e-02
1.520144380629062653e-02
-2.813408672809600830e-01
1.045392304658889771e-01
