1.276163160800933838e-01
-1.976051479578018188e-01
-1.454664766788482666e-02
-2.122412621974945068e-02
-1.689237803220748901e-01
1.874168813228607178e-01
-8.141114562749862671e-02
-1.188950538635253906e-01
-1.148766279220581055e-01
-1.597720086574554443e-01
1.353876888751983643e-01
1.503978073596954346e-01
-9.612200409173965454e-02
2.672264873981475830e-01
4.886996373534202576e-02
4.501015692949295044e-02
1.117035448551177979e-01
-1.046183854341506958e-01
1.769371479749679565e-01
3.694042265415191650e-01
2.458251118659973145e-01
1.559969633817672729e-01
1.558741927146911621e-01
1.004984453320503235e-01
2.011368572711944580e-01
2.115477342158555984e-03
-2.975532412528991699e-02
-5.625363066792488098e-02
-4.496114701032638550e-02
6.654102355241775513e-03
1.100061610341072083e-01
-1.296790316700935364e-02
2.602387033402919769e-02
