1.234499141573905945e-01
-3.613427281379699707e-02
9.492792934179306030e-02
-5.357042700052261353e-02
8.794088661670684814e-02
-1.216610074043273926e-01
4.409163817763328552e-02
7.954924553632736206e-02
1.023997515439987183e-01
1.698628440499305725e-02
-3.460437525063753128e-03
6.154540553689002991e-02
3.229266032576560974e-02
3.828072920441627502e-02
-1.916057243943214417e-02
-4.732060246169567108e-03
-2.847550436854362488e-02
7.205274887382984161e-03
1.466454658657312393e-02
-1.363588776439428329e-02
-1.362606789916753769e-02
-3.258801065385341644e-03
-1.387040014378726482e-03
-8.952253498136997223e-03
-1.536338869482278824e-02
1.030452083796262741e-03
-4.077146947383880615e-02
5.036776140332221985e-02
9.533338993787765503e-02
5.347237735986709595e-02
7.205494493246078491e-02
2.521968781948089600e-01
-2.503185272216796875e-01
4.724908247590065002e-02
-1.059727147221565247e-01
-5.467673018574714661e-02
6.526527460664510727e-03
-7.641798816621303558e-03
-2.941383980214595795e-02
-3.377814218401908875e-02
-6.266883015632629395e-02
-5.156580358743667603e-02
-4.688069596886634827e-02
-4.743870720267295837e-02
-2.828338369727134705e-02
-2.749402448534965515e-02
-2.836533077061176300e-02
-4.357833042740821838e-02
-3.146592527627944946e-02
4.835076630115509033e-02
3.063055872917175293e-02
-6.481729447841644287e-02
1.137619689106941223e-01
-6.066931411623954773e-02
-3.592592850327491760e-02
3.686462715268135071e-02
8.480460941791534424e-02
-1.220908388495445251e-01
9.475579112768173218e-02
-4.892884567379951477e-02
-1.837920956313610077e-02
3.757857158780097961e-02
2.710050903260707855e-02
-1.295132339000701904e-01
-1.343046724796295166e-01
