9.896820038557052612e-02
1.584165841341018677e-01
-1.016091629862785339e-01
7.126462459564208984e-02
7.736615091562271118e-02
-1.283823251724243164e-01
-1.541374921798706055e-01
-1.090367659926414490e-01
6.940536946058273315e-02
1.326491087675094604e-01
2.971480600535869598e-02
-9.575006552040576935e-03
2.142727524042129517e-01
-8.444104343652725220e-02
1.351744085550308228e-01
8.988662064075469971e-02
1.055812314152717590e-01
4.264915734529495239e-02
-9.561625123023986816e-02
1.277553886175155640e-01
3.226751983165740967e-01
6.380113214254379272e-02
-9.876972436904907227e-02
1.325651407241821289e-01
1.484301127493381500e-02
1.527711898088455200e-01
-1.012895554304122925e-01
-1.829897016286849976e-01
-1.417625993490219116e-01
1.397111415863037109e-01
4.996948316693305969e-02
-2.215871959924697876e-01
2.042101919651031494e-01
-7.065818458795547485e-02
-4.076459258794784546e-02
-1.550368219614028931e-01
1.807155758142471313e-01
1.388525068759918213e-01
-2.869453653693199158e-02
2.343766540288925171e-01
3.533355146646499634e-02
1.883937120437622070e-01
-3.805091232061386108e-02
1.765068769454956055e-01
-3.839363902807235718e-02
3.044073842465877533e-02
6.051501259207725525e-02
-3.675324842333793640e-02
-1.978044211864471436e-01
-1.021190434694290161e-01
-1.435929387807846069e-01
-1.852168142795562744e-02
1.907690912485122681e-01
-1.198642030358314514e-01
1.465351730585098267e-01
1.922900676727294922e-01
1.004318334162235260e-02
-1.446234881877899170e-01
1.840168833732604980e-01
-1.201209276914596558e-01
2.070824056863784790e-01
-1.324903219938278198e-02
1.455513387918472290e-01
5.331546068191528320e-02
1.372969746589660645e-01
