-6.953551620244979858e-02
-9.875714033842086792e-02
-1.276846230030059814e-01
-1.319327354431152344e-01
-7.071629911661148071e-02
-4.966235253959894180e-03
-3.114253878593444824e-01
2.341344021260738373e-02
-7.621666789054870605e-02
-4.010187461972236633e-03
-1.100208163261413574e-01
4.942622780799865723e-02
-1.438073217868804932e-01
6.983315944671630859e-02
3.786762431263923645e-02
2.320301719009876251e-02
-1.147476732730865479e-01
-9.115121513605117798e-02
-1.297731604427099228e-02
9.377889335155487061e-02
-7.073859870433807373e-02
7.648414000868797302e-03
-3.011965453624725342e-01
-5.625601857900619507e-02
1.151705160737037659e-02
-2.157516777515411377e-01
-5.484987422823905945e-02
-1.915846765041351318e-01
-6.015370413661003113e-02
-5.013912543654441833e-02
-6.270171701908111572e-02
1.145132556557655334e-01
-1.286923885345458984e-01
-2.928079664707183838e-02
-1.442603860050439835e-02
4.429184272885322571e-02
2.838602364063262939e-01
2.783347666263580322e-01
1.229095831513404846e-01
1.494668573141098022e-01
2.874372899532318115e-01
1.885325014591217041e-01
1.245891898870468140e-01
1.069777160882949829e-01
1.607792824506759644e-01
-1.940546631813049316e-01
1.194175407290458679e-01
-1.152928620576858521e-01
5.924312025308609009e-02
-2.941031195223331451e-02
-7.288816571235656738e-02
-2.171087116003036499e-01
1.477195508778095245e-02
-2.116559445858001709e-02
4.531829804182052612e-02
1.399609446525573730e-02
1.423212047666311264e-02
-6.689178198575973511e-02
-1.486438363790512085e-01
1.926758885383605957e-01
5.193524062633514404e-03
1.791746020317077637e-01
1.135217323899269104e-01
3.259596973657608032e-02
3.731086105108261108e-02
