-9.704736620187759399e-02
-5.965620651841163635e-02
-1.236018761992454529e-01
-3.872484266757965088e-01
7.349231094121932983e-02
5.734982434660196304e-03
2.745140194892883301e-01
1.275364905595779419e-01
2.023610919713973999e-01
1.571390926837921143e-01
1.787959486246109009e-01
1.833770051598548889e-02
-4.850709810853004456e-02
-1.312247663736343384e-02
7.107153534889221191e-03
1.326120942831039429e-01
-6.082089245319366455e-02
-1.744576096534729004e-01
-8.886741846799850464e-02
-5.879537016153335571e-02
-1.731990277767181396e-01
1.110368445515632629e-01
1.468344242312014103e-03
9.226296842098236084e-02
-1.160192564129829407e-01
-2.267457991838455200e-01
-1.590171754360198975e-01
-1.856143623590469360e-01
1.816418319940567017e-01
-9.842243790626525879e-02
-7.666817307472229004e-02
9.545577317476272583e-02
-3.457917273044586182e-02
