-6.314684450626373291e-02
-1.431317031383514404e-01
-1.462218314409255981e-01
4.732073470950126648e-02
-4.784579947590827942e-02
1.525764167308807373e-01
-3.653851747512817383e-01
-8.037360012531280518e-02
-1.571543663740158081e-01
1.613500267267227173e-01
2.437027730047702789e-02
9.072290360927581787e-02
-1.442246790975332260e-02
-3.289024159312248230e-02
2.093705348670482635e-02
-3.375497087836265564e-02
1.437952183187007904e-02
2.510042116045951843e-02
2.813635952770709991e-02
3.878604620695114136e-02
3.411747142672538757e-02
3.118179365992546082e-02
4.108172282576560974e-02
5.123390257358551025e-02
7.417877763509750366e-02
8.537616580724716187e-02
6.053684651851654053e-02
2.794231772422790527e-01
-8.171777240931987762e-03
4.444897174835205078e-02
-1.502992212772369385e-01
-1.962512582540512085e-01
5.830818042159080505e-02
-9.577914141118526459e-03
-8.988025784492492676e-02
1.391299366950988770e-01
2.069889567792415619e-02
5.310481041669845581e-02
-2.751507423818111420e-02
-1.413938961923122406e-02
-1.437915675342082977e-02
-3.373043844476342201e-03
-1.015195064246654510e-02
4.879049956798553467e-03
-3.289823979139328003e-02
-4.747136682271957397e-02
-3.031172230839729309e-02
-1.442240271717309952e-02
-1.794953714124858379e-03
-4.053322970867156982e-02
8.919808268547058105e-02
-1.334455311298370361e-01
4.421406984329223633e-02
-1.247477382421493530e-01
3.556711599230766296e-02
3.751652315258979797e-02
3.710303083062171936e-02
-3.031630627810955048e-02
2.111970782279968262e-01
1.622380465269088745e-01
6.930075585842132568e-02
-1.140985637903213501e-01
-9.900283813476562500e-02
-2.639500889927148819e-04
2.720008231699466705e-02
