1.931889802217483521e-01
1.135844811797142029e-01
7.715391367673873901e-02
-7.203406840562820435e-02
6.432077288627624512e-02
-2.296411618590354919e-02
-1.936794258654117584e-02
-6.646388210356235504e-03
-7.011315971612930298e-02
-3.411485254764556885e-02
-1.440937723964452744e-02
1.117734163999557495e-01
-1.128278020769357681e-02
5.239811260253190994e-03
3.319960832595825195e-02
1.753144524991512299e-02
2.067744731903076172e-02
6.640424579381942749e-02
4.080858454108238220e-02
4.826706275343894958e-02
3.107421845197677612e-02
5.358165875077247620e-02
3.729159012436866760e-02
4.092696309089660645e-02
3.837330639362335205e-02
1.374371442943811417e-02
2.937210351228713989e-02
4.387246072292327881e-02
1.418865174055099487e-01
8.138904720544815063e-02
1.683923304080963135e-01
-6.941771507263183594e-02
-4.052952304482460022e-02
-1.384720951318740845e-01
-2.058024704456329346e-02
4.891865886747837067e-03
-2.747477497905492783e-03
-1.211707666516304016e-02
-7.180040236562490463e-03
1.343110809102654457e-03
-1.501212455332279205e-02
-2.840575063601136208e-03
-2.129820920526981354e-02
-2.299715578556060791e-02
-7.976166903972625732e-03
-2.210106886923313141e-02
-6.601719185709953308e-03
1.924309320747852325e-02
-1.756577007472515106e-02
-5.821242928504943848e-02
-2.675438113510608673e-02
-5.067402496933937073e-02
2.425221353769302368e-02
-8.895102143287658691e-02
-9.643393009901046753e-02
3.111710213124752045e-02
2.432140987366437912e-03
8.819220960140228271e-02
6.500789523124694824e-02
-6.379307061433792114e-02
-1.353416442871093750e-01
-1.674200408160686493e-02
-8.422895334661006927e-03
3.122167661786079407e-02
1.666542887687683105e-01
