-9.603848308324813843e-02
-5.875805765390396118e-02
-1.243009045720100403e-01
-4.222942888736724854e-01
7.725626975297927856e-02
-2.523918636143207550e-02
3.020044863224029541e-01
1.159974113106727600e-01
2.324616461992263794e-01
1.502211093902587891e-01
2.934317886829376221e-01
-8.437565714120864868e-02
-9.414019435644149780e-02
5.814598407596349716e-03
1.666604168713092804e-02
9.509484469890594482e-02
-1.347377747297286987e-01
-2.516606450080871582e-01
-1.405911594629287720e-01
-4.482759535312652588e-02
-3.474295735359191895e-01
2.963111698627471924e-01
4.635609802789986134e-04
1.697841286659240723e-01
-1.365551203489303589e-01
-2.389718294143676758e-01
-1.680436581373214722e-01
-1.857261806726455688e-01
2.057061493396759033e-01
-9.598370641469955444e-02
-7.254705578088760376e-02
9.442092478275299072e-02
-3.677027672529220581e-02
