-7.616245001554489136e-02
-8.945894986391067505e-02
-1.891302466392517090e-01
6.602235883474349976e-02
1.268399655818939209e-01
3.685886785387992859e-02
8.475787937641143799e-02
2.373876869678497314e-01
-8.460090495645999908e-03
-2.015472017228603363e-02
-5.465425550937652588e-02
2.885668724775314331e-02
1.214564368128776550e-01
3.251484036445617676e-02
-5.672541446983814240e-03
4.521922767162322998e-02
6.089114025235176086e-02
3.084125183522701263e-02
1.733342185616493225e-02
2.540496177971363068e-02
2.604107744991779327e-02
1.929770223796367645e-02
2.991761825978755951e-02
2.854531444609165192e-02
3.154049441218376160e-02
4.069893434643745422e-02
2.796632423996925354e-02
5.080468580126762390e-02
-4.180897027254104614e-02
7.494097948074340820e-02
-2.109614945948123932e-02
-5.306315422058105469e-02
-9.106406010687351227e-03
-1.193667128682136536e-01
-6.986398249864578247e-02
-2.898708917200565338e-02
-4.092428088188171387e-02
2.316774241626262665e-02
-1.362915802747011185e-02
1.489030476659536362e-02
1.662915386259555817e-02
-2.886642003431916237e-03
1.565162837505340576e-02
4.985366482287645340e-03
-6.919024512171745300e-03
-1.201562210917472839e-02
-1.653560437262058258e-02
1.003392878919839859e-02
3.548488602973520756e-04
-1.306048408150672913e-02
-5.318987742066383362e-02
2.839805372059345245e-02
1.025069504976272583e-01
-1.791238784790039062e-01
-1.691662333905696869e-02
-8.672872185707092285e-02
4.072136059403419495e-02
-1.328887738054618239e-04
-1.136379837989807129e-01
3.814995661377906799e-02
3.477486222982406616e-02
-1.332975225523114204e-03
1.118620187044143677e-01
-1.409285217523574829e-01
-1.765962988138198853e-01
