-3.440527617931365967e-01
-1.353809982538223267e-01
-4.848202317953109741e-02
-6.433394551277160645e-02
2.802655845880508423e-02
1.389007549732923508e-02
-3.412863239645957947e-02
6.287192553281784058e-02
-1.884672790765762329e-01
7.774367928504943848e-02
-1.243401467800140381e-01
-3.206291701644659042e-03
3.360825031995773315e-02
9.494760073721408844e-03
-5.239766091108322144e-03
-6.448714528232812881e-03
-3.909172862768173218e-02
-4.981816560029983521e-02
-5.548069998621940613e-02
-5.637465417385101318e-02
-8.162996917963027954e-02
-7.024630159139633179e-02
-8.766806125640869141e-02
-8.843456953763961792e-02
-9.893945604562759399e-02
-1.189612522721290588e-01
-1.291578859090805054e-01
-1.271085590124130249e-01
-1.479021757841110229e-01
3.884956613183021545e-02
-1.047305464744567871e-01
-6.263049691915512085e-02
-1.957687735557556152e-01
-2.466552704572677612e-02
-1.832375675439834595e-01
-5.440642684698104858e-02
-2.563787624239921570e-02
3.447988070547580719e-03
1.432519592344760895e-02
1.252486370503902435e-02
1.948741823434829712e-02
2.237536013126373291e-02
1.935780234634876251e-02
2.052976749837398529e-02
1.802319101989269257e-02
2.234173752367496490e-02
2.325844578444957733e-02
2.640340663492679596e-02
2.305331267416477203e-02
1.813345029950141907e-02
2.698646113276481628e-02
1.465589366853237152e-02
2.676845155656337738e-02
2.261328883469104767e-02
4.033214226365089417e-02
1.937530934810638428e-02
2.384076081216335297e-02
2.115777134895324707e-01
3.539848700165748596e-02
9.395589120686054230e-03
1.936390064656734467e-02
3.887423872947692871e-02
-4.997194185853004456e-02
-1.341294962912797928e-02
-9.214956313371658325e-02
