1.356862634420394897e-01
1.115296632051467896e-01
-6.681898981332778931e-02
-1.716971844434738159e-01
-1.669162809848785400e-01
9.352713823318481445e-02
1.618418097496032715e-01
6.042369455099105835e-02
-2.484359964728355408e-02
-1.123037189245223999e-03
-2.508836984634399414e-02
-2.407779358327388763e-02
3.002718463540077209e-02
-8.238900452852249146e-02
-3.059086799621582031e-01
-1.365066915750503540e-01
4.754575341939926147e-02
1.320744603872299194e-01
2.582421153783798218e-02
1.438430696725845337e-01
1.169917210936546326e-01
1.110059767961502075e-01
8.474910259246826172e-02
1.234990879893302917e-01
4.698497056961059570e-02
-3.347177803516387939e-02
1.400647163391113281e-01
1.455078572034835815e-01
3.486860170960426331e-02
-1.494154781103134155e-01
4.798029735684394836e-02
3.782479465007781982e-02
-2.040297240018844604e-01
