-4.009412601590156555e-02
3.861665353178977966e-02
3.922297805547714233e-02
-6.100687757134437561e-02
1.489412337541580200e-01
8.346620947122573853e-02
5.182150378823280334e-02
-5.853453278541564941e-02
-1.715036481618881226e-02
-3.467953801155090332e-01
-4.807183891534805298e-02
-6.604497879743576050e-02
-7.675212621688842773e-02
1.718943119049072266e-01
5.338663980364799500e-02
1.043439283967018127e-01
1.533120572566986084e-01
-2.874276787042617798e-02
-2.623035609722137451e-01
-6.896499544382095337e-02
9.620314836502075195e-02
-7.581979781389236450e-02
2.725150063633918762e-02
4.815119877457618713e-02
-5.544602870941162109e-02
-2.153978347778320312e-01
-4.651762545108795166e-02
5.248200148344039917e-02
-4.875356971751898527e-04
-2.464299649000167847e-01
-7.628817856311798096e-02
1.386804282665252686e-01
1.048409491777420044e-01
-1.458089798688888550e-01
-1.638688594102859497e-01
-5.056786816567182541e-03
1.336202472448348999e-01
-3.043540716171264648e-01
5.738825723528862000e-02
-2.335539609193801880e-01
7.603623718023300171e-02
-2.037135213613510132e-01
-2.007116079330444336e-01
9.708791971206665039e-02
7.951430976390838623e-02
-1.286335885524749756e-01
-1.799555681645870209e-02
2.110700607299804688e-01
1.377787590026855469e-01
1.132295131683349609e-01
2.031069695949554443e-01
-1.349534541368484497e-01
2.487588822841644287e-01
6.751795858144760132e-02
2.018278688192367554e-01
2.029475271701812744e-01
-4.005331546068191528e-02
9.367030113935470581e-02
-2.903201151639223099e-03
-1.059742942452430725e-01
-3.279232084751129150e-01
-6.166117265820503235e-02
8.005204051733016968e-02
-2.856943607330322266e-01
1.113095059990882874e-01
