5.167566984891891479e-02
1.254795193672180176e-01
4.502804204821586609e-02
-7.413204759359359741e-02
2.631898969411849976e-02
1.608840003609657288e-02
9.768249094486236572e-02
4.799802973866462708e-02
6.663983315229415894e-02
-4.001694172620773315e-02
9.709487669169902802e-03
-2.424939721822738647e-02
-3.886435180902481079e-02
8.442528545856475830e-03
-2.197636477649211884e-02
-3.006078302860260010e-02
-5.100295413285493851e-03
1.495711971074342728e-02
-2.498020231723785400e-02
-1.044862903654575348e-02
-1.442483160644769669e-03
-2.043020725250244141e-02
-2.254475466907024384e-02
-4.086789861321449280e-02
-5.097181722521781921e-02
-6.504668295383453369e-02
-9.072390198707580566e-02
-1.167386993765830994e-01
-7.227759063243865967e-02
3.513644263148307800e-02
1.673296093940734863e-01
1.437366604804992676e-01
-3.412025049328804016e-02
2.312514930963516235e-01
2.426713937893509865e-03
1.081708967685699463e-01
5.292788520455360413e-02
2.545075118541717529e-02
1.424938440322875977e-02
1.130103785544633865e-02
1.382056903094053268e-02
4.209551028907299042e-03
2.154499292373657227e-02
2.070538140833377838e-02
1.705896668136119843e-02
4.532942920923233032e-02
-9.528455324470996857e-03
6.295660883188247681e-02
-6.881571374833583832e-03
-4.926029965281486511e-02
1.513683944940567017e-01
1.182583160698413849e-02
7.936636358499526978e-02
3.477925062179565430e-02
1.957881897687911987e-01
1.613364219665527344e-01
4.934237524867057800e-02
1.887812167406082153e-01
-6.164197251200675964e-02
2.364353835582733154e-01
1.666217148303985596e-01
-2.531594224274158478e-02
-1.230785325169563293e-01
-9.967461973428726196e-02
6.909888982772827148e-02
