9.682903438806533813e-02
1.833878606557846069e-01
-1.193204745650291443e-01
1.026156097650527954e-01
1.048002764582633972e-01
-1.485492736101150513e-01
-1.604274958372116089e-01
-8.656507730484008789e-02
-4.831769689917564392e-02
-8.982177078723907471e-02
-1.178479492664337158e-01
-1.612653583288192749e-01
-1.520600467920303345e-01
-1.846199929714202881e-01
1.425575613975524902e-01
1.517524719238281250e-01
1.705773025751113892e-01
-1.542113125324249268e-01
-1.630457788705825806e-01
-1.279360055923461914e-01
-7.330748438835144043e-02
-2.846607938408851624e-02
-1.720416359603404999e-02
8.976139128208160400e-02
4.411907494068145752e-02
1.597097814083099365e-01
1.449902262538671494e-02
2.264943569898605347e-01
1.791844144463539124e-02
8.139400184154510498e-02
1.072210595011711121e-01
1.920294947922229767e-02
-1.290216855704784393e-02
