-4.463598504662513733e-02
-1.531768143177032471e-01
2.371900081634521484e-01
1.580961607396602631e-02
-7.936740666627883911e-02
1.976181268692016602e-01
-2.355381660163402557e-02
1.318527609109878540e-01
-5.048474296927452087e-02
-1.001922860741615295e-01
-9.885535575449466705e-03
-9.359641373157501221e-02
-5.358958244323730469e-02
-1.438816487789154053e-01
5.247127264738082886e-02
1.044843643903732300e-01
-1.456086989492177963e-02
6.311441212892532349e-02
5.576626211404800415e-02
4.618073254823684692e-02
2.549330331385135651e-02
7.876509428024291992e-02
6.279679387807846069e-02
8.340989053249359131e-02
6.960315257310867310e-02
7.055991794914007187e-03
1.712271869182586670e-01
1.706260442733764648e-02
1.147867739200592041e-01
2.181051066145300865e-03
-9.530621021986007690e-02
-1.643990576267242432e-01
5.299579724669456482e-02
2.177480049431324005e-02
3.572466596961021423e-02
-3.431664407253265381e-02
-8.181237429380416870e-02
-1.760711669921875000e-01
-8.360442519187927246e-02
-9.666237980127334595e-02
-8.367746323347091675e-02
-3.550716117024421692e-02
-1.645513251423835754e-02
1.598996669054031372e-02
9.426173754036426544e-03
-6.503181159496307373e-02
-7.414464652538299561e-02
-2.455693669617176056e-02
5.912579223513603210e-02
-3.367994353175163269e-02
-2.183995246887207031e-01
-1.702244766056537628e-02
1.576438359916210175e-02
1.550785005092620850e-01
-1.440608501434326172e-01
5.717687681317329407e-02
-2.903196960687637329e-02
-9.452445805072784424e-02
2.245234884321689606e-02
-8.335204422473907471e-02
9.753908962011337280e-02
-7.795605063438415527e-02
-2.373121306300163269e-02
-4.155323840677738190e-03
7.072760909795761108e-02
