-1.188018843531608582e-01
1.102034366340376437e-04
5.237762928009033203e-01
7.105793803930282593e-02
1.618370711803436279e-01
2.542474269866943359e-01
3.010513484477996826e-01
-3.988143801689147949e-01
-1.505094915628433228e-01
-3.517032787203788757e-02
1.753565967082977295e-01
-6.493708491325378418e-02
-1.063724160194396973e-01
-1.949314400553703308e-02
-3.223634660243988037e-01
-2.886506021022796631e-01
-1.044770702719688416e-01
-8.556655049324035645e-02
6.160463765263557434e-02
3.032972812652587891e-01
1.634468138217926025e-01
-3.936121761798858643e-01
-1.937266588211059570e-01
-2.148912698030471802e-01
1.971231848001480103e-01
-1.465139389038085938e-01
-4.479234665632247925e-02
1.232196316123008728e-01
-2.328999191522598267e-01
2.605212032794952393e-01
1.516298651695251465e-01
-4.140426218509674072e-01
9.217510372400283813e-02
