-1.768567226827144623e-02
2.420870065689086914e-01
-2.306983619928359985e-02
-1.664774119853973389e-01
4.876131936907768250e-02
-1.191017553210258484e-01
3.054948523640632629e-02
-4.938914626836776733e-02
4.941063746809959412e-02
-2.210907265543937683e-02
-1.037766691297292709e-02
2.931514056399464607e-03
1.082197576761245728e-02
2.527884207665920258e-02
2.467555738985538483e-02
3.790084645152091980e-02
2.864223904907703400e-02
3.140022233128547668e-02
3.178498521447181702e-02
3.287905827164649963e-02
3.749602288007736206e-02
3.806275874376296997e-02
4.798301681876182556e-02
4.276857525110244751e-02
5.020983517169952393e-02
5.434661358594894409e-02
5.365462601184844971e-02
5.807501822710037231e-02
2.860826067626476288e-02
3.470753505825996399e-02
2.402575500309467316e-02
7.994590699672698975e-02
5.063242837786674500e-02
-1.588013470172882080e-01
4.197276756167411804e-02
-2.824611775577068329e-02
1.978259906172752380e-02
1.881789043545722961e-02
2.851422689855098724e-02
2.286875806748867035e-02
3.425492718815803528e-02
3.364219516515731812e-02
3.813967481255531311e-02
3.337720036506652832e-02
3.710767999291419983e-02
3.128622099757194519e-02
2.875205129384994507e-02
4.111192002892494202e-02
6.281197071075439453e-02
3.904822468757629395e-02
5.593604221940040588e-02
3.003666177392005920e-02
1.955255120992660522e-02
1.362628340721130371e-01
3.313140198588371277e-02
1.024298593401908875e-01
1.338096112012863159e-01
1.036503612995147705e-01
9.774170815944671631e-03
4.467912763357162476e-02
6.087833316996693611e-04
-1.284760236740112305e-01
-6.368458271026611328e-02
1.546211838722229004e-01
1.041386425495147705e-01
