-1.258066892623901367e-01
7.973989844322204590e-02
3.021280765533447266e-01
1.082987338304519653e-01
-3.764693439006805420e-01
-2.198770940303802490e-01
-3.278600051999092102e-04
1.045425459742546082e-01
1.212745830416679382e-01
-6.754349917173385620e-02
1.098673194646835327e-01
2.074133902788162231e-01
1.866171061992645264e-01
4.161129146814346313e-02
3.725058585405349731e-02
-1.360676884651184082e-01
1.335098128765821457e-02
-2.084894180297851562e-01
6.816314905881881714e-02
-1.617155969142913818e-01
1.151922494173049927e-01
-1.344223767518997192e-01
-9.939498268067836761e-03
8.223560452461242676e-02
1.022043675184249878e-01
-3.486174345016479492e-02
-2.019989043474197388e-01
9.429440647363662720e-02
-2.850490622222423553e-02
1.237312611192464828e-02
-2.722506038844585419e-02
7.150109112262725830e-02
2.351874299347400665e-02
4.325856862124055624e-04
-4.426440689712762833e-03
9.120420366525650024e-02
2.201870977878570557e-01
1.747997701168060303e-01
1.592801660299301147e-01
1.362291425466537476e-01
1.345368195325136185e-02
1.243726583197712898e-03
-6.676607578992843628e-02
4.405002295970916748e-02
-3.193421661853790283e-02
-1.551534235477447510e-01
-1.306486781686544418e-02
5.479749292135238647e-02
7.163937389850616455e-02
-1.149006187915802002e-01
-2.261624187231063843e-01
-2.386957854032516479e-01
-8.545660972595214844e-02
-9.456291049718856812e-02
-2.395700290799140930e-02
-2.302315784618258476e-03
-1.287635266780853271e-01
-2.141933888196945190e-01
-5.232796445488929749e-02
1.331765577197074890e-02
-2.759014442563056946e-02
-9.935548156499862671e-02
1.110132411122322083e-01
-5.534416809678077698e-02
1.451976876705884933e-02
