-3.227011114358901978e-02
1.292580217123031616e-01
-3.014826774597167969e-01
7.366186007857322693e-03
7.883898168802261353e-02
1.531757712364196777e-01
9.922591596841812134e-02
7.579871919006109238e-03
1.178383752703666687e-01
1.481999307870864868e-01
1.527872234582901001e-01
7.421743869781494141e-02
2.404805272817611694e-02
2.401576936244964600e-02
1.750081330537796021e-01
6.722795218229293823e-02
3.758378699421882629e-02
-9.186559915542602539e-02
1.319775357842445374e-02
-4.681527148932218552e-03
-3.059680573642253876e-02
-4.603854846209287643e-03
-1.452742516994476318e-02
-7.913611829280853271e-02
-1.081020906567573547e-01
-8.822473697364330292e-03
-1.835063546895980835e-01
-1.218156442046165466e-01
-1.415862739086151123e-01
-2.219888269901275635e-01
2.001826465129852295e-01
-2.658519148826599121e-01
-2.661263048648834229e-01
