-9.771574288606643677e-02
-1.128839999437332153e-01
-2.584722936153411865e-01
1.087106615304946899e-01
1.929957121610641479e-01
4.380662366747856140e-02
1.295293569564819336e-01
3.035131692886352539e-01
-4.792916402220726013e-02
-7.288438081741333008e-02
-1.143493726849555969e-01
-2.967821201309561729e-03
1.612435579299926758e-01
7.711885031312704086e-03
-1.797969192266464233e-01
3.173833712935447693e-02
2.808672785758972168e-01
-1.678684055805206299e-01
-1.518265455961227417e-01
-1.233715787529945374e-01
-1.989564597606658936e-01
9.686480462551116943e-02
-2.156502753496170044e-01
9.510274394415318966e-04
-7.612117379903793335e-02
-9.201098978519439697e-02
1.641343235969543457e-01
-6.699465960264205933e-02
-1.036141254007816315e-02
-1.126529648900032043e-02
-1.000020727515220642e-01
3.575647994875907898e-02
-1.119052544236183167e-01
