-1.036975309252738953e-01
-1.170028001070022583e-01
-1.073799133300781250e-01
-3.237588703632354736e-02
1.278577297925949097e-01
-8.941143006086349487e-02
-2.229216992855072021e-01
8.515421301126480103e-02
4.353071376681327820e-02
-7.489089667797088623e-02
-2.767715752124786377e-01
1.887356340885162354e-01
2.215875685214996338e-01
1.962913125753402710e-01
1.787149608135223389e-01
2.244784496724605560e-02
2.669595777988433838e-01
1.758191734552383423e-01
-5.423998925834894180e-03
1.684285551309585571e-01
9.569286555051803589e-02
2.060273662209510803e-02
6.742852181196212769e-02
4.055812656879425049e-01
8.183628320693969727e-02
8.131913840770721436e-02
-1.568590104579925537e-01
2.898054122924804688e-01
3.186651170253753662e-01
-8.355212397873401642e-03
1.764088310301303864e-02
-1.604603081941604614e-01
1.791274398565292358e-01
