-2.346560955047607422e-01
-3.069068677723407745e-02
7.480386644601821899e-02
2.337803691625595093e-01
1.687283664941787720e-01
-4.971485957503318787e-02
1.656473875045776367e-01
-1.528802216053009033e-01
-5.809695459902286530e-03
1.838369518518447876e-01
1.744907647371292114e-01
1.089766528457403183e-02
2.085094153881072998e-01
1.996157616376876831e-01
-1.362196803092956543e-01
7.858639955520629883e-02
2.416744530200958252e-01
3.108890354633331299e-01
-1.894037276506423950e-01
-3.386612832546234131e-01
-1.304754894226789474e-02
-2.313040792942047119e-01
-1.682291179895401001e-02
8.845204859972000122e-02
1.908979266881942749e-01
8.379603922367095947e-02
1.748364567756652832e-01
3.553287684917449951e-01
4.300898611545562744e-01
-7.243273407220840454e-02
2.716083526611328125e-01
-2.421137690544128418e-01
-1.960157752037048340e-01
