7.163450866937637329e-02
2.337469905614852905e-01
1.429253071546554565e-01
8.268781006336212158e-02
1.295575350522994995e-01
1.030909940600395203e-01
8.585157990455627441e-02
2.830870151519775391e-01
1.952581256628036499e-01
1.221718192100524902e-01
2.632092870771884918e-02
7.937210053205490112e-02
6.363039463758468628e-02
4.311625286936759949e-02
6.710611283779144287e-02
3.412706032395362854e-02
2.483738027513027191e-02
2.109900116920471191e-02
2.112847566604614258e-02
2.629454806447029114e-02
1.851808466017246246e-02
2.100541256368160248e-02
2.744845487177371979e-02
2.920779585838317871e-02
3.296606242656707764e-02
4.579817503690719604e-02
4.683232679963111877e-02
5.543270334601402283e-02
6.909219175577163696e-02
-1.157737337052822113e-02
9.022398851811885834e-03
-2.571241557598114014e-01
1.474622935056686401e-01
1.436774283647537231e-01
-1.756569594144821167e-01
-1.282363086938858032e-01
-1.246416717767715454e-01
-9.571880102157592773e-02
-8.055683225393295288e-02
-6.875991076231002808e-02
-6.587580591440200806e-02
-5.151724442839622498e-02
-5.366683006286621094e-02
-4.933643341064453125e-02
-4.210636764764785767e-02
-4.205413535237312317e-02
-3.498250618577003479e-02
-3.840690478682518005e-02
-3.193807974457740784e-02
-2.544471435248851776e-02
-1.566919311881065369e-02
-3.081170655786991119e-02
-2.755567617714405060e-02
-2.242695353925228119e-02
-1.428184565156698227e-02
-9.162270464003086090e-03
1.513957139104604721e-02
-1.008517444133758545e-01
2.208806201815605164e-02
-7.704840600490570068e-02
-3.590137511491775513e-02
4.877569526433944702e-02
1.743913590908050537e-01
7.838748395442962646e-02
-3.916924074292182922e-02
