-5.446955189108848572e-02
-1.601042151451110840e-01
-1.629969477653503418e-01
6.634885072708129883e-02
-3.967377543449401855e-02
1.800485998392105103e-01
-3.936719894409179688e-01
-7.972212135791778564e-02
-1.710153073072433472e-01
2.191736698150634766e-01
5.291690304875373840e-02
1.488963663578033447e-01
-1.563165453262627125e-03
-3.983658924698829651e-02
7.168617844581604004e-02
-1.485520750284194946e-01
4.557562991976737976e-02
6.230448931455612183e-02
1.162122562527656555e-02
1.046731472015380859e-01
-5.211797356605529785e-02
-1.505556404590606689e-01
6.045710761100053787e-04
4.183380678296089172e-02
1.560972481966018677e-01
1.411328762769699097e-01
4.225390404462814331e-02
3.774580657482147217e-01
-4.973434284329414368e-02
4.054795578122138977e-02
-1.429634988307952881e-01
-1.769337654113769531e-01
9.176103025674819946e-02
2.815742604434490204e-02
-5.956340953707695007e-02
2.209111303091049194e-01
8.165176212787628174e-02
2.215197831392288208e-01
-3.796312958002090454e-02
5.441227182745933533e-02
8.079088293015956879e-03
1.814275979995727539e-01
4.382898285984992981e-02
2.949915826320648193e-01
-1.610448956489562988e-01
-1.484590321779251099e-01
-3.983164951205253601e-02
3.398189693689346313e-02
5.504999309778213501e-02
-4.913161695003509521e-02
1.703849136829376221e-01
-1.660867035388946533e-01
6.698252260684967041e-02
-1.486058831214904785e-01
5.187274143099784851e-02
5.878008529543876648e-02
5.269815400242805481e-02
-3.014875762164592743e-02
2.464545071125030518e-01
1.768565177917480469e-01
8.013167977333068848e-02
-1.173967495560646057e-01
-1.003368347883224487e-01
1.499562896788120270e-02
4.307467490434646606e-02
