3.759690001606941223e-02
-4.387597367167472839e-02
4.742727056145668030e-02
-3.029047846794128418e-01
-5.186810344457626343e-02
1.763217747211456299e-01
2.196146845817565918e-01
-2.829351089894771576e-02
2.376610971987247467e-02
4.303619265556335449e-01
-1.474038362503051758e-01
4.837917536497116089e-02
-9.761159121990203857e-02
-6.251789629459381104e-02
1.737938821315765381e-01
3.377026915550231934e-01
3.088970482349395752e-01
9.422349929809570312e-02
9.337434172630310059e-02
-3.673794213682413101e-03
-2.293550781905651093e-02
1.842061132192611694e-01
2.365514934062957764e-01
3.712212145328521729e-01
2.234890609979629517e-01
8.434226363897323608e-02
2.447025924921035767e-01
4.692250117659568787e-02
-1.607538461685180664e-01
-1.679970175027847290e-01
5.654392391443252563e-02
-2.610282599925994873e-01
-1.502517461776733398e-01
