-1.747694313526153564e-01
-2.325328439474105835e-01
2.489235810935497284e-02
2.048217654228210449e-01
-1.932305246591567993e-01
-9.000267088413238525e-02
-5.449697002768516541e-02
8.060317486524581909e-02
9.126967936754226685e-02
-6.683944910764694214e-02
-7.767330110073089600e-02
1.493002027273178101e-01
-2.437227964401245117e-01
8.081376552581787109e-02
1.610102057456970215e-01
2.249001115560531616e-01
3.436640501022338867e-01
-1.235805600881576538e-01
-1.082135438919067383e-01
-2.655473947525024414e-01
2.232142090797424316e-01
-2.693141102790832520e-01
-8.995069563388824463e-02
-2.062493003904819489e-02
7.711210753768682480e-03
1.201752647757530212e-01
-1.537218987941741943e-01
4.342510104179382324e-01
-5.505913868546485901e-02
2.440283149480819702e-01
-9.684209525585174561e-02
1.552821397781372070e-01
2.882241606712341309e-01
