1.503659188747406006e-01
-6.031804904341697693e-02
-9.193919599056243896e-02
-4.293463751673698425e-02
-1.459187269210815430e-01
-5.073402076959609985e-02
4.159161448478698730e-02
-1.053182929754257202e-01
9.919225238263607025e-03
-5.875476449728012085e-02
2.926718071103096008e-02
7.485879119485616684e-03
2.235869690775871277e-02
2.225775457918643951e-02
-8.115427568554878235e-03
4.230254329741001129e-03
9.091486572287976742e-04
-5.284561775624752045e-03
-6.531530991196632385e-03
-6.075802724808454514e-03
-7.862183265388011932e-03
-1.544831041246652603e-02
-1.589102111756801605e-02
-1.744453236460685730e-02
-2.340176887810230255e-02
-2.524618431925773621e-02
-4.026619344949722290e-02
-3.257386013865470886e-02
-8.543515950441360474e-02
1.384248733520507812e-01
-4.099005833268165588e-02
-4.986297711730003357e-02
-2.266233041882514954e-02
-2.239968627691268921e-02
2.259553968906402588e-01
1.473109722137451172e-01
6.219807267189025879e-02
7.462160289287567139e-02
5.341330543160438538e-02
4.479385167360305786e-02
3.876780346035957336e-02
3.278432786464691162e-02
3.033678233623504639e-02
3.365580737590789795e-02
2.646406926214694977e-02
3.012607246637344360e-02
3.677423298358917236e-02
3.749744594097137451e-02
4.373781010508537292e-02
2.607112936675548553e-02
2.218927070498466492e-02
5.388770624995231628e-02
-3.826372558251023293e-03
1.155529450625181198e-02
-1.240089442580938339e-02
-6.925339996814727783e-02
-1.345674623735249043e-03
-4.692962765693664551e-02
-4.682268947362899780e-02
-2.045809477567672729e-01
4.639634117484092712e-02
1.944584250450134277e-01
3.636450693011283875e-02
-4.707149043679237366e-02
6.692621856927871704e-02
