-6.403369456529617310e-02
-1.001891717314720154e-01
5.034178122878074646e-02
1.433218121528625488e-01
-1.891263872385025024e-01
1.266486849635839462e-02
-7.809489220380783081e-02
-1.114321593195199966e-02
-1.042305678129196167e-01
-2.345162443816661835e-03
-3.241646289825439453e-02
-7.351408898830413818e-02
-6.366056203842163086e-02
-1.253616213798522949e-01
-2.419875003397464752e-02
3.517713770270347595e-02
-1.549539715051651001e-01
2.250425815582275391e-01
-6.526276469230651855e-02
-4.610763862729072571e-02
-2.250257432460784912e-01
5.950772389769554138e-02
-6.906267255544662476e-02
5.882764235138893127e-02
-1.367667764425277710e-01
-6.788671016693115234e-02
-9.303801506757736206e-02
3.659519553184509277e-02
8.497141301631927490e-02
9.721226990222930908e-02
4.918794706463813782e-02
1.530242897570133209e-02
8.022544533014297485e-02
-1.828108727931976318e-01
-1.626611053943634033e-01
1.185850203037261963e-01
8.060508221387863159e-02
1.458582431077957153e-01
8.532404154539108276e-02
1.579308360815048218e-01
-5.740703642368316650e-02
-1.846900135278701782e-01
-5.870848894119262695e-02
-1.405641883611679077e-01
4.163552820682525635e-02
2.502599544823169708e-02
1.603080891072750092e-02
-1.183666586875915527e-01
9.289357811212539673e-02
1.278835386037826538e-01
1.949886828660964966e-01
-9.893491864204406738e-02
5.503341555595397949e-02
1.481844931840896606e-01
-1.110148504376411438e-01
-1.688887923955917358e-01
-4.578306470648385584e-05
-1.043548882007598877e-01
1.281389221549034119e-02
-2.365452423691749573e-02
9.323787689208984375e-02
6.031020358204841614e-02
-6.902661919593811035e-02
5.807619914412498474e-02
1.846531927585601807e-01
