-6.892187520861625671e-03
1.028830036520957947e-01
-7.295960932970046997e-02
6.452502310276031494e-02
-1.866973005235195160e-02
1.898067742586135864e-01
1.771717369556427002e-01
3.628821372985839844e-01
-1.400338709354400635e-01
-1.280715316534042358e-01
1.578597426414489746e-01
1.878633946180343628e-01
1.427138745784759521e-01
-7.510869204998016357e-02
1.134901940822601318e-01
-3.137989640235900879e-01
-1.152210310101509094e-01
1.198078989982604980e-01
1.734210699796676636e-01
-1.119864806532859802e-01
2.464407235383987427e-01
6.483516097068786621e-02
4.466611146926879883e-02
3.583086133003234863e-01
2.082180045545101166e-02
3.978507220745086670e-02
-2.130085825920104980e-01
-2.417884320020675659e-01
-2.973549664020538330e-01
-2.306406050920486450e-01
-7.147315144538879395e-02
-5.001058578491210938e-01
6.154239550232887268e-02
-1.253177672624588013e-01
2.135619142791256309e-04
-3.733725249767303467e-01
-1.575075238943099976e-01
8.004430681467056274e-03
-4.448732361197471619e-02
-2.122979909181594849e-01
9.618775546550750732e-02
1.611154340207576752e-02
1.646931022405624390e-01
2.493820637464523315e-01
-5.757451057434082031e-02
6.369718816131353378e-03
3.649857640266418457e-02
-2.587182819843292236e-01
-1.829417049884796143e-02
7.534421235322952271e-02
9.144151955842971802e-02
-2.677150368690490723e-01
5.677812546491622925e-02
-2.838400006294250488e-01
-8.718764036893844604e-02
-1.192077845335006714e-01
7.904672622680664062e-02
-3.543519377708435059e-01
6.446506083011627197e-02
-5.794588848948478699e-02
7.120276987552642822e-02
6.678364425897598267e-02
-1.378886029124259949e-02
-3.660210669040679932e-01
-1.314552035182714462e-03
