6.933947652578353882e-02
-3.136714100837707520e-01
-2.756422162055969238e-01
5.102959275245666504e-02
1.616106033325195312e-01
7.424182724207639694e-03
-2.108833752572536469e-02
-5.905137583613395691e-02
7.956080138683319092e-02
1.130504757165908813e-01
6.153491139411926270e-02
1.406070441007614136e-01
2.233819216489791870e-01
3.167152404785156250e-01
2.508255541324615479e-01
9.728843718767166138e-02
-4.912212863564491272e-02
9.683502465486526489e-02
-7.350813597440719604e-02
-1.990174353122711182e-01
3.197232261300086975e-02
3.967744484543800354e-02
1.184607744216918945e-01
-4.265397042036056519e-02
1.399933639913797379e-02
8.941154927015304565e-02
-5.216218903660774231e-02
1.547167748212814331e-01
1.930754035711288452e-01
-1.333930529654026031e-03
9.071234613656997681e-02
1.637408584356307983e-01
-1.138211265206336975e-01
