-1.487910002470016479e-01
-3.568352758884429932e-02
-2.819017507135868073e-02
-1.494957357645034790e-01
6.419814378023147583e-02
-6.976636499166488647e-02
4.418263956904411316e-02
-4.603495355695486069e-03
4.874862357974052429e-02
4.789569973945617676e-02
1.185867190361022949e-02
3.151444345712661743e-02
1.093947142362594604e-02
8.018596470355987549e-02
5.882858112454414368e-02
5.750497430562973022e-02
2.859591320157051086e-02
3.418736532330513000e-02
2.137755602598190308e-02
2.707349695265293121e-02
2.052230387926101685e-02
1.355679519474506378e-02
1.645313203334808350e-02
1.113374065607786179e-02
2.821197733283042908e-03
-3.059173002839088440e-03
-1.198413223028182983e-02
5.260145757347345352e-03
7.739961147308349609e-03
1.158965826034545898e-01
-8.006294071674346924e-02
2.740292809903621674e-02
8.357681334018707275e-02
2.494118548929691315e-02
1.661400496959686279e-02
2.991603687405586243e-02
5.280433222651481628e-02
4.829240590333938599e-02
2.853728272020816803e-02
3.466411679983139038e-02
1.949437521398067474e-02
2.311510033905506134e-02
1.742533221840858459e-02
1.127883885055780411e-02
1.871194504201412201e-02
6.347176618874073029e-03
5.612945184111595154e-03
1.747941598296165466e-02
3.047528676688671112e-03
-2.868440700694918633e-03
2.979746321216225624e-03
3.243952291086316109e-03
1.770232617855072021e-02
-8.283171802759170532e-03
1.502530127763748169e-01
5.149103701114654541e-03
-3.099942952394485474e-02
-6.438454240560531616e-02
-7.254409790039062500e-02
4.505471140146255493e-02
1.090102940797805786e-01
-2.095288597047328949e-02
-1.304973661899566650e-01
-1.063170060515403748e-01
2.342499345541000366e-01
