-1.352079212665557861e-01
3.395455181598663330e-01
-1.452536787837743759e-02
2.208431661128997803e-01
-4.366271942853927612e-02
1.055045947432518005e-01
3.151973485946655273e-01
7.607229053974151611e-02
9.148607403039932251e-02
9.457571804523468018e-02
7.171576470136642456e-02
7.386537641286849976e-02
5.359071865677833557e-02
-1.151899807155132294e-03
1.300545185804367065e-01
-6.199573632329702377e-03
-2.758140563964843750e-01
2.094475626945495605e-01
1.133577451109886169e-01
1.449009627103805542e-01
6.326167285442352295e-02
-6.709024775773286819e-03
-5.307883396744728088e-02
-8.779634535312652588e-02
-8.353132754564285278e-02
-1.570852547883987427e-01
-1.233009025454521179e-01
-2.998712845146656036e-02
1.847165524959564209e-01
2.994884969666600227e-03
-3.940986096858978271e-02
1.494273394346237183e-01
3.848560154438018799e-02
