3.838522359728813171e-02
-6.567519903182983398e-02
1.053164303302764893e-01
-1.124057620763778687e-01
-7.860706001520156860e-02
-2.840358763933181763e-02
-1.584448367357254028e-01
-6.282365415245294571e-03
2.589781582355499268e-02
-1.480049341917037964e-01
-4.578946903347969055e-02
3.269645571708679199e-02
5.688081029802560806e-03
4.294307157397270203e-02
3.064291179180145264e-02
4.740878567099571228e-02
4.844691231846809387e-02
4.689786955714225769e-02
4.136895760893821716e-02
4.837530851364135742e-02
5.565335974097251892e-02
5.508913844823837280e-02
5.543128773570060730e-02
5.911578610539436340e-02
6.417115777730941772e-02
6.687033176422119141e-02
8.118951320648193359e-02
8.082199841737747192e-02
-9.246959537267684937e-02
6.584822386503219604e-02
1.504434496164321899e-01
-1.129642277956008911e-01
-4.670686554163694382e-03
-8.638376742601394653e-02
3.415438905358314514e-02
-2.976658046245574951e-01
-7.566756010055541992e-02
-3.186349198222160339e-02
-1.548928394913673401e-02
-7.343465462327003479e-03
-7.206175476312637329e-03
3.116525011137127876e-03
-2.558695152401924133e-03
2.817562781274318695e-04
-7.235018536448478699e-03
-3.816343145444989204e-03
2.466018544510006905e-03
-1.288668531924486160e-02
-2.571035549044609070e-02
-2.405278198421001434e-02
-4.835567250847816467e-02
-1.158384606242179871e-02
-3.694171458482742310e-02
-2.548307180404663086e-02
-5.886952206492424011e-02
-8.487293496727943420e-03
-1.801807433366775513e-02
-7.550604641437530518e-02
1.313402205705642700e-01
-1.636660099029541016e-02
-7.551270723342895508e-02
-2.315001562237739563e-02
-3.317262977361679077e-02
-2.411864697933197021e-03
-9.402047097682952881e-02
