-2.108145952224731445e-01
1.713194996118545532e-01
1.894873976707458496e-01
-6.006351858377456665e-02
-7.227217406034469604e-02
-1.290491074323654175e-01
-7.672750204801559448e-02
-3.383436203002929688e-01
1.412595361471176147e-01
1.397940367460250854e-01
2.316481322050094604e-01
1.001776754856109619e-01
1.216178610920906067e-01
1.877138018608093262e-01
-6.500296294689178467e-02
1.633348912000656128e-01
8.218441903591156006e-02
-1.083451583981513977e-01
-2.069817669689655304e-02
-2.284065634012222290e-02
-1.242048144340515137e-01
-9.434370696544647217e-02
-2.043153904378414154e-02
4.914274066686630249e-02
-3.533606529235839844e-01
9.767962247133255005e-02
-3.201064467430114746e-01
1.234361995011568069e-02
1.987603306770324707e-01
-1.186887323856353760e-01
-6.194715574383735657e-02
-1.130737587809562683e-01
-9.464269876480102539e-02
