1.601190119981765747e-01
1.418904960155487061e-01
-6.000532954931259155e-02
-1.938436180353164673e-01
-2.190999686717987061e-01
1.350453346967697144e-01
2.439477890729904175e-01
8.565390855073928833e-02
-9.307844936847686768e-02
2.592305466532707214e-02
-7.084473967552185059e-02
-1.326116770505905151e-01
1.658219248056411743e-01
-1.669758111238479614e-01
-3.985874950885772705e-01
-2.048672884702682495e-01
9.853928349912166595e-03
1.199593618512153625e-01
-1.237714290618896484e-01
2.022272497415542603e-01
1.058991625905036926e-01
1.419392526149749756e-01
-2.952929213643074036e-02
2.344068288803100586e-01
-2.498582936823368073e-03
-1.426163166761398315e-01
1.776768118143081665e-01
1.634510457515716553e-01
1.106283720582723618e-02
-1.828961521387100220e-01
5.516772717237472534e-02
5.750934407114982605e-02
-2.133343815803527832e-01
