1.897712349891662598e-01
-3.846496641635894775e-01
-4.759706184267997742e-02
-5.121412500739097595e-02
1.368737518787384033e-01
4.776944871991872787e-03
4.344015941023826599e-02
4.348139837384223938e-02
-4.124916344881057739e-02
-1.500671058893203735e-01
-1.192354634404182434e-01
-1.630543768405914307e-01
-2.183352112770080566e-01
-3.251186311244964600e-01
-1.377762760967016220e-02
-2.635666914284229279e-02
1.594400703907012939e-01
1.481000781059265137e-01
-4.197399318218231201e-02
1.869710385799407959e-01
7.590576261281967163e-02
-3.966870531439781189e-02
-2.078403234481811523e-01
6.009942851960659027e-03
7.223796844482421875e-02
-7.343389093875885010e-02
-7.659429311752319336e-02
-1.493625342845916748e-01
2.406546287238597870e-02
2.558673322200775146e-01
1.202233508229255676e-01
2.164111137390136719e-01
2.736807763576507568e-01
