1.549233794212341309e-01
2.859143018722534180e-01
-1.627383679151535034e-01
-1.866618357598781586e-02
-5.607389844954013824e-03
3.443160653114318848e-01
1.937879472970962524e-01
7.334730029106140137e-02
7.794229686260223389e-02
6.757874973118305206e-03
-3.397900983691215515e-02
2.560280822217464447e-02
-5.508746486157178879e-03
5.437826737761497498e-02
4.132913053035736084e-01
8.940865844488143921e-02
-5.752293393015861511e-02
-9.807727299630641937e-03
-1.050859019160270691e-01
-1.612902879714965820e-01
-7.418090850114822388e-02
-2.504085190594196320e-02
-2.399076521396636963e-02
-2.578121609985828400e-02
-1.078812554478645325e-01
-2.246052026748657227e-01
3.132690489292144775e-01
7.482397370040416718e-03
6.152296904474496841e-03
2.162807434797286987e-01
7.659652084112167358e-02
-1.128458008170127869e-01
6.181194633245468140e-02
