-2.127636075019836426e-01
1.943574845790863037e-01
2.072180807590484619e-01
-6.276151537895202637e-02
-6.798987090587615967e-02
-1.343783289194107056e-01
-9.212760627269744873e-02
-4.734574854373931885e-01
1.168411672115325928e-01
1.710851676762104034e-02
2.302796542644500732e-01
-2.427674829959869385e-01
-1.669291034340858459e-02
1.891879588365554810e-01
-6.584888696670532227e-02
1.498426198959350586e-01
2.671455219388008118e-02
-2.251671403646469116e-01
-1.433757394552230835e-01
-4.400515928864479065e-02
-4.093392789363861084e-01
-1.101278364658355713e-01
1.312614381313323975e-01
1.494790613651275635e-01
-4.397116005420684814e-01
1.121720895171165466e-01
-3.735470175743103027e-01
1.555156987160444260e-02
2.244827151298522949e-01
-1.189273372292518616e-01
-4.741305485367774963e-02
-1.054209545254707336e-01
-7.996215671300888062e-02
