-1.751942746341228485e-02
2.587567567825317383e-01
-2.295547723770141602e-02
-1.746826618909835815e-01
5.497704073786735535e-02
-1.284777820110321045e-01
3.559226542711257935e-02
-6.764792650938034058e-02
6.310853362083435059e-02
-3.381375595927238464e-02
-4.284910857677459717e-02
-3.797395899891853333e-02
-3.751962259411811829e-02
2.074648998677730560e-02
-1.751313102431595325e-04
2.724896557629108429e-02
2.851619385182857513e-02
4.891348257660865784e-02
5.022669956088066101e-02
3.642781451344490051e-02
3.901438787579536438e-02
3.879536315798759460e-02
4.107790440320968628e-02
4.098765179514884949e-02
5.144488438963890076e-02
5.478012561798095703e-02
5.715782940387725830e-02
1.251901090145111084e-01
-5.526623502373695374e-02
3.944030031561851501e-02
2.182643860578536987e-02
7.912822812795639038e-02
5.001679062843322754e-02
-1.605868190526962280e-01
5.761495977640151978e-02
-1.142721101641654968e-01
-1.585876569151878357e-02
3.365296497941017151e-02
2.369123511016368866e-02
2.981029823422431946e-02
3.661890700459480286e-02
4.196780547499656677e-02
4.136853665113449097e-02
2.972370386123657227e-02
2.633165381848812103e-02
4.457033425569534302e-02
1.762034185230731964e-02
3.037578193470835686e-03
1.158476769924163818e-01
5.526548996567726135e-02
1.133607774972915649e-01
-2.289378829300403595e-02
-1.507794857025146484e-02
1.965456604957580566e-01
2.779514528810977936e-02
9.665347635746002197e-02
1.390601098537445068e-01
1.091982200741767883e-01
-1.000051759183406830e-02
3.170664608478546143e-02
-1.279899105429649353e-02
-1.358311921358108521e-01
-8.582415431737899780e-02
1.470952332019805908e-01
9.817065298557281494e-02
