-1.111847814172506332e-02
4.078846573829650879e-01
-2.257858868688344955e-03
-1.451009958982467651e-01
5.470012500882148743e-02
-1.020919382572174072e-01
-2.593963779509067535e-02
-6.529634445905685425e-02
-6.774239242076873779e-02
-9.189321845769882202e-02
-1.217187568545341492e-01
-1.416676193475723267e-01
-1.749947518110275269e-01
-1.156656891107559204e-01
-8.951636403799057007e-02
1.249305251985788345e-02
4.519136995077133179e-02
-1.952287405729293823e-01
-5.312633700668811798e-03
-3.364764153957366943e-02
1.289687119424343109e-02
3.960128128528594971e-02
4.818441346287727356e-02
6.987162679433822632e-02
1.122199520468711853e-01
1.303468346595764160e-01
8.483289182186126709e-02
6.858445703983306885e-04
-9.663563966751098633e-02
1.776042878627777100e-01
-1.270702295005321503e-02
-1.390150338411331177e-01
-2.006145007908344269e-02
