1.467950046062469482e-01
2.349586039781570435e-01
-1.507287025451660156e-01
1.055339723825454712e-01
1.143320575356483459e-01
-1.908882260322570801e-01
-2.286099791526794434e-01
-1.597492098808288574e-01
1.108721867203712463e-01
2.180079817771911621e-01
8.715041726827621460e-02
5.820861086249351501e-02
4.224225580692291260e-01
-2.741125412285327911e-03
3.099002540111541748e-01
2.127100825309753418e-01
2.214163094758987427e-01
-4.634105041623115540e-02
-2.688682638108730316e-03
-1.953166127204895020e-01
2.680855989456176758e-01
1.804433614015579224e-01
-7.889796793460845947e-02
3.130997121334075928e-01
2.932562027126550674e-03
2.609781622886657715e-01
-6.803729385137557983e-02
2.562296390533447266e-01
-5.889889597892761230e-02
4.464991763234138489e-02
9.002961963415145874e-02
-5.415781214833259583e-02
-3.611204400658607483e-02
