2.397269196808338165e-02
5.911295488476753235e-02
7.169049978256225586e-02
3.234841674566268921e-02
-1.538144350051879883e-01
-1.137821599841117859e-01
-7.574038463644683361e-04
-5.025576800107955933e-02
1.147326827049255371e-01
1.859343796968460083e-01
-9.250758588314056396e-02
1.708659082651138306e-01
-1.397117972373962402e-01
5.154132843017578125e-02
2.132600918412208557e-02
1.259610652923583984e-01
1.150998752564191818e-02
5.913925543427467346e-02
2.001491375267505646e-02
1.810431666672229767e-02
2.609868533909320831e-02
2.980402298271656036e-02
3.383508324623107910e-02
4.627514630556106567e-02
2.591205015778541565e-02
3.483768925070762634e-02
6.683558225631713867e-02
1.444853693246841431e-01
1.396014727652072906e-02
2.220434695482254028e-01
-6.145067512989044189e-02
-7.470601238310337067e-03
-6.794650852680206299e-02
7.843782007694244385e-02
-2.792822197079658508e-02
1.632822118699550629e-02
-3.216107934713363647e-02
-2.840678580105304718e-02
-9.828583337366580963e-03
-1.507935393601655960e-02
1.029898412525653839e-02
1.959307678043842316e-02
5.559246521443128586e-03
-9.890472516417503357e-03
-1.355678122490644455e-02
-2.065244130790233612e-02
-2.999142371118068695e-02
3.105899086222052574e-03
-4.088012129068374634e-02
-1.394624561071395874e-01
3.964295238256454468e-02
-1.555174682289361954e-02
1.718531921505928040e-02
4.344735667109489441e-02
-5.320825055241584778e-02
-2.657867595553398132e-02
7.200830429792404175e-02
-6.020004674792289734e-02
9.074248373508453369e-02
6.917489320039749146e-02
2.149113863706588745e-01
-1.148395016789436340e-01
-2.261101640760898590e-02
1.452112644910812378e-01
-1.089148456230759621e-03
