-6.378766894340515137e-02
-2.008472196757793427e-02
-1.044712588191032410e-01
7.147796452045440674e-02
6.847133487462997437e-02
-1.451915968209505081e-02
-4.182092472910881042e-02
-7.069217413663864136e-02
1.665044724941253662e-01
-1.751543730497360229e-01
-6.841976940631866455e-02
2.850177697837352753e-02
-1.245046332478523254e-01
1.549674123525619507e-01
-2.622381038963794708e-02
1.386044472455978394e-01
3.835829719901084900e-02
-8.461052179336547852e-02
-2.907551825046539307e-03
-6.164274644106626511e-03
2.313564531505107880e-03
-8.601454645395278931e-02
-1.513625830411911011e-01
1.185369342565536499e-01
-1.118650659918785095e-01
-8.436958491802215576e-02
5.613706260919570923e-02
-2.040259838104248047e-01
-5.506543815135955811e-02
3.187892958521842957e-02
-2.566530406475067139e-01
8.829043805599212646e-02
2.349567366763949394e-03
8.169253915548324585e-02
1.410598754882812500e-01
3.194481134414672852e-01
6.862055510282516479e-02
1.343293190002441406e-01
1.650109440088272095e-01
2.451612353324890137e-01
6.111208721995353699e-02
-4.870693758130073547e-02
4.416298866271972656e-02
-2.797649502754211426e-01
8.581661619246006012e-03
1.182755827903747559e-01
7.026793062686920166e-02
7.418800145387649536e-02
7.634636759757995605e-02
5.617036484181880951e-03
8.597041666507720947e-02
-9.641007333993911743e-02
-3.910357505083084106e-02
2.886603772640228271e-01
-6.942659616470336914e-02
-3.999416530132293701e-02
5.860703811049461365e-02
1.111226454377174377e-01
-9.651134908199310303e-02
-7.156069576740264893e-02
2.303528189659118652e-01
-2.254421412944793701e-01
3.229921758174896240e-01
-3.573678806424140930e-02
-1.085683479905128479e-01
