1.473543494939804077e-01
1.240423545241355896e-01
-6.883236020803451538e-02
-1.857911795377731323e-01
-1.943602561950683594e-01
1.076969727873802185e-01
1.897113919258117676e-01
6.678839772939682007e-02
-4.400462284684181213e-02
7.761727087199687958e-03
-3.358469158411026001e-02
-4.375368356704711914e-02
8.984767645597457886e-02
-9.601847827434539795e-02
-3.326647281646728516e-01
-1.458896249532699585e-01
5.116334185004234314e-02
1.379976421594619751e-01
-4.952118173241615295e-02
1.552803814411163330e-01
1.101907193660736084e-01
1.138210967183113098e-01
6.236787140369415283e-02
1.603483110666275024e-01
3.106770291924476624e-02
-7.420778274536132812e-02
1.613977700471878052e-01
1.547005325555801392e-01
2.169945091009140015e-02
-1.660918146371841431e-01
5.235806852579116821e-02
4.393501952290534973e-02
-2.172181457281112671e-01
