-9.070234745740890503e-02
-2.866641804575920105e-02
-1.502850055694580078e-01
9.888014197349548340e-02
8.951081335544586182e-02
-2.949149534106254578e-02
-5.727929621934890747e-02
-9.130777418613433838e-02
1.556099504232406616e-01
-1.667936593294143677e-01
-8.289374411106109619e-02
-1.166913937777280807e-02
-1.459427326917648315e-01
1.907120496034622192e-01
-3.171553462743759155e-02
2.130886465311050415e-01
6.399886310100555420e-02
2.409868687391281128e-02
9.778612852096557617e-02
2.671746015548706055e-01
3.588186204433441162e-02
8.163613826036453247e-02
1.107590720057487488e-01
2.144019454717636108e-01
5.959335342049598694e-02
-9.716063737869262695e-02
1.942900381982326508e-02
-4.035669267177581787e-01
-7.405936717987060547e-03
1.578063368797302246e-01
9.773717075586318970e-02
1.076225042343139648e-01
1.873171925544738770e-01
