-3.169103339314460754e-02
1.106660664081573486e-01
-3.248469904065132141e-02
1.588504165410995483e-01
-1.428572684526443481e-01
2.211559563875198364e-02
-1.445108205080032349e-01
1.352537274360656738e-01
-1.105412691831588745e-01
-5.625228211283683777e-02
-1.536371558904647827e-01
-1.079999431967735291e-01
6.166824325919151306e-02
-1.078564301133155823e-01
1.316035538911819458e-01
-3.991407901048660278e-02
2.149060182273387909e-02
2.724862992763519287e-01
7.448062300682067871e-02
2.348847985267639160e-01
1.706320941448211670e-01
-1.405174434185028076e-01
3.964912891387939453e-02
2.073161862790584564e-02
3.795130178332328796e-02
7.012029737234115601e-02
8.464691787958145142e-02
2.626401782035827637e-01
2.899788916110992432e-01
-7.805416826158761978e-03
2.639196626842021942e-02
2.577457726001739502e-01
-5.696105584502220154e-02
-6.607330590486526489e-02
-2.187934815883636475e-01
-2.883375883102416992e-01
-4.851216077804565430e-01
3.077487647533416748e-02
-2.557860016822814941e-01
-1.213786527514457703e-01
-2.789497375488281250e-01
-1.132135242223739624e-01
-2.216711789369583130e-01
3.270463347434997559e-01
-6.229928880929946899e-02
2.182796001434326172e-01
-1.410013157874345779e-02
6.912333518266677856e-02
-1.846710219979286194e-02
-1.180170103907585144e-02
-2.710819616913795471e-02
-5.938737466931343079e-02
-1.558829694986343384e-01
1.828059181571006775e-02
1.457437872886657715e-02
1.075630355626344681e-02
-1.728840172290802002e-02
1.042889505624771118e-01
2.863632142543792725e-01
-1.049155816435813904e-01
-1.860399097204208374e-01
2.842811495065689087e-02
4.793341085314750671e-02
-3.965358436107635498e-02
-1.907953172922134399e-01
