-2.604247443377971649e-02
-8.108816295862197876e-02
-1.228610649704933167e-01
8.463813364505767822e-02
-1.544501334428787231e-01
1.908727884292602539e-01
2.720659673213958740e-01
2.191547751426696777e-01
2.286228090524673462e-01
-1.974099427461624146e-01
-4.128302335739135742e-01
-1.762322485446929932e-01
-2.471348196268081665e-01
2.267685532569885254e-02
-7.352722436189651489e-02
-3.213582932949066162e-02
-6.002623122185468674e-03
1.686933450400829315e-03
2.221401315182447433e-03
2.614606637507677078e-03
6.067654117941856384e-03
6.069727707654237747e-03
1.033295225352048874e-02
6.314703263342380524e-03
2.205813303589820862e-03
4.050705581903457642e-03
4.082803148776292801e-03
9.454461978748440742e-04
-2.571609336882829666e-03
-1.098345499485731125e-02
-7.644953578710556030e-02
-8.253230899572372437e-02
-1.835698187351226807e-01
1.290405169129371643e-02
1.240912638604640961e-02
-2.727995393797755241e-03
-6.518281530588865280e-03
-1.479173358529806137e-02
-1.358389668166637421e-02
-1.404151786118745804e-02
-1.080378238111734390e-02
-8.170482702553272247e-03
-1.302391756325960159e-02
-9.818255901336669922e-03
-4.414285998791456223e-03
-1.160428766161203384e-02
-1.166178099811077118e-02
-1.365305203944444656e-02
-1.401810050010681152e-01
-4.081629961729049683e-02
1.009462177753448486e-01
-4.668346047401428223e-02
5.562556907534599304e-02
6.124049797654151917e-02
-9.843056648969650269e-02
1.883977055549621582e-01
6.541983783245086670e-02
2.801167368888854980e-01
-2.621976733207702637e-01
3.860730826854705811e-01
1.174356415867805481e-01
-3.254585564136505127e-01
-3.181462883949279785e-01
-1.494332682341337204e-02
-8.938311948440968990e-04
