-1.229026094079017639e-01
-1.369092520326375961e-02
7.624057680368423462e-02
3.474806845188140869e-01
-1.803354620933532715e-01
-4.143359065055847168e-01
-2.726743221282958984e-01
1.577351689338684082e-01
-1.589900553226470947e-01
-1.833356767892837524e-01
1.707086712121963501e-01
-3.033473789691925049e-01
-1.723324954509735107e-01
-3.451515138149261475e-01
-2.556845843791961670e-01
-4.135550260543823242e-01
-8.741000294685363770e-02
2.408272773027420044e-01
1.190683692693710327e-01
2.732172906398773193e-01
1.467300504446029663e-01
-2.786946669220924377e-02
2.172233909368515015e-01
-8.200004696846008301e-02
-2.471431642770767212e-01
-2.343140393495559692e-01
1.939350664615631104e-01
-3.120675981044769287e-01
2.439205944538116455e-01
-1.514878869056701660e-01
6.423698365688323975e-02
4.594489932060241699e-01
5.441384017467498779e-02
