-2.933020517230033875e-02
1.524915397167205811e-01
-1.224570535123348236e-02
-2.962884008884429932e-01
4.858381114900112152e-03
1.246121153235435486e-01
2.155785858631134033e-01
-7.305390201508998871e-03
1.617957204580307007e-01
-1.051443349570035934e-02
1.440723091363906860e-01
-2.322018742561340332e-01
-2.274989932775497437e-01
-1.944297403097152710e-01
-1.795534640550613403e-01
-3.932202458381652832e-01
-3.058261573314666748e-01
7.549413293600082397e-02
8.372937142848968506e-02
5.601561069488525391e-01
2.317165136337280273e-01
1.531977504491806030e-01
3.121739029884338379e-01
1.811431646347045898e-01
-2.472561597824096680e-01
1.173893287777900696e-01
-1.747536957263946533e-01
-2.295546084642410278e-01
8.127274364233016968e-02
-1.079971864819526672e-01
2.062454223632812500e-01
9.073080122470855713e-02
3.983408585190773010e-02
