3.864365518093109131e-01
-3.997349441051483154e-01
-1.933918744325637817e-01
-2.979755587875843048e-02
-1.753920875489711761e-02
8.001693338155746460e-02
1.842685602605342865e-02
-1.241111382842063904e-01
2.692845463752746582e-01
1.559080630540847778e-01
-6.334724277257919312e-02
-1.761775761842727661e-01
1.361790448427200317e-01
-1.047795191407203674e-01
2.156694084405899048e-01
1.876453310251235962e-01
-3.774112761020660400e-01
3.333090245723724365e-01
-5.538682639598846436e-02
-2.556087076663970947e-01
3.517711460590362549e-01
6.746939383447170258e-03
1.439561843872070312e-01
-4.765622317790985107e-02
3.969976678490638733e-02
-1.968854814767837524e-01
1.205868553370237350e-02
1.383844166994094849e-01
7.553192973136901855e-02
1.147602498531341553e-01
-5.583152174949645996e-01
-4.743566736578941345e-02
-1.193232759833335876e-01
