9.814816294237971306e-04
-9.083332866430282593e-02
2.136249542236328125e-01
1.919675804674625397e-02
4.109975323081016541e-02
3.362921476364135742e-01
-2.096082419157028198e-01
1.563588082790374756e-01
5.022632423788309097e-03
-2.737036049365997314e-01
3.466542065143585205e-02
7.737022638320922852e-02
2.482224553823471069e-01
-2.398169934749603271e-01
3.758095577359199524e-02
4.236133396625518799e-01
4.875211417675018311e-02
-1.910941302776336670e-01
-4.150719940662384033e-02
-4.755970835685729980e-01
-3.667719960212707520e-01
-1.467676311731338501e-01
1.385768055915832520e-01
-1.630456447601318359e-01
1.261707544326782227e-01
2.127809077501296997e-01
-1.722649037837982178e-01
1.014541834592819214e-01
1.499628722667694092e-01
3.920914232730865479e-01
6.572857499122619629e-02
-1.188373267650604248e-01
2.183442562818527222e-01
