1.402437984943389893e-01
1.375591307878494263e-01
-2.879609763622283936e-01
-9.960017353296279907e-02
-8.113851398229598999e-02
1.674832589924335480e-02
-1.418767571449279785e-01
2.028693854808807373e-01
-1.077794879674911499e-01
-4.707692563533782959e-02
-7.282892707735300064e-03
1.177541911602020264e-02
3.436414152383804321e-02
9.749117493629455566e-02
3.892818465828895569e-02
-2.877071201801300049e-01
-3.464156389236450195e-02
-5.423760414123535156e-01
-3.395991027355194092e-01
-2.266529351472854614e-01
-1.666664034128189087e-01
-1.082108765840530396e-01
-9.499702602624893188e-02
3.355182334780693054e-02
-2.124620825052261353e-01
3.646921738982200623e-02
7.526008039712905884e-02
2.914680838584899902e-01
-7.207432985305786133e-01
2.469390183687210083e-01
2.370939850807189941e-01
-1.697585731744766235e-01
-1.745559573173522949e-01
