2.413599342107772827e-01
-1.003550887107849121e-01
-1.187363872304558754e-03
6.951425224542617798e-02
-5.396951362490653992e-02
-8.256818354129791260e-02
7.814814150333404541e-02
1.002069115638732910e-01
7.520953565835952759e-02
2.446850240230560303e-01
6.413599848747253418e-02
1.324502378702163696e-01
-1.677160859107971191e-01
7.833124697208404541e-02
1.263982057571411133e-01
-1.663107573986053467e-01
1.353178732097148895e-02
1.843043230473995209e-02
-3.475901670753955841e-03
-5.978602916002273560e-03
-2.655936405062675476e-03
-5.772040225565433502e-03
-7.887531071901321411e-03
-8.438799530267715454e-03
-1.058908179402351379e-02
-1.217083819210529327e-02
-1.342494133859872818e-02
-1.673472858965396881e-02
-3.749744268134236336e-03
-8.421975374221801758e-02
1.800162158906459808e-02
-3.135134465992450714e-03
-2.053407020866870880e-03
4.193184524774551392e-02
4.610050842165946960e-02
1.421781722456216812e-02
1.393486163578927517e-03
3.174684708938002586e-03
8.321073255501687527e-04
-1.251054229214787483e-03
-2.422837278572842479e-04
-1.348151941783726215e-03
-6.260437425225973129e-03
-9.615339513402432203e-05
-1.370911020785570145e-03
-2.617914695292711258e-03
9.614252299070358276e-02
7.303599733859300613e-03
1.845478415489196777e-01
-9.514931589365005493e-02
6.552357226610183716e-02
1.067740321159362793e-01
-3.496218472719192505e-02
-1.106000840663909912e-01
-8.161367475986480713e-02
1.396436691284179688e-01
-1.489778906106948853e-01
-2.771807014942169189e-01
1.759212762117385864e-01
-1.795927733182907104e-01
1.420055925846099854e-01
2.095437422394752502e-02
4.523098841309547424e-02
-2.184814587235450745e-02
1.336182467639446259e-02
