3.457890450954437256e-01
-1.981584541499614716e-02
1.447642892599105835e-01
-2.740471363067626953e-01
-1.201520264148712158e-01
2.977846860885620117e-01
-3.866270883008837700e-03
3.636960312724113464e-02
-1.618084758520126343e-01
-6.680342555046081543e-02
1.512609515339136124e-02
-1.169308498501777649e-01
-1.216771602630615234e-01
-4.298101644963026047e-03
-2.165725827217102051e-01
8.990275114774703979e-02
9.618604183197021484e-02
-9.545168280601501465e-02
-2.209088653326034546e-01
6.003676913678646088e-03
-2.229087986052036285e-02
-3.102426044642925262e-02
-2.771200425922870636e-02
-3.965717181563377380e-02
-4.538012668490409851e-02
-5.423175916075706482e-02
-6.324527412652969360e-02
-7.218799740076065063e-02
-7.695884257555007935e-02
-2.291668020188808441e-02
3.543995320796966553e-02
-8.000852167606353760e-02
4.237937033176422119e-01
1.035104021430015564e-01
2.254874445497989655e-02
4.358182102441787720e-02
4.450909048318862915e-02
4.244422912597656250e-02
3.220717981457710266e-02
2.593543566763401031e-02
2.247888967394828796e-02
2.646393515169620514e-02
1.609149575233459473e-02
1.259313616901636124e-02
-2.954718284308910370e-02
1.291823536157608032e-01
-6.182372570037841797e-03
3.623012900352478027e-01
-2.283533811569213867e-01
-2.935720048844814301e-02
-2.125684022903442383e-01
-1.192310377955436707e-01
-1.039968654513359070e-01
2.120038866996765137e-01
-1.120261754840612411e-02
1.012353599071502686e-01
5.472933873534202576e-02
3.099811077117919922e-01
1.133950427174568176e-02
1.107951477169990540e-01
-6.060859188437461853e-02
3.976059332489967346e-02
-2.959271371364593506e-01
-3.039808273315429688e-01
2.642376422882080078e-01
