5.254509299993515015e-02
4.872018471360206604e-02
-4.693527519702911377e-02
1.366934478282928467e-01
-3.849118575453758240e-02
2.866310477256774902e-01
1.023068875074386597e-01
2.311090677976608276e-01
-9.246424585580825806e-02
6.117167696356773376e-02
9.287683293223381042e-03
-1.102470681071281433e-01
-4.957708716392517090e-01
-1.522724777460098267e-01
-4.052478447556495667e-02
-2.401345670223236084e-01
-1.332479119300842285e-01
-5.951572954654693604e-02
-2.527293860912322998e-01
4.682199284434318542e-02
-5.358117446303367615e-02
-2.571296989917755127e-01
-6.953113526105880737e-02
-1.615993529558181763e-01
-4.325307607650756836e-01
-1.954760700464248657e-01
-1.109611392021179199e-01
-7.972902804613113403e-02
-6.965294480323791504e-02
-5.905050039291381836e-02
-8.051442354917526245e-02
3.387454524636268616e-02
-1.736535429954528809e-01
1.292973607778549194e-01
-1.546446084976196289e-01
2.188982218503952026e-01
2.727104723453521729e-01
-1.143307238817214966e-01
4.787770509719848633e-01
2.968098819255828857e-01
-3.534979745745658875e-02
2.481943219900131226e-01
-4.316531419754028320e-01
-8.553688228130340576e-02
2.118283808231353760e-01
1.468840539455413818e-01
1.409359276294708252e-02
8.997409790754318237e-02
2.298601903021335602e-03
-1.334874927997589111e-01
-4.023602604866027832e-02
2.663426995277404785e-01
4.968779161572456360e-02
5.454616248607635498e-02
1.228358075022697449e-01
7.992725074291229248e-02
-1.725282073020935059e-01
-3.075408563017845154e-02
-7.229102402925491333e-02
-1.410914584994316101e-02
1.853447407484054565e-01
2.203017026185989380e-01
-2.887130528688430786e-02
1.436165422201156616e-01
6.161147262901067734e-03
