-4.675734415650367737e-02
3.075460158288478851e-02
8.953346312046051025e-02
-2.459570765495300293e-01
-1.285700500011444092e-01
-2.848394773900508881e-02
7.710886746644973755e-02
-4.373384639620780945e-02
2.445936948060989380e-01
-7.846596091985702515e-02
8.919975161552429199e-02
-5.600129067897796631e-02
1.736318916082382202e-01
4.313359502702951431e-03
-2.289375290274620056e-03
3.052849322557449341e-03
-1.260162144899368286e-01
1.484431475400924683e-01
-9.149656444787979126e-02
3.436920642852783203e-01
-1.660277694463729858e-01
1.122411191463470459e-01
-6.258508563041687012e-02
-1.806456744670867920e-01
-3.212210237979888916e-01
-1.804444640874862671e-01
-3.863925337791442871e-01
5.787630751729011536e-02
4.385925456881523132e-02
8.426709473133087158e-02
-3.555564209818840027e-02
2.356471270322799683e-01
1.899687647819519043e-01
1.537759751081466675e-01
-1.496480256319046021e-01
-3.327753841876983643e-01
-2.437335550785064697e-01
-9.631709009408950806e-02
-1.374054402112960815e-01
-1.794445067644119263e-01
-2.061886191368103027e-01
-3.318457677960395813e-02
1.820493787527084351e-01
1.043195649981498718e-02
-6.161331012845039368e-02
-6.037276238203048706e-02
2.100967317819595337e-01
6.493833661079406738e-02
1.734774708747863770e-01
-3.932212665677070618e-02
2.195652388036251068e-02
-1.221067458391189575e-01
1.334392577409744263e-01
-1.360368914902210236e-02
-4.620203748345375061e-02
-2.623058855533599854e-01
-1.372467428445816040e-01
-1.585768014192581177e-01
8.689609915018081665e-02
2.220893949270248413e-01
2.176087722182273865e-02
-2.838135659694671631e-01
-1.313266251236200333e-02
-7.921250537037849426e-03
1.991829089820384979e-02
