1.338717937469482422e-01
1.599849909543991089e-01
3.075044751167297363e-01
3.788825869560241699e-01
-2.942242920398712158e-01
2.290378361940383911e-01
-1.215800270438194275e-01
-8.777760714292526245e-02
-1.097660362720489502e-01
6.335373502224683762e-03
3.437567502260208130e-02
7.108706235885620117e-02
1.313273161649703979e-01
2.017187774181365967e-01
2.084235697984695435e-01
2.418549358844757080e-01
2.201212346553802490e-01
-1.037620007991790771e-01
7.496923953294754028e-02
1.352529674768447876e-01
1.419904381036758423e-01
1.226864159107208252e-01
7.593341916799545288e-02
3.909911215305328369e-02
1.463956683874130249e-01
2.338989078998565674e-02
-2.950173914432525635e-01
-3.244721293449401855e-01
-2.822977900505065918e-01
-1.189185976982116699e-01
1.524105072021484375e-01
-3.276770114898681641e-01
-3.930176794528961182e-02
