-3.970140218734741211e-02
9.569787234067916870e-02
-1.845804043114185333e-02
1.528277546167373657e-01
-1.112863793969154358e-01
-1.949138045310974121e-01
-1.112367957830429077e-01
-6.782183796167373657e-02
3.006213577464222908e-03
-6.622328609228134155e-02
-6.279449909925460815e-02
1.853989213705062866e-01
5.142660811543464661e-02
-2.122926712036132812e-01
-7.348357886075973511e-02
-1.024490073323249817e-01
-2.151518128812313080e-04
-7.280138134956359863e-02
-7.809506356716156006e-02
-9.887622296810150146e-02
-3.650334849953651428e-02
5.101310834288597107e-02
-1.322102546691894531e-01
-1.556406915187835693e-01
-1.933668702840805054e-01
2.126031816005706787e-01
-6.978119909763336182e-02
7.609722018241882324e-02
2.407313734292984009e-01
8.966939151287078857e-02
2.276223301887512207e-01
2.433786988258361816e-01
4.035762324929237366e-02
5.312158167362213135e-02
-2.593261301517486572e-01
-2.300200313329696655e-01
-2.864367365837097168e-01
-3.983907997608184814e-01
-2.837856113910675049e-01
-2.312351614236831665e-01
-3.118124604225158691e-01
6.603252142667770386e-02
-2.235182076692581177e-01
-9.588835760951042175e-03
-2.116494029760360718e-01
-9.635168313980102539e-02
-1.755777299404144287e-01
-1.462116688489913940e-01
3.817728429567068815e-04
-4.264329373836517334e-02
-2.757666110992431641e-01
1.958652436733245850e-01
-1.206922382116317749e-01
3.185302019119262695e-02
9.516333788633346558e-02
-2.713174372911453247e-02
1.492854394018650055e-02
4.113677144050598145e-02
1.127304956316947937e-01
-1.641443222761154175e-01
-1.808470338582992554e-01
-1.561411656439304352e-02
-3.386576473712921143e-01
3.265661001205444336e-02
-7.443577796220779419e-02
