2.572146058082580566e-01
2.884377539157867432e-01
4.971772432327270508e-02
4.798129573464393616e-02
-1.020406186580657959e-01
-2.000540196895599365e-01
8.471104502677917480e-02
2.548999786376953125e-01
-2.494883090257644653e-01
1.270212382078170776e-01
-1.928328275680541992e-01
2.921841442584991455e-01
1.471908390522003174e-01
-8.215332776308059692e-02
5.269844532012939453e-01
5.953724384307861328e-01
-1.438952386379241943e-01
-3.140867874026298523e-02
1.184055060148239136e-01
-4.530154764652252197e-01
-3.332819938659667969e-01
1.145757883787155151e-01
1.981846690177917480e-01
6.011506542563438416e-02
2.472735643386840820e-01
1.289940476417541504e-01
4.867793247103691101e-02
-3.724822103977203369e-01
3.090413752943277359e-03
2.556537836790084839e-02
1.939519196748733521e-01
-6.159163117408752441e-01
4.281137138605117798e-02
