-2.129351794719696045e-01
7.672122120857238770e-02
8.878520689904689789e-03
-1.426663696765899658e-01
-1.650726199150085449e-01
2.083872705698013306e-01
-7.878844626247882843e-03
1.945196650922298431e-02
2.708530426025390625e-01
1.533168740570545197e-02
-8.834875375032424927e-02
1.939366906881332397e-01
-2.418064475059509277e-01
6.262066960334777832e-02
1.902577579021453857e-01
3.045617640018463135e-01
-4.919280111789703369e-02
-1.320020556449890137e-01
1.116317883133888245e-01
7.576690614223480225e-02
-9.691079705953598022e-02
2.126206755638122559e-01
2.768718302249908447e-01
-2.003472149372100830e-01
3.402357175946235657e-02
1.062842532992362976e-01
-1.532617360353469849e-01
-4.969205334782600403e-02
-1.114031895995140076e-01
-4.182207584381103516e-01
-1.025153249502182007e-01
1.791683137416839600e-01
2.442739754915237427e-01
