-2.061288803815841675e-01
-1.331783384084701538e-01
-2.914101779460906982e-01
-1.098938211798667908e-01
1.467126160860061646e-01
-2.104253917932510376e-01
-7.387155294418334961e-02
-1.548980921506881714e-01
-1.497650146484375000e-01
2.996713221073150635e-01
7.504236698150634766e-02
1.758105307817459106e-01
6.769980490207672119e-02
-2.020406872034072876e-01
2.852827310562133789e-02
-1.900894045829772949e-01
-6.663405150175094604e-02
2.184363603591918945e-01
-9.626954793930053711e-02
-4.577777348458766937e-03
-1.110455021262168884e-02
-2.090768367052078247e-01
-5.844009667634963989e-02
-6.263159960508346558e-02
4.704433958977460861e-03
1.029274147003889084e-02
-2.775925993919372559e-01
8.283638209104537964e-02
-1.575632989406585693e-01
-1.592429578304290771e-01
-2.122942954301834106e-01
-2.839642167091369629e-01
1.765089295804500580e-02
8.739659190177917480e-02
7.840112596750259399e-02
1.115462407469749451e-01
2.570923864841461182e-01
7.527916133403778076e-02
2.397274374961853027e-01
2.064125984907150269e-01
2.379914671182632446e-01
1.007351279258728027e-01
1.749873459339141846e-01
-1.251350790262222290e-01
6.326525006443262100e-03
9.084765799343585968e-03
-8.297698199748992920e-02
-1.078662835061550140e-02
-7.063759863376617432e-02
1.366102099418640137e-01
-1.651372178457677364e-03
-1.133331134915351868e-01
-5.501909181475639343e-02
1.374791711568832397e-01
7.057496905326843262e-02
-8.861656486988067627e-02
1.524255145341157913e-02
1.081769466400146484e-01
5.123840272426605225e-02
-1.322624236345291138e-01
-7.868116721510887146e-03
-1.163643375039100647e-01
-2.164039313793182373e-01
-8.974662423133850098e-02
7.702626287937164307e-02
