-9.834533184766769409e-02
1.057675257325172424e-01
-3.754788637161254883e-01
-3.461413085460662842e-01
1.432199925184249878e-01
-2.435279637575149536e-01
1.792109459638595581e-01
3.537561595439910889e-01
-7.766532897949218750e-02
-1.226083263754844666e-01
-1.002427935600280762e-01
-2.697625942528247833e-02
-2.915478050708770752e-01
1.936964392662048340e-01
-7.333975285291671753e-02
-1.708169132471084595e-01
-2.410082817077636719e-01
-1.902005262672901154e-02
1.610089093446731567e-01
-7.166983932256698608e-02
-2.536263316869735718e-02
-9.932289272546768188e-02
6.735327839851379395e-02
1.130949407815933228e-01
-1.401603687554597855e-02
-2.390961796045303345e-01
-6.987349689006805420e-02
1.637896299362182617e-01
-5.742181837558746338e-02
2.813189327716827393e-01
-1.445999592542648315e-01
-9.105889126658439636e-03
-8.723310381174087524e-02
1.296316981315612793e-01
-2.880304157733917236e-01
6.500174850225448608e-02
3.179866122081875801e-03
-9.930003434419631958e-02
-1.821838468313217163e-01
-2.788073718547821045e-01
-2.381151616573333740e-01
3.582369163632392883e-02
-2.237822711467742920e-01
3.457941412925720215e-01
-1.210098490118980408e-01
-6.139348819851875305e-02
2.253787219524383545e-01
1.279322355985641479e-01
-3.494888246059417725e-01
4.107360541820526123e-01
2.989429235458374023e-02
-2.006276249885559082e-01
2.322128042578697205e-02
-2.690873742103576660e-01
-9.876631200313568115e-02
2.183115631341934204e-01
1.119892671704292297e-01
-5.254930257797241211e-02
-2.487558573484420776e-01
-1.640485972166061401e-01
5.735120922327041626e-02
3.827288746833801270e-01
-2.258910536766052246e-01
1.598144471645355225e-01
1.680419296026229858e-01
