3.912926614284515381e-01
-1.626957356929779053e-01
-1.924799173139035702e-03
1.126975268125534058e-01
-8.749241381883621216e-02
-1.338516622781753540e-01
1.267044246196746826e-01
1.624561846256256104e-01
1.279593855142593384e-01
3.969244360923767090e-01
1.079904958605766296e-01
2.178332805633544922e-01
-2.769929468631744385e-01
1.526323854923248291e-01
2.525885403156280518e-01
-3.523928225040435791e-01
9.402290731668472290e-02
4.127555340528488159e-02
9.648404270410537720e-02
-7.639478426426649094e-03
-5.389701724052429199e-01
-1.035615056753158569e-01
-2.809885740280151367e-01
-2.589751482009887695e-01
2.171035408973693848e-01
-4.583773761987686157e-02
1.800507754087448120e-01
-3.321735560894012451e-01
9.549044072628021240e-02
-3.986683487892150879e-01
3.741268813610076904e-01
5.636554211378097534e-02
-4.071037769317626953e-01
