-6.168745830655097961e-02
1.034046709537506104e-01
-5.708315223455429077e-02
-5.117867514491081238e-02
3.015856724232435226e-03
4.419597610831260681e-02
1.348853111267089844e-01
-2.700178027153015137e-01
1.053365692496299744e-01
1.086281761527061462e-01
1.150127872824668884e-01
-1.006391122937202454e-01
-2.431548759341239929e-02
-2.835271060466766357e-01
-2.172374278306961060e-01
-3.182024657726287842e-01
-1.404981017112731934e-01
-1.145474687218666077e-01
-8.827549964189529419e-02
5.600417405366897583e-02
1.218946725130081177e-01
-4.813442006707191467e-03
4.044141620397567749e-02
4.353927373886108398e-01
2.682824432849884033e-01
2.979578673839569092e-01
1.289590895175933838e-01
-4.144823849201202393e-01
-3.850069269537925720e-02
-1.296321302652359009e-01
2.473670393228530884e-01
-8.930733054876327515e-02
-3.848661184310913086e-01
