-8.527059108018875122e-02
-8.571775257587432861e-02
-5.064533278346061707e-02
-1.130287125706672668e-01
4.205078631639480591e-02
-2.089731246232986450e-01
7.509878277778625488e-02
-7.467484474182128906e-02
3.127347826957702637e-01
-1.543695926666259766e-01
2.017332911491394043e-01
-1.906948238611221313e-01
8.282356709241867065e-02
2.539651095867156982e-02
1.555323898792266846e-01
-4.892873112112283707e-03
2.900011092424392700e-02
-1.769506484270095825e-01
-8.594022691249847412e-02
2.559403181076049805e-01
6.951213628053665161e-02
-4.776708781719207764e-02
1.059103682637214661e-01
1.606039702892303467e-01
5.238421633839607239e-02
-1.719908267259597778e-01
-2.338691800832748413e-02
-1.471419185400009155e-01
-1.414729654788970947e-01
-6.048050150275230408e-02
1.839178502559661865e-01
3.937960788607597351e-02
-8.602335117757320404e-03
7.882152497768402100e-02
1.695801317691802979e-01
-1.102680489420890808e-01
-1.812084168195724487e-01
2.257479727268218994e-01
4.298694059252738953e-02
1.963298767805099487e-01
-7.880286872386932373e-02
1.794130951166152954e-01
3.226747270673513412e-03
-2.370963096618652344e-01
-1.580126136541366577e-01
-5.284732207655906677e-03
1.783675104379653931e-01
-5.927718058228492737e-02
2.581250621005892754e-03
-1.101019158959388733e-01
6.346253212541341782e-03
1.477870494127273560e-01
1.963414698839187622e-01
-9.835918247699737549e-02
1.129272803664207458e-01
5.919063463807106018e-02
1.990226656198501587e-01
-3.226437270641326904e-01
1.216529235243797302e-01
7.971048355102539062e-02
4.032985121011734009e-02
3.973532840609550476e-02
1.343941986560821533e-01
-1.285966187715530396e-01
-7.807192206382751465e-02
