-2.351086139678955078e-01
8.037539571523666382e-02
-2.860259413719177246e-01
2.441911995410919189e-01
1.375438123941421509e-01
-8.551824837923049927e-03
-5.529512465000152588e-02
-1.565475165843963623e-01
-7.320835441350936890e-02
-1.853005290031433105e-01
-3.959407657384872437e-02
9.280373156070709229e-02
3.246291875839233398e-01
1.279467344284057617e-01
-9.109771251678466797e-02
4.944736137986183167e-03
-2.495386004447937012e-01
-1.470191925764083862e-01
5.919708684086799622e-02
-5.596153065562248230e-02
-4.734810814261436462e-02
1.105694472789764404e-01
1.389928609132766724e-01
-7.358703762292861938e-02
-3.176780045032501221e-01
-1.139535754919052124e-02
2.445582151412963867e-01
-1.552620977163314819e-01
-2.563201077282428741e-02
7.718273252248764038e-02
-1.327397227287292480e-01
-1.123386919498443604e-01
-7.886696606874465942e-02
-2.014283984899520874e-01
3.926910161972045898e-01
1.627585887908935547e-01
2.829916961491107941e-02
1.114949211478233337e-01
-2.585934102535247803e-02
-3.952084183692932129e-01
-3.051586747169494629e-01
2.145169824361801147e-01
-2.313518077135086060e-01
-3.060686169192194939e-03
8.981643617153167725e-02
1.395722106099128723e-02
-1.540554314851760864e-01
5.043029040098190308e-02
-1.075989380478858948e-01
-2.732671499252319336e-01
2.512405514717102051e-01
1.131104584783315659e-02
1.253759860992431641e-01
2.491098195314407349e-01
5.493603348731994629e-01
3.634424880146980286e-02
1.041655018925666809e-01
-2.419097423553466797e-01
2.803361415863037109e-01
-3.325750529766082764e-01
-1.422688066959381104e-01
5.721966549754142761e-02
-5.615917220711708069e-02
5.736801400780677795e-02
-8.046846091747283936e-02
