-1.061954200267791748e-01
3.102890253067016602e-01
2.112036105245351791e-03
2.471997141838073730e-01
1.150302812457084656e-01
3.023593127727508545e-01
5.210981890559196472e-02
2.358799576759338379e-01
-9.488848596811294556e-02
-3.893364593386650085e-02
-2.309729345142841339e-02
1.045917253941297531e-02
-1.500723510980606079e-02
-8.286589756608009338e-03
2.667308449745178223e-01
3.184035122394561768e-01
2.824079245328903198e-02
-8.268167823553085327e-02
-1.056865677237510681e-01
-4.706598520278930664e-01
3.042813837528228760e-01
-1.136753857135772705e-01
-3.590997755527496338e-01
-1.510144025087356567e-01
5.472908020019531250e-01
-1.957518756389617920e-01
3.828487545251846313e-02
3.830029964447021484e-01
2.206136584281921387e-01
3.873438835144042969e-01
-5.736904144287109375e-01
-4.347755759954452515e-02
-8.379005640745162964e-02
