4.750625789165496826e-01
-2.569726109504699707e-01
3.301727473735809326e-01
5.410655140876770020e-01
-1.889493018388748169e-01
-1.177956834435462952e-01
-2.580999433994293213e-01
6.239426508545875549e-02
-1.285355538129806519e-01
-3.202475309371948242e-01
-1.549945771694183350e-01
1.056919917464256287e-01
-5.070422962307929993e-02
-2.732299864292144775e-01
3.018568158149719238e-01
2.063656449317932129e-01
2.238164693117141724e-01
-7.258448749780654907e-02
-6.191110238432884216e-02
1.472387909889221191e-01
-2.529555186629295349e-02
-4.656385257840156555e-02
7.013221383094787598e-01
2.785164415836334229e-01
2.197412848472595215e-01
3.360294997692108154e-01
-1.204763352870941162e-01
3.999399021267890930e-02
-2.012282460927963257e-01
-8.423395454883575439e-02
3.615834414958953857e-01
-3.447251021862030029e-01
4.084745645523071289e-01
