6.883034016937017441e-03
1.224258542060852051e-01
1.006896495819091797e-01
1.358581185340881348e-01
-3.987633064389228821e-02
-2.220142446458339691e-02
-1.513528525829315186e-01
1.827452629804611206e-01
-1.118753664195537567e-02
-1.973760724067687988e-01
2.759313583374023438e-02
-9.317489713430404663e-02
1.208659410476684570e-01
6.253822892904281616e-02
-1.937008053064346313e-01
-1.226377263665199280e-01
3.582524508237838745e-02
4.989802371710538864e-03
5.139058455824851990e-02
-1.581292897462844849e-01
1.519398093223571777e-01
-2.115827612578868866e-02
-1.425130516290664673e-01
5.621525645256042480e-02
-9.187719225883483887e-02
-3.652275800704956055e-01
-3.656203448772430420e-01
-1.588269323110580444e-01
9.945400059223175049e-02
-2.107990235090255737e-01
9.922352433204650879e-02
2.343291193246841431e-01
9.311600774526596069e-02
3.545652329921722412e-01
2.872716188430786133e-01
3.278340399265289307e-01
2.558732628822326660e-01
1.033555939793586731e-01
1.982133537530899048e-01
8.291690796613693237e-02
3.823450580239295959e-02
-2.872223407030105591e-02
2.139070332050323486e-01
-3.495672717690467834e-02
-3.825929015874862671e-02
-1.095212027430534363e-01
1.370664983987808228e-01
1.300221085548400879e-01
2.136387825012207031e-01
-5.001183599233627319e-02
-8.539252728223800659e-02
-1.418851315975189209e-01
-8.444313704967498779e-02
-1.747914403676986694e-01
1.667485386133193970e-01
7.167010754346847534e-02
6.701527535915374756e-02
-1.144944354891777039e-01
8.643281459808349609e-02
-1.998748332262039185e-01
-2.405813038349151611e-01
-7.560006529092788696e-02
-8.349878340959548950e-02
-1.128294393420219421e-01
2.926144935190677643e-02
