3.120658732950687408e-02
-9.529613889753818512e-03
8.117293119430541992e-01
1.220454946160316467e-01
1.812731772661209106e-01
-3.357376754283905029e-01
1.703885346651077271e-01
-5.376570820808410645e-01
-1.299245506525039673e-01
2.714190259575843811e-02
-3.545782715082168579e-02
-6.631643325090408325e-02
-9.463060647249221802e-02
-1.550085842609405518e-01
-3.902933299541473389e-01
-2.252791672945022583e-01
-1.890780217945575714e-02
5.545181035995483398e-02
9.714239090681076050e-02
7.561791688203811646e-02
6.832762807607650757e-02
5.684963241219520569e-02
3.671567142009735107e-02
-4.699202999472618103e-02
-1.108635142445564270e-01
-2.163051515817642212e-01
-1.125975861214101315e-03
-6.795795261859893799e-02
-2.460166364908218384e-01
-4.435248300433158875e-02
-1.354353129863739014e-02
7.163027524948120117e-01
-1.414742618799209595e-01
