7.268854975700378418e-02
2.387210577726364136e-01
7.465667277574539185e-02
-3.681684136390686035e-01
2.012058645486831665e-01
-2.457430958747863770e-01
-1.856147050857543945e-01
-7.289725542068481445e-02
-2.616451382637023926e-01
-5.006827041506767273e-02
-2.946025729179382324e-01
-1.625337898731231689e-01
1.286752671003341675e-01
1.633241772651672363e-01
1.129140704870223999e-01
-2.073950916528701782e-01
1.028368398547172546e-01
-2.407227829098701477e-02
9.687368571758270264e-02
-2.908765375614166260e-01
1.766357570886611938e-01
-3.090899288654327393e-01
-1.110862120985984802e-01
-9.177774190902709961e-02
-4.047681093215942383e-01
-3.275255262851715088e-01
2.426251471042633057e-01
8.652954548597335815e-02
-7.831527851521968842e-03
5.934968590736389160e-02
4.413856193423271179e-02
-6.275254487991333008e-02
7.899857312440872192e-02
-6.483168900012969971e-02
-3.440464287996292114e-02
1.337421983480453491e-01
-2.035945951938629150e-01
-1.085540652275085449e-01
7.538139820098876953e-02
-2.329272031784057617e-01
9.189909696578979492e-02
-2.220217287540435791e-01
3.972560912370681763e-02
-1.303916126489639282e-01
5.957293510437011719e-02
6.953392177820205688e-02
1.325860619544982910e-01
-1.770843118429183960e-01
6.790742278099060059e-02
-1.014187652617692947e-02
3.947861865162849426e-02
-1.528689563274383545e-01
2.678575515747070312e-01
-1.491199135780334473e-01
6.745536625385284424e-02
2.554459571838378906e-01
2.132807821035385132e-01
-2.669231407344341278e-02
3.903598189353942871e-01
3.646527603268623352e-02
-1.238737553358078003e-01
2.537035942077636719e-01
-1.588706672191619873e-01
1.029401794075965881e-01
1.819466352462768555e-01
