2.865152955055236816e-01
3.212944567203521729e-01
5.538251623511314392e-02
5.441705137491226196e-02
-1.104763448238372803e-01
-2.130119949579238892e-01
8.554279059171676636e-02
1.808510422706604004e-01
-7.588464766740798950e-02
1.673063845373690128e-03
-1.828838698565959930e-02
-3.430440276861190796e-02
-6.340143829584121704e-02
-1.084154322743415833e-01
4.687152057886123657e-02
5.876940488815307617e-01
-1.686704307794570923e-01
2.248684465885162354e-01
2.357336729764938354e-01
1.680919975042343140e-01
1.298720687627792358e-01
1.011480763554573059e-01
1.005797088146209717e-01
8.862498402595520020e-02
1.903577744960784912e-01
1.357010155916213989e-01
5.248955637216567993e-02
-4.118762910366058350e-01
3.099283203482627869e-03
2.847529575228691101e-02
2.160449028015136719e-01
-6.860786676406860352e-01
4.768820106983184814e-02
