4.732235074043273926e-01
-2.711862139403820038e-02
1.981142461299896240e-01
-3.750424385070800781e-01
-1.644320040941238403e-01
4.075288772583007812e-01
-5.439543165266513824e-03
4.904856905341148376e-02
-2.134636491537094116e-01
-8.043076843023300171e-02
-6.938884616829454899e-04
-1.207812577486038208e-01
-1.332088410854339600e-01
-4.786243662238121033e-02
-2.973536252975463867e-01
1.266106665134429932e-01
1.608314663171768188e-01
1.238581761717796326e-01
-7.481879740953445435e-02
-1.108891963958740234e-01
1.927259378135204315e-02
2.949713170528411865e-01
-2.702380418777465820e-01
-4.421067982912063599e-02
-2.138740383088588715e-02
1.087682545185089111e-01
2.776394486427307129e-01
-1.701242327690124512e-01
-3.173765838146209717e-01
3.479003012180328369e-01
-7.747705280780792236e-02
5.612583160400390625e-01
-3.301990777254104614e-02
