6.345473974943161011e-02
4.994000494480133057e-02
2.428313195705413818e-01
-8.469159901142120361e-02
1.611776277422904968e-02
-3.164796829223632812e-01
1.552570909261703491e-01
-4.273897036910057068e-02
1.478992700576782227e-01
-4.383767396211624146e-02
1.484677046537399292e-01
1.403183639049530029e-01
-1.755193471908569336e-01
-1.213676184415817261e-01
-1.656186021864414215e-02
9.550469368696212769e-02
6.806225329637527466e-02
-1.690460145473480225e-01
7.448510080575942993e-02
-2.376510947942733765e-01
2.021368965506553650e-02
-2.092014104127883911e-01
-9.496429562568664551e-02
-1.053466368466615677e-02
-2.232762426137924194e-01
2.254605740308761597e-01
-1.934380154125392437e-03
-9.203761816024780273e-02
1.834871470928192139e-01
1.352560985833406448e-02
-1.006971225142478943e-01
-2.483519166707992554e-01
5.974146351218223572e-02
-9.158731251955032349e-02
1.681677550077438354e-01
8.995541371405124664e-03
2.136742509901523590e-02
-1.579071730375289917e-01
-1.380574852228164673e-01
-1.090791150927543640e-01
6.615000218152999878e-02
-2.023733705282211304e-01
5.436282232403755188e-02
1.011350825428962708e-01
-8.420173823833465576e-02
-3.661635890603065491e-02
3.265768885612487793e-01
-1.575975865125656128e-02
3.965064883232116699e-02
1.834837794303894043e-01
3.439478203654289246e-02
-1.015269905328750610e-01
1.186831444501876831e-01
8.213954977691173553e-03
-1.403612792491912842e-01
8.107616007328033447e-02
2.459053136408329010e-02
1.289574056863784790e-01
7.185804191976785660e-03
2.516532242298126221e-01
9.752381592988967896e-02
-4.017043486237525940e-02
-3.223922103643417358e-02
2.662054598331451416e-01
-1.055924445390701294e-01
