-2.809959650039672852e-01
1.401760280132293701e-01
-2.143475413322448730e-01
2.994613647460937500e-01
2.082009054720401764e-02
2.192734181880950928e-01
-2.442133799195289612e-02
1.526039093732833862e-01
-1.736086606979370117e-01
-3.211156278848648071e-02
-9.229180961847305298e-02
-1.059339498169720173e-03
2.164371609687805176e-01
3.275784254074096680e-01
-1.197800785303115845e-01
4.387963935732841492e-02
-2.162143774330615997e-02
-2.218293249607086182e-01
5.865461006760597229e-02
-3.145221853628754616e-03
-1.261471807956695557e-01
-3.403789997100830078e-01
7.452912628650665283e-02
-4.489057660102844238e-01
-1.843537576496601105e-02
-7.741153985261917114e-02
-1.853961795568466187e-01
1.526246666908264160e-01
4.799421131610870361e-01
9.885127656161785126e-03
3.391368687152862549e-01
2.133164741098880768e-02
1.010371595621109009e-01
