6.894526630640029907e-02
1.673348844051361084e-01
1.423644423484802246e-01
3.530147299170494080e-02
-2.889512665569782257e-02
-1.928310990333557129e-01
-7.388425618410110474e-02
-9.710849076509475708e-02
-2.879940904676914215e-03
3.935795277357101440e-02
3.380199968814849854e-01
-4.754721745848655701e-02
1.143295690417289734e-01
-2.509978367015719414e-03
1.942050270736217499e-02
3.231749869883060455e-03
1.045364886522293091e-02
2.740555256605148315e-02
1.932153850793838501e-02
2.231127582490444183e-02
2.691490948200225830e-02
3.190989792346954346e-02
3.478161618113517761e-02
4.236930236220359802e-02
4.933406040072441101e-02
5.672333389520645142e-02
7.032798230648040771e-02
8.591065555810928345e-02
1.054160892963409424e-01
1.357239335775375366e-01
2.672034800052642822e-01
-1.578595787286758423e-01
1.338295787572860718e-01
-4.726597294211387634e-02
-6.947898119688034058e-02
-3.302735835313796997e-02
-1.547218300402164459e-02
-3.986444789916276932e-03
-5.653714295476675034e-03
2.573450095951557159e-03
3.774217329919338226e-03
5.807842127978801727e-03
6.426614709198474884e-03
-4.525873227976262569e-04
-1.131967641413211823e-03
6.195938214659690857e-03
-1.354145584627985954e-03
2.984098391607403755e-04
-2.414835989475250244e-02
-3.456246480345726013e-02
-9.805867075920104980e-02
-1.525184959173202515e-01
-8.817230910062789917e-02
2.768293395638465881e-02
4.980910196900367737e-02
-7.413932681083679199e-02
4.436888918280601501e-02
1.878199875354766846e-01
6.883344799280166626e-02
1.467281430959701538e-01
1.594272553920745850e-01
-1.935495138168334961e-01
-1.551447659730911255e-01
-8.997765928506851196e-02
-1.040127500891685486e-01
