-1.681090146303176880e-01
7.832270115613937378e-02
-1.907907873392105103e-01
-1.934694647789001465e-01
2.302861660718917847e-01
2.480391412973403931e-01
4.447758495807647705e-01
-2.439775913953781128e-01
-1.315548457205295563e-02
-4.553465545177459717e-02
3.117444515228271484e-01
-1.475747674703598022e-01
3.794455826282501221e-01
2.242541760206222534e-01
-6.024646107107400894e-03
-1.631212234497070312e-01
-7.494269311428070068e-02
-2.471108138561248779e-01
1.321332752704620361e-01
-2.717466056346893311e-01
7.304994016885757446e-02
2.344175428152084351e-01
-5.739389359951019287e-02
2.194898277521133423e-01
1.736463457345962524e-01
-1.619906164705753326e-02
3.864619648084044456e-03
-1.367560923099517822e-01
-1.575848162174224854e-01
-1.636517047882080078e-01
6.242711842060089111e-02
1.537254601716995239e-01
-1.398538053035736084e-01
1.885652244091033936e-01
-1.688978262245655060e-02
-3.028020262718200684e-01
2.253500819206237793e-01
-5.209710076451301575e-02
8.263507485389709473e-02
1.529212892055511475e-01
-4.622913151979446411e-02
7.952315732836723328e-03
5.178110599517822266e-01
3.265987038612365723e-01
-2.464564591646194458e-01
-1.680047512054443359e-01
8.479589223861694336e-02
4.606282413005828857e-01
-6.730313599109649658e-02
2.273006737232208252e-01
7.486417889595031738e-02
1.053406205028295517e-02
-2.556587941944599152e-02
-7.755548506975173950e-02
1.274485737085342407e-01
-8.081120252609252930e-02
1.690960377454757690e-01
2.344090193510055542e-01
-1.271283924579620361e-01
-3.463869914412498474e-02
-3.330492973327636719e-02
-4.640168696641921997e-02
-3.457935154438018799e-02
-1.909290812909603119e-02
-8.501520752906799316e-02
