-2.530036568641662598e-01
1.594898104667663574e-01
8.673804253339767456e-02
3.530675172805786133e-02
8.881643414497375488e-03
-2.451268397271633148e-02
-7.939630001783370972e-02
1.484155803918838501e-01
3.962739557027816772e-02
-8.443121612071990967e-02
-5.803391337394714355e-02
-9.362602233886718750e-02
5.697982385754585266e-02
5.498962942510843277e-03
6.789058446884155273e-02
5.162709206342697144e-02
2.203365564346313477e-01
-2.596125937998294830e-02
4.717702865600585938e-01
-2.039994858205318451e-02
-4.288676381111145020e-02
1.184875238686800003e-02
1.428177952766418457e-01
8.165322244167327881e-02
-1.926175057888031006e-01
7.227234542369842529e-02
5.014121159911155701e-02
-2.889829874038696289e-02
6.298857182264328003e-02
1.679286547005176544e-02
3.354166150093078613e-01
1.175803318619728088e-02
2.369428426027297974e-02
-2.606448651931714267e-05
-2.277504205703735352e-01
5.500398576259613037e-02
1.530358046293258667e-01
1.946383863687515259e-01
5.109156295657157898e-02
-1.743223667144775391e-01
1.302074044942855835e-01
-3.636345863342285156e-01
-1.496521383523941040e-02
2.910251542925834656e-02
1.028947308659553528e-01
-9.471344947814941406e-02
9.700377285480499268e-02
9.023808874189853668e-03
-4.933770000934600830e-02
1.635041981935501099e-01
-2.055482864379882812e-01
1.966278254985809326e-01
1.954652369022369385e-01
9.561909735202789307e-02
-6.105841696262359619e-02
2.351858317852020264e-01
4.315144568681716919e-02
-6.226957589387893677e-02
1.310739070177078247e-01
-1.731078475713729858e-01
3.667502198368310928e-03
3.114823438227176666e-02
-2.904629707336425781e-01
-3.279215097427368164e-01
-4.002445377409458160e-03
