2.130103856325149536e-01
-2.441136389970779419e-01
-3.691388666629791260e-01
1.204310432076454163e-01
4.226756095886230469e-02
-1.898032128810882568e-01
-1.940718740224838257e-01
-8.209602092392742634e-04
1.556875109672546387e-01
1.124812960624694824e-01
-2.459240704774856567e-01
2.369653806090354919e-02
2.024476416409015656e-02
1.285878121852874756e-01
3.437570035457611084e-01
-1.875162422657012939e-01
1.930407881736755371e-01
-6.545869261026382446e-02
-1.086572650820016861e-02
-1.837365143001079559e-02
-1.481742691248655319e-02
-1.071724295616149902e-01
-1.983172744512557983e-01
-1.122121885418891907e-01
-5.546011403203010559e-02
4.290095865726470947e-01
-1.503239721059799194e-01
-6.141792535781860352e-01
1.322282999753952026e-01
4.240228831768035889e-01
-1.972864270210266113e-01
1.775714904069900513e-01
1.162188407033681870e-02
