9.983246028423309326e-02
8.829592913389205933e-02
-1.211453322321176529e-02
-1.615471690893173218e-01
-2.375105954706668854e-02
7.301655411720275879e-02
8.852512389421463013e-02
1.166977137327194214e-01
8.314527571201324463e-02
-1.785864531993865967e-01
-3.787264227867126465e-02
1.663304716348648071e-01
2.707164734601974487e-02
4.213951900601387024e-02
-1.470345854759216309e-01
-2.121634036302566528e-01
8.494584262371063232e-02
-4.141201451420783997e-02
6.146664172410964966e-02
-1.677143871784210205e-01
-2.166862189769744873e-01
1.245105452835559845e-02
1.440229117870330811e-01
-6.482564657926559448e-02
4.967701062560081482e-02
3.909778967499732971e-02
5.548406019806861877e-02
1.006738543510437012e-01
-4.043528810143470764e-02
1.850749850273132324e-01
1.944696009159088135e-01
1.141360923647880554e-01
-3.729950264096260071e-02
-4.642118141055107117e-02
4.391058534383773804e-02
-2.439893782138824463e-01
-4.640622437000274658e-02
1.846750676631927490e-01
3.927130624651908875e-02
3.600540012121200562e-02
-2.323742061853408813e-01
1.201114803552627563e-01
-1.621818095445632935e-01
2.385192364454269409e-01
-1.472939550876617432e-01
-3.054899573326110840e-01
-1.743149310350418091e-01
1.907191574573516846e-01
-4.443160258233547211e-03
-6.857084482908248901e-02
5.515545606613159180e-02
-1.020946651697158813e-01
-4.033100791275501251e-03
4.782614484429359436e-02
-3.177222236990928650e-02
1.230326518416404724e-01
-4.664604738354682922e-02
-2.657181918621063232e-01
1.900083124637603760e-01
1.953181028366088867e-01
-2.370543330907821655e-01
-3.323163464665412903e-02
1.971824467182159424e-02
-5.528208240866661072e-02
-1.083454266190528870e-01
