-8.942791074514389038e-02
2.612966299057006836e-01
1.778559293597936630e-03
2.081686854362487793e-01
9.686779230833053589e-02
2.546182870864868164e-01
4.387672990560531616e-02
1.985870450735092163e-01
-8.016791194677352905e-02
-3.376435488462448120e-02
-2.231898158788681030e-02
2.318112412467598915e-03
-2.224894613027572632e-02
-9.839274920523166656e-03
2.438096702098846436e-01
3.053722381591796875e-01
5.298009514808654785e-02
-1.324919164180755615e-01
-3.013524711132049561e-01
-2.039638161659240723e-01
-6.604264490306377411e-03
-2.445935457944869995e-01
1.375593096017837524e-01
-9.489885717630386353e-02
6.582345068454742432e-02
6.709529459476470947e-02
-1.120687276124954224e-01
1.218122690916061401e-01
-1.479310262948274612e-02
4.373748898506164551e-01
2.501119375228881836e-01
-1.209199242293834686e-02
3.829909116029739380e-02
-5.485368147492408752e-02
-9.936177730560302734e-02
-4.345660805702209473e-01
1.990467905998229980e-01
-1.506644636392593384e-01
-3.436200916767120361e-01
-1.562767475843429565e-01
-4.280024766921997070e-02
-1.778672784566879272e-01
2.313537895679473877e-02
3.157510757446289062e-01
1.810953170061111450e-01
3.233564198017120361e-01
-4.846344888210296631e-01
-3.741024807095527649e-02
8.048507571220397949e-02
2.309094220399856567e-01
2.424209564924240112e-01
-1.293968260288238525e-01
-2.712751030921936035e-01
-7.195329666137695312e-02
-2.893733978271484375e-01
4.732112288475036621e-01
2.347597777843475342e-01
2.111738473176956177e-01
2.300982028245925903e-01
-4.172034561634063721e-02
1.276241391897201538e-01
-2.232212573289871216e-01
3.538503646850585938e-01
2.108022570610046387e-01
3.024688661098480225e-01
