2.165427990257740021e-02
-6.612603552639484406e-03
5.632584691047668457e-01
8.468464761972427368e-02
1.271110475063323975e-01
-2.362540513277053833e-01
1.267784982919692993e-01
-4.605297148227691650e-01
-1.779572516679763794e-01
1.408886611461639404e-01
-3.174330666661262512e-02
-9.647012501955032349e-02
2.400790005922317505e-01
-8.613380789756774902e-02
-2.190700769424438477e-01
-2.967639360576868057e-03
-8.183090016245841980e-03
-8.952037431299686432e-03
-9.291876107454299927e-03
-1.195518299937248230e-02
-1.514539960771799088e-02
-1.688888110220432281e-02
-1.968747936189174652e-02
-2.404477447271347046e-02
-2.756665088236331940e-02
-3.085018694400787354e-02
-4.184408858418464661e-02
-4.961079359054565430e-02
-6.448642164468765259e-02
-6.894444674253463745e-02
7.671224325895309448e-02
1.793107688426971436e-01
-2.516976296901702881e-01
2.705539949238300323e-02
7.159158587455749512e-02
6.835496425628662109e-02
5.580689758062362671e-02
4.420782625675201416e-02
3.616787493228912354e-02
3.086129389703273773e-02
2.873470820486545563e-02
2.731774188578128815e-02
1.914877444505691528e-02
2.618401311337947845e-02
2.184516191482543945e-02
2.565062046051025391e-02
2.363265678286552429e-02
2.415079995989799500e-02
2.204870246350765228e-02
1.120895296335220337e-01
3.126246109604835510e-02
-2.774944603443145752e-01
4.165358841419219971e-02
1.105215251445770264e-01
1.404246501624584198e-02
1.776083111763000488e-01
1.781368851661682129e-01
-7.594428956508636475e-02
3.451756536960601807e-01
2.679688632488250732e-01
-6.486444920301437378e-02
-5.339141488075256348e-01
1.914096474647521973e-01
-2.167930006980895996e-01
-1.633257716894149780e-01
