-2.597303390502929688e-01
5.283206105232238770e-01
-4.779793918132781982e-01
1.708522886037826538e-01
1.726550161838531494e-01
-1.372185647487640381e-01
7.365283370018005371e-02
-5.657662749290466309e-01
-4.949231743812561035e-01
2.707721590995788574e-01
3.266168534755706787e-01
-2.785182893276214600e-01
-1.317861527204513550e-01
-2.544306814670562744e-01
3.300285935401916504e-01
-2.150794863700866699e-02
-3.096675574779510498e-01
-3.729477897286415100e-02
5.674850940704345703e-01
-3.560621738433837891e-01
-2.401599586009979248e-01
2.750822901725769043e-01
1.039486899971961975e-01
-5.188854411244392395e-02
1.112164035439491272e-01
5.560194849967956543e-01
-1.982608139514923096e-01
7.198564410209655762e-01
-2.043867409229278564e-01
7.644034922122955322e-02
1.243576630949974060e-01
2.861782014369964600e-01
-8.657019585371017456e-03
