-2.343952506780624390e-01
2.264343947172164917e-01
-2.221085727214813232e-01
6.743486970663070679e-02
6.205911040306091309e-01
4.883599281311035156e-02
3.180232644081115723e-02
-1.961831599473953247e-01
6.115166842937469482e-02
1.773209273815155029e-01
7.679254561662673950e-02
1.002846658229827881e-01
1.588656306266784668e-01
2.004621326923370361e-01
-3.579597547650337219e-02
-5.048257857561111450e-02
-1.576793193817138672e-01
1.515595614910125732e-01
-9.073527157306671143e-02
-9.102956950664520264e-02
-8.375459909439086914e-02
-6.870333105325698853e-02
-1.069981455802917480e-01
7.275079190731048584e-02
-1.537331491708755493e-01
6.115654110908508301e-02
8.502458035945892334e-02
-2.610478401184082031e-01
-2.361616045236587524e-01
-1.385525800287723541e-02
3.670203983783721924e-01
3.001162111759185791e-01
5.453586578369140625e-01
