5.776737257838249207e-02
1.052091047167778015e-01
-1.529495567083358765e-01
2.799032442271709442e-02
-1.811650097370147705e-01
-5.691748857498168945e-01
4.771828651428222656e-01
2.714620828628540039e-01
1.240314990282058716e-01
-5.912271142005920410e-02
1.423395723104476929e-01
1.483935713768005371e-01
-1.404656916856765747e-01
-1.952935159206390381e-01
3.969926834106445312e-01
-4.574218392372131348e-01
-3.468826115131378174e-01
3.209148943424224854e-01
-3.818831443786621094e-01
-2.531887590885162354e-01
3.008907437324523926e-01
-1.507653445005416870e-01
-4.188230633735656738e-01
3.697478771209716797e-01
-2.783847153186798096e-01
4.359043836593627930e-01
2.901940047740936279e-01
3.482190072536468506e-01
-9.945417940616607666e-02
-1.143746003508567810e-01
2.004342377185821533e-01
1.331052184104919434e-01
1.017149612307548523e-01
