-2.721783518791198730e-01
-1.684228889644145966e-02
8.688513189554214478e-02
3.008052892982959747e-02
3.907761573791503906e-01
-2.278168499469757080e-01
3.301910310983657837e-02
-2.115692384541034698e-02
2.372442483901977539e-01
-5.632536113262176514e-02
2.250004261732101440e-01
2.700504064559936523e-01
3.328985273838043213e-01
2.213131338357925415e-01
2.534351944923400879e-01
3.257668018341064453e-01
-3.853434026241302490e-01
-1.229210011661052704e-02
-4.142158329486846924e-01
9.902255237102508545e-02
-4.858498647809028625e-02
-5.324998497962951660e-01
3.949267044663429260e-02
-3.653741776943206787e-01
-1.190138906240463257e-01
-3.737616240978240967e-01
-2.217609435319900513e-01
1.065790653228759766e-01
-8.200803399085998535e-02
3.755016997456550598e-02
-2.444175481796264648e-01
-1.396701335906982422e-01
4.277443513274192810e-02
