-4.015170782804489136e-02
1.402101963758468628e-01
-4.115803539752960205e-02
2.012579143047332764e-01
-1.809888780117034912e-01
2.804366312921047211e-02
-1.831022351980209351e-01
1.712432503700256348e-01
-1.404664516448974609e-01
-7.245268672704696655e-02
-1.960536688566207886e-01
-1.333543807268142700e-01
1.047824993729591370e-01
-4.976344853639602661e-02
3.414361476898193359e-01
1.617775410413742065e-01
1.217970699071884155e-01
-8.531244099140167236e-02
-3.466830551624298096e-01
-3.747361302375793457e-01
-5.233644843101501465e-01
1.892947107553482056e-01
-1.802389919757843018e-01
-5.210011079907417297e-02
-1.773430705070495605e-01
-1.073950082063674927e-01
-2.592816352844238281e-01
4.277380108833312988e-01
-7.097294181585311890e-02
2.804230451583862305e-01
-1.628386415541172028e-02
8.829846233129501343e-02
1.938821822404861450e-01
