9.768205694854259491e-03
1.737436950206756592e-01
1.429003924131393433e-01
1.927666515111923218e-01
-5.627070367336273193e-02
-3.073886036872863770e-02
-1.940349787473678589e-01
1.917638033628463745e-01
-9.542850777506828308e-03
-5.522513762116432190e-02
-9.930505417287349701e-03
-2.020473591983318329e-02
-3.095815144479274750e-02
-8.636756241321563721e-02
-2.281203120946884155e-01
-4.109570756554603577e-02
6.692738831043243408e-02
2.697071135044097900e-01
2.961582541465759277e-01
2.215915322303771973e-01
1.633685082197189331e-01
1.171155869960784912e-01
1.085489168763160706e-01
6.057643890380859375e-02
6.968187517486512661e-04
-3.657352551817893982e-02
3.020749986171722412e-01
-4.471029713749885559e-02
-5.135444179177284241e-02
-1.541219353675842285e-01
1.950982660055160522e-01
1.847943216562271118e-01
-2.067946791648864746e-01
