9.981724619865417480e-02
1.858558803796768188e-01
-1.073878407478332520e-01
8.503128588199615479e-02
-2.041236311197280884e-02
1.292818039655685425e-01
2.448631972074508667e-01
-1.496448647230863571e-02
1.179525703191757202e-01
2.257140874862670898e-01
1.196289211511611938e-01
-2.338374257087707520e-01
-1.773806363344192505e-01
1.055819690227508545e-01
-4.971247166395187378e-02
-3.153642266988754272e-02
-3.249863535165786743e-02
7.661706954240798950e-02
9.239597618579864502e-02
6.275738775730133057e-02
1.121300738304853439e-02
2.174905501306056976e-02
1.225019339472055435e-02
1.286520063877105713e-02
1.345217041671276093e-02
1.585317403078079224e-02
1.649766974151134491e-02
2.259132824838161469e-02
2.794216852635145187e-03
-5.398746579885482788e-02
6.227290257811546326e-02
1.315161287784576416e-01
1.944770663976669312e-01
-8.675862103700637817e-02
-3.011322394013404846e-02
-4.465824924409389496e-03
-7.521681953221559525e-03
-6.589947734028100967e-03
-7.441137917339801788e-03
-8.084204047918319702e-03
-3.288989188149571419e-03
-9.115215390920639038e-03
-2.411430235952138901e-03
-9.462703019380569458e-03
-3.552664769813418388e-03
1.681739985942840576e-01
1.998758502304553986e-02
1.078482568264007568e-01
-3.311245739459991455e-01
2.060590870678424835e-02
-9.182941913604736328e-02
1.153855621814727783e-01
4.937607422471046448e-02
1.162809729576110840e-01
-3.572511076927185059e-01
-1.890053898096084595e-01
-9.083763509988784790e-02
3.536143004894256592e-01
-4.776990972459316254e-03
-3.459629043936729431e-02
7.318276911973953247e-02
-1.547857671976089478e-01
-1.907602883875370026e-02
-1.414657086133956909e-01
-1.670773774385452271e-01
