2.683520875871181488e-02
9.950156509876251221e-02
-1.869722604751586914e-01
-8.832361549139022827e-02
7.496073096990585327e-02
4.978660121560096741e-02
2.258454710245132446e-01
5.837844684720039368e-02
7.588446885347366333e-02
-1.607549190521240234e-01
5.673522129654884338e-02
5.771815776824951172e-02
2.116594463586807251e-01
2.138429731130599976e-01
4.408349096775054932e-02
1.359743773937225342e-01
-1.184433698654174805e-01
-1.905082762241363525e-01
5.240146517753601074e-01
8.002904802560806274e-02
-1.008935868740081787e-01
1.759041994810104370e-01
1.033933237195014954e-01
1.333147734403610229e-01
3.822308778762817383e-01
1.172299846075475216e-03
2.039511650800704956e-01
2.295320481061935425e-01
2.681000232696533203e-01
3.508289456367492676e-01
-2.120713703334331512e-02
4.055429622530937195e-02
-1.857648342847824097e-01
1.337502449750900269e-01
-4.728575348854064941e-01
-2.714159488677978516e-01
-3.610707223415374756e-01
-9.653988480567932129e-02
-2.882669866085052490e-01
-1.230703815817832947e-01
-5.129162687808275223e-03
1.165968999266624451e-01
9.161265194416046143e-02
1.264342851936817169e-02
-8.153990656137466431e-02
6.640515476465225220e-02
-4.492568783462047577e-03
3.627114370465278625e-02
-1.579009145498275757e-01
-4.795746877789497375e-02
1.996957808732986450e-01
-2.530445158481597900e-01
-1.793015375733375549e-02
2.165443301200866699e-01
-9.475757181644439697e-02
-4.029284715652465820e-01
-8.566512167453765869e-02
3.397996723651885986e-01
-8.482804149389266968e-02
6.468931585550308228e-02
7.530240714550018311e-02
-1.405608057975769043e-01
1.092820242047309875e-01
2.242609262466430664e-01
-1.433727443218231201e-01
