2.720832228660583496e-01
-1.131300404667854309e-01
-1.338509377092123032e-03
7.836313545703887939e-02
-6.083970889449119568e-02
-9.307855367660522461e-02
8.809622377157211304e-02
1.129615157842636108e-01
8.895169943571090698e-02
2.758338749408721924e-01
7.440811395645141602e-02
1.493254601955413818e-01
-1.970291584730148315e-01
9.911083430051803589e-02
1.652247160673141479e-01
-2.547313868999481201e-01
6.884288787841796875e-02
1.522218436002731323e-01
1.088687554001808167e-01
1.774807721376419067e-01
-5.820868164300918579e-02
5.201320350170135498e-02
3.447823971509933472e-02
-2.171627990901470184e-02
9.322527796030044556e-02
-1.846188157796859741e-01
5.517152547836303711e-01
-4.383448883891105652e-02
1.348423063755035400e-01
-1.307526081800460815e-01
4.635363817214965820e-02
1.518005621619522572e-03
-1.240734942257404327e-02
2.074858546257019043e-02
5.363148078322410583e-02
-1.848063990473747253e-02
-3.805584311485290527e-01
-7.071860879659652710e-02
-1.911899447441101074e-01
-1.760870814323425293e-01
-1.525823324918746948e-01
-3.091596066951751709e-02
1.255618780851364136e-01
-2.309648245573043823e-01
6.599496304988861084e-02
-2.779305279254913330e-01
2.592993676662445068e-01
3.842221572995185852e-02
3.254308402538299561e-01
-2.422482669353485107e-01
1.026062965393066406e-01
1.358663886785507202e-01
-7.581797242164611816e-02
-1.493721008300781250e-01
-9.499122947454452515e-02
1.616879254579544067e-01
-1.679487824440002441e-01
-3.124652802944183350e-01
1.983155012130737305e-01
-2.024542391300201416e-01
1.600817888975143433e-01
2.362181991338729858e-02
5.098876729607582092e-02
-2.462929487228393555e-02
1.506276521831750870e-02
