9.334045462310314178e-03
1.660210192203521729e-01
1.365447193384170532e-01
1.842378675937652588e-01
-5.407175794243812561e-02
-3.010536730289459229e-02
-2.052853405475616455e-01
2.476332783699035645e-01
-1.587895303964614868e-02
-2.699990272521972656e-01
2.972236834466457367e-02
-1.498665958642959595e-01
1.071860864758491516e-01
-1.614805124700069427e-02
-3.955633044242858887e-01
-2.900265157222747803e-01
-1.192221767269074917e-03
2.271755933761596680e-01
1.985363662242889404e-01
2.643201351165771484e-01
1.640341728925704956e-01
-8.210003376007080078e-03
1.751704514026641846e-01
6.394004821777343750e-02
-2.372647076845169067e-02
-4.152210429310798645e-02
2.941047847270965576e-01
-4.281703755259513855e-02
-4.934139549732208252e-02
-1.472700834274291992e-01
1.864266246557235718e-01
1.765806227922439575e-01
-1.976027041673660278e-01
