1.879975944757461548e-02
-5.740910768508911133e-03
4.890082180500030518e-01
7.352124899625778198e-02
1.103549748659133911e-01
-2.051102817058563232e-01
1.100661605596542358e-01
-3.998212516307830811e-01
-1.547844856977462769e-01
1.233855634927749634e-01
-2.804986760020256042e-02
-8.828698843717575073e-02
2.202617824077606201e-01
-9.530387073755264282e-02
-2.318401783704757690e-01
-1.358741521835327148e-02
-3.177707549184560776e-03
-5.350151332095265388e-04
-8.070403710007667542e-04
-1.262067933566868305e-03
-2.851638011634349823e-03
-4.895651247352361679e-03
-6.901097949594259262e-03
-3.612076165154576302e-03
-8.950988762080669403e-03
-9.494517929852008820e-03
-1.234033238142728806e-02
-1.438857242465019226e-02
-1.613379083573818207e-02
-1.169537939131259918e-02
1.135153844952583313e-01
1.469477564096450806e-01
-2.253423929214477539e-01
6.463648751378059387e-03
1.746602915227413177e-02
2.075952477753162384e-02
2.084681764245033264e-02
1.773765310645103455e-02
1.615663804113864899e-02
1.608068495988845825e-02
1.728052645921707153e-02
1.877013221383094788e-02
1.309489365667104721e-02
1.697664894163608551e-02
2.016632072627544403e-02
2.572024427354335785e-02
2.292321994900703430e-02
3.386481851339340210e-02
2.095506899058818817e-02
1.551787555217742920e-01
3.334226086735725403e-02
-2.678237557411193848e-01
3.672461211681365967e-02
9.693894535303115845e-02
1.107045728713274002e-02
1.541953980922698975e-01
1.558192819356918335e-01
-6.593321263790130615e-02
2.996735274791717529e-01
2.326442599296569824e-01
-5.631386116147041321e-02
-4.635319709777832031e-01
1.661777049303054810e-01
-1.882148981094360352e-01
-1.417955607175827026e-01
