-2.566574811935424805e-01
5.220708250999450684e-01
-4.723247587680816650e-01
1.688297539949417114e-01
1.706073731184005737e-01
-1.356098204851150513e-01
7.275725901126861572e-02
-5.591026544570922852e-01
-4.891043007373809814e-01
2.675229907035827637e-01
3.225259482860565186e-01
-2.760507762432098389e-01
-1.298647373914718628e-01
-2.430510520935058594e-01
3.438978195190429688e-01
-1.189177855849266052e-02
-3.157519698143005371e-01
-4.796782135963439941e-02
5.574784278869628906e-01
-3.553968966007232666e-01
-2.429369240999221802e-01
2.671041786670684814e-01
9.979687631130218506e-02
-5.275461077690124512e-02
1.092859059572219849e-01
5.492052435874938965e-01
-1.960045397281646729e-01
7.113035321235656738e-01
-2.019822597503662109e-01
7.553277164697647095e-02
1.228861063718795776e-01
2.827921509742736816e-01
-8.554603904485702515e-03
