6.775239855051040649e-02
1.644397974014282227e-01
1.399010568857192993e-01
3.472035005688667297e-02
-2.841063030064105988e-02
-1.894945949316024780e-01
-7.279372215270996094e-02
-9.549672156572341919e-02
-2.820471767336130142e-03
3.867111727595329285e-02
3.354528546333312988e-01
-4.854486137628555298e-02
1.188418343663215637e-01
-5.177916027605533600e-03
1.979080960154533386e-02
2.153936540707945824e-03
7.520002778619527817e-03
2.659402973949909210e-02
1.657230220735073090e-02
2.138982340693473816e-02
2.745681814849376678e-02
3.152981027960777283e-02
3.559831157326698303e-02
3.711817413568496704e-02
4.412146285176277161e-02
5.597809329628944397e-02
6.743648648262023926e-02
8.452648669481277466e-02
1.000213921070098877e-01
1.311311721801757812e-01
2.688081860542297363e-01
-1.588809788227081299e-01
1.250227242708206177e-01
-3.478479012846946716e-02
-6.970506906509399414e-02
-3.698853030800819397e-02
-1.918150670826435089e-02
-1.093295961618423462e-02
-7.268496789038181305e-03
-2.336239907890558243e-03
3.839085809886455536e-03
-6.938757142052054405e-04
3.030808875337243080e-03
-1.298210350796580315e-03
1.190617098473012447e-03
3.612638451159000397e-03
-3.465444315224885941e-03
-1.461946521885693073e-03
-2.800690568983554840e-02
-4.101062566041946411e-02
-1.043883785605430603e-01
-1.549193412065505981e-01
-8.938524872064590454e-02
2.853464521467685699e-02
4.924320057034492493e-02
-7.288721948862075806e-02
4.405847936868667603e-02
1.846629083156585693e-01
6.768179684877395630e-02
1.441663950681686401e-01
1.566416472196578979e-01
-1.902005374431610107e-01
-1.524601876735687256e-01
-8.842081576585769653e-02
-1.022130474448204041e-01
