-3.190551102161407471e-01
2.779807448387145996e-01
1.346819251775741577e-01
-2.092563956975936890e-01
2.801528871059417725e-01
-1.204122230410575867e-01
3.697241544723510742e-01
-2.873988747596740723e-01
2.288030385971069336e-01
2.570440061390399933e-02
-1.233468204736709595e-01
2.606877088546752930e-01
2.669748663902282715e-01
4.294794797897338867e-01
-2.208391018211841583e-02
2.281809449195861816e-01
-2.836716733872890472e-02
4.462258517742156982e-02
-2.348338626325130463e-02
1.323316991329193115e-01
-2.009733021259307861e-01
-5.207435786724090576e-02
2.637023329734802246e-01
-2.388571500778198242e-01
6.446414440870285034e-02
-4.232204705476760864e-02
-9.814768284559249878e-02
-2.307515591382980347e-02
7.125031668692827225e-03
1.672167181968688965e-01
-2.668086886405944824e-01
1.142631843686103821e-01
-9.907668083906173706e-02
4.898938909173011780e-02
1.647860705852508545e-01
-2.126005887985229492e-01
1.912282705307006836e-01
-9.378831088542938232e-02
1.261482685804367065e-01
-2.669023573398590088e-01
-3.703187778592109680e-02
1.186211258172988892e-01
2.901765517890453339e-03
-2.068043202161788940e-01
1.560955196619033813e-01
1.296253800392150879e-01
-2.212697714567184448e-01
1.722322255373001099e-01
1.120419204235076904e-01
-1.463578939437866211e-01
-1.417631655931472778e-01
9.706461429595947266e-02
1.219191253185272217e-01
1.111232563853263855e-01
-2.501159012317657471e-01
1.793161034584045410e-01
2.851995229721069336e-01
-4.042763411998748779e-01
8.781485259532928467e-02
-3.058985471725463867e-01
1.731546819210052490e-01
-6.786163151264190674e-02
-7.266859710216522217e-02
-2.694393694400787354e-01
1.672765053808689117e-02
