-1.867143511772155762e-01
1.803734898567199707e-01
-1.772938370704650879e-01
5.378765985369682312e-02
4.958632886409759521e-01
3.850265592336654663e-02
2.547577396035194397e-02
-2.061484307050704956e-01
5.368863046169281006e-02
3.176427185535430908e-01
2.490333653986454010e-02
-1.806619167327880859e-01
2.587640583515167236e-01
2.421578019857406616e-01
-1.763170361518859863e-01
-3.748399019241333008e-02
-1.712503731250762939e-01
6.234652921557426453e-02
-2.263649553060531616e-01
-2.482094056904315948e-02
9.028456360101699829e-02
2.642961144447326660e-01
-2.497423812747001648e-02
3.145559132099151611e-02
2.897355556488037109e-01
-1.844320148229598999e-01
-2.011567167937755585e-02
2.264533936977386475e-01
1.134982779622077942e-01
3.792695701122283936e-01
2.181219756603240967e-01
1.017670333385467529e-01
2.311268597841262817e-01
1.745978742837905884e-01
-1.280518770217895508e-01
-8.447436243295669556e-02
-2.316007167100906372e-01
-1.691259890794754028e-01
-2.913320064544677734e-01
7.587420940399169922e-02
-7.407194375991821289e-02
3.217605873942375183e-02
5.660792067646980286e-02
-2.136913836002349854e-01
-1.914748847484588623e-01
-1.323580183088779449e-02
2.906826138496398926e-01
2.379922717809677124e-01
1.136443391442298889e-01
-5.689399689435958862e-02
-9.758044779300689697e-02
-1.803093776106834412e-02
2.628535926342010498e-01
-2.009129822254180908e-01
-6.036324799060821533e-02
9.154007583856582642e-02
-5.679192394018173218e-02
9.623741731047630310e-03
-1.152225770056247711e-02
1.460184901952743530e-01
3.242986649274826050e-02
7.087310403585433960e-02
-1.371370106935501099e-01
2.862109243869781494e-02
-4.013787955045700073e-02
