4.357998371124267578e-01
3.572393953800201416e-01
-7.148317694664001465e-01
1.286194007843732834e-02
1.011856272816658020e-01
1.292841732501983643e-01
-1.872904300689697266e-01
-6.605339795351028442e-02
-4.514943361282348633e-01
4.345220923423767090e-01
1.541154086589813232e-01
3.364535272121429443e-01
-8.918505162000656128e-02
-1.842987537384033203e-01
2.129842638969421387e-01
-1.621050983667373657e-01
1.686237305402755737e-01
-6.538055837154388428e-02
-1.307650804519653320e-01
3.352498412132263184e-01
-3.011283576488494873e-01
3.777619898319244385e-01
4.811543226242065430e-01
3.464203476905822754e-01
2.944887280464172363e-01
-2.896316945552825928e-01
-1.224510222673416138e-01
2.740549147129058838e-01
-8.658318221569061279e-02
-5.781102180480957031e-01
4.200440645217895508e-01
2.697432935237884521e-01
-1.383641958236694336e-01
