3.488850593566894531e-01
-3.608908355236053467e-01
-1.745999306440353394e-01
-2.705089375376701355e-02
-1.701874844729900360e-02
6.827004253864288330e-02
1.634418219327926636e-02
-8.355151861906051636e-02
1.518357098102569580e-01
5.950471013784408569e-02
2.376531064510345459e-02
3.821373730897903442e-02
6.949725002050399780e-02
6.426695734262466431e-02
2.021383792161941528e-01
2.001469880342483521e-01
-3.074045777320861816e-01
2.115274518728256226e-01
6.273103877902030945e-03
-1.698900200426578522e-02
6.693491712212562561e-03
-7.989876321516931057e-04
4.263421148061752319e-02
-2.598552405834197998e-02
2.867780812084674835e-02
-1.623137146234512329e-01
1.028987858444452286e-02
1.237036958336830139e-01
6.819745153188705444e-02
1.036043390631675720e-01
-5.040623545646667480e-01
-4.282628372311592102e-02
-1.077281013131141663e-01
