6.695787422358989716e-03
1.190953180193901062e-01
9.795042127370834351e-02
1.321622878313064575e-01
-3.879160806536674500e-02
-2.159781008958816528e-02
-1.472363173961639404e-01
1.777726113796234131e-01
-1.088449731469154358e-02
-1.920071989297866821e-01
2.684294618666172028e-02
-9.062599390745162964e-02
1.176327541470527649e-01
6.095794215798377991e-02
-1.881986409425735474e-01
-1.187938600778579712e-01
3.603911027312278748e-02
7.329303771257400513e-03
5.469542741775512695e-02
-1.452716439962387085e-01
1.627739220857620239e-01
5.018794443458318710e-03
-9.672813117504119873e-02
1.183002963662147522e-01
-1.433151424862444401e-03
-2.424842417240142822e-01
-2.142665833234786987e-01
1.703362725675106049e-02
2.762014567852020264e-01
-6.144029647111892700e-02
1.662384122610092163e-01
2.021178752183914185e-01
-2.667980827391147614e-02
1.754511743783950806e-01
9.905193001031875610e-02
1.500165462493896484e-01
1.063478812575340271e-01
-2.697363495826721191e-03
1.291891783475875854e-01
4.622348770499229431e-02
2.160124480724334717e-02
-3.321965038776397705e-02
2.077024430036544800e-01
-3.296807780861854553e-02
-3.644141554832458496e-02
-1.060885265469551086e-01
1.335337609052658081e-01
1.265664845705032349e-01
2.079531550407409668e-01
-4.855854436755180359e-02
-8.305531740188598633e-02
-1.380392909049987793e-01
-8.214451372623443604e-02
-1.700265854597091675e-01
1.622152924537658691e-01
6.971813738346099854e-02
6.518878042697906494e-02
-1.113810092210769653e-01
8.408116549253463745e-02
-1.944373548030853271e-01
-2.340362668037414551e-01
-7.354342937469482422e-02
-8.122725784778594971e-02
-1.097598969936370850e-01
2.846539393067359924e-02
