1.817235499620437622e-01
1.607235372066497803e-01
-2.205187827348709106e-02
-2.940620481967926025e-01
-4.268655925989151001e-02
1.310351639986038208e-01
1.573123782873153687e-01
1.908985525369644165e-01
1.248173117637634277e-01
-1.854232847690582275e-01
1.513421884737908840e-03
7.887377589941024780e-02
6.940382719039916992e-02
7.190593332052230835e-02
-1.683418452739715576e-01
-3.599600493907928467e-01
1.744793951511383057e-01
-9.450232237577438354e-02
-4.321910068392753601e-02
-1.004670038819313049e-01
-3.742377460002899170e-02
7.093690335750579834e-02
3.726245835423469543e-02
4.580692201852798462e-02
3.926460146903991699e-01
2.146241813898086548e-01
-2.952186167240142822e-01
4.333595931529998779e-01
-2.682510912418365479e-01
-5.561875104904174805e-01
-3.173852264881134033e-01
3.471095263957977295e-01
2.780648879706859589e-02
