-3.078122138977050781e-01
-8.051529526710510254e-02
2.122015953063964844e-01
1.005731970071792603e-01
-2.346190623939037323e-02
3.395841717720031738e-01
3.197212219238281250e-01
3.640017509460449219e-01
-1.977375894784927368e-01
-2.079766616225242615e-02
-3.105162978172302246e-01
-1.541609466075897217e-01
-1.596886217594146729e-01
-1.374861896038055420e-01
8.249315619468688965e-02
-2.014930546283721924e-01
-2.331203781068325043e-02
-1.638189405202865601e-01
-4.973933473229408264e-02
6.423179060220718384e-02
-3.945353031158447266e-01
5.060043185949325562e-03
-1.087506860494613647e-01
1.097721159458160400e-01
-1.421894580125808716e-01
4.031827300786972046e-02
-6.735343951731920242e-03
-1.691155135631561279e-02
-1.259749531745910645e-01
-2.148311436176300049e-01
2.660335302352905273e-01
-1.239505633711814880e-01
2.277726307511329651e-02
2.661873102188110352e-01
-4.130246490240097046e-02
-3.815060108900070190e-02
3.176388144493103027e-01
9.963567368686199188e-03
1.216198224574327469e-02
-1.920584887266159058e-01
-1.313135214149951935e-02
1.742804944515228271e-01
9.000744670629501343e-02
7.962455600500106812e-02
1.215261593461036682e-01
2.101178318262100220e-01
1.443763375282287598e-01
-2.026892900466918945e-01
-5.415922999382019043e-01
-6.666100770235061646e-02
1.996307075023651123e-01
3.301228210330009460e-02
-6.344850640743970871e-03
3.127844929695129395e-01
-2.461742162704467773e-01
-2.121818251907825470e-03
-3.787938505411148071e-03
-3.024789392948150635e-01
3.015759289264678955e-01
6.523860152810811996e-03
-3.265374898910522461e-01
1.569027006626129150e-01
-2.212606817483901978e-01
-1.386705636978149414e-01
-3.933744877576828003e-02
