3.291085734963417053e-02
2.232291847467422485e-01
9.733998775482177734e-02
1.796075701713562012e-01
-2.744026482105255127e-01
-3.784252405166625977e-01
-8.465750142931938171e-03
2.232687547802925110e-02
-2.888744473457336426e-01
3.204885125160217285e-02
-1.218986585736274719e-01
-1.001547947525978088e-01
-9.223801083862781525e-03
-1.853529736399650574e-02
-1.394457090646028519e-02
2.057546749711036682e-02
1.789165660738945007e-02
6.326424423605203629e-03
1.385380513966083527e-02
7.236557547003030777e-03
1.237438805401325226e-02
7.030685432255268097e-03
3.179947845637798309e-03
5.853406619280576706e-03
5.016447976231575012e-03
3.670555306598544121e-04
-6.669292226433753967e-03
-1.907804049551486969e-02
-4.445413127541542053e-02
-1.003005802631378174e-01
-1.322187781333923340e-01
-4.004614427685737610e-02
5.927012115716934204e-02
7.059589028358459473e-02
1.167618930339813232e-01
9.674279391765594482e-02
7.726640254259109497e-02
6.141635775566101074e-02
5.861562862992286682e-02
4.755897447466850281e-02
4.348610341548919678e-02
2.902139723300933838e-02
3.061260282993316650e-02
2.841118164360523224e-02
2.992176637053489685e-02
2.570640109479427338e-02
2.026065811514854431e-02
1.449386402964591980e-02
3.349203616380691528e-03
6.368299480527639389e-03
8.953772485256195068e-03
7.309765368700027466e-02
-1.155514940619468689e-01
4.973343014717102051e-02
7.612660527229309082e-03
-1.673607379198074341e-01
-1.766223609447479248e-01
8.400077000260353088e-03
-5.387977883219718933e-02
-1.396680027246475220e-01
3.832474350929260254e-02
-1.846675015985965729e-02
-5.094929412007331848e-02
6.699585355818271637e-03
7.226138561964035034e-02
