1.403926610946655273e-01
4.364377260208129883e-02
1.017280481755733490e-02
4.851010143756866455e-01
-2.414320558309555054e-01
-9.279330074787139893e-02
-1.028281599283218384e-01
-3.602391853928565979e-02
-4.147659346926957369e-04
-2.811127901077270508e-01
5.601164698600769043e-02
-1.026609987020492554e-01
-6.169246882200241089e-02
1.212308853864669800e-01
2.247932106256484985e-01
4.369032382965087891e-02
-5.150422081351280212e-02
1.802068650722503662e-01
-6.646615862846374512e-01
2.445900142192840576e-01
-7.091695070266723633e-02
2.773815691471099854e-01
-1.080802455544471741e-01
2.031788378953933716e-01
-9.053176641464233398e-02
1.422532945871353149e-01
3.238083422183990479e-01
-1.460774689912796021e-01
-2.003558278083801270e-01
-3.743168115615844727e-01
1.985249221324920654e-01
-1.094631850719451904e-01
1.632243162021040916e-03
