-5.159508436918258667e-02
3.393643349409103394e-02
9.879727661609649658e-02
-2.708104550838470459e-01
-1.420355141162872314e-01
-3.117735125124454498e-02
8.342228084802627563e-02
-4.551790282130241394e-02
2.637053132057189941e-01
-7.749602943658828735e-02
9.460460394620895386e-02
-4.697457700967788696e-02
1.296079009771347046e-01
8.065320551395416260e-03
-2.701104385778307915e-03
4.690168891102075577e-03
-1.349197141826152802e-02
-2.221731469035148621e-03
-1.392057072371244431e-02
-1.283820811659097672e-02
-3.007523901760578156e-02
-2.679016068577766418e-02
-3.900013864040374756e-02
-4.775693640112876892e-02
-5.712502077221870422e-02
-6.887604296207427979e-02
-7.950194180011749268e-02
-9.181714057922363281e-02
-1.144946813583374023e-01
-1.373531520366668701e-01
-1.854125112295150757e-01
5.191279575228691101e-02
6.315165758132934570e-02
1.833327114582061768e-01
5.288102850317955017e-02
1.113994140177965164e-02
-1.297338167205452919e-03
-5.988644436001777649e-03
-7.070013787597417831e-03
-3.354864893481135368e-03
-8.809385821223258972e-03
-4.158335737884044647e-03
-3.502123523503541946e-03
-1.297445036470890045e-02
-5.244517698884010315e-03
-8.809697814285755157e-03
3.306099679321050644e-03
1.320029795169830322e-02
3.962658345699310303e-02
-8.451315574347972870e-03
1.861694827675819397e-02
-8.626841008663177490e-02
1.219945028424263000e-01
-1.411913800984621048e-02
-4.637012258172035217e-02
-2.807393074035644531e-01
-1.461617946624755859e-01
-1.747192293405532837e-01
9.520725160837173462e-02
2.450633496046066284e-01
2.401117607951164246e-02
-3.131785094738006592e-01
-1.449145004153251648e-02
-8.740843273699283600e-03
2.197942882776260376e-02
