4.188362061977386475e-01
4.100521653890609741e-02
-2.261669933795928955e-02
-6.529334932565689087e-02
-8.517383038997650146e-02
-2.901661694049835205e-01
8.963620662689208984e-02
-2.229760289192199707e-01
2.037556916475296021e-01
-2.600427865982055664e-01
1.162911951541900635e-01
-3.145945072174072266e-01
8.007857203483581543e-02
-8.303970098495483398e-02
-1.440614461898803711e-01
-1.368087809532880783e-02
-4.711962491273880005e-02
-2.337172999978065491e-02
-1.932695694267749786e-02
-2.179262787103652954e-02
-2.625866234302520752e-02
-2.232426218688488007e-02
-2.475131116807460785e-02
-2.772054448723793030e-02
-2.315334975719451904e-02
-2.018556557595729828e-02
-2.383822202682495117e-02
-2.279262058436870575e-02
-2.480600401759147644e-02
-3.159536793828010559e-02
1.446673832833766937e-02
-1.947559714317321777e-01
-1.045400276780128479e-01
-1.297181099653244019e-01
4.193191975355148315e-02
1.595588214695453644e-02
1.337386108934879303e-02
7.245979271829128265e-03
8.792278356850147247e-03
7.199635729193687439e-03
4.002979025244712830e-03
1.032927632331848145e-02
1.410877704620361328e-02
1.463330909609794617e-02
1.551306899636983871e-02
1.395008713006973267e-02
-5.003696773201227188e-03
2.772021591663360596e-01
9.915229678153991699e-02
1.329479552805423737e-02
-2.520435452461242676e-01
2.197325415909290314e-02
-3.528453875333070755e-03
-3.630145490169525146e-01
2.603898644447326660e-01
-1.224742457270622253e-01
1.770823448896408081e-02
2.321665883064270020e-01
-5.280525237321853638e-02
2.141925245523452759e-01
3.000826537609100342e-01
-8.638072013854980469e-02
1.720482259988784790e-01
1.111314669251441956e-01
-9.110819548368453979e-02
