2.185621112585067749e-01
2.450930029153823853e-01
4.224741458892822266e-02
4.077582433819770813e-02
-8.669245988130569458e-02
-1.699586510658264160e-01
7.203800231218338013e-02
2.165690064430236816e-01
-2.127016484737396240e-01
1.046888157725334167e-01
-1.753731518983840942e-01
2.136867791414260864e-01
4.665416106581687927e-02
-1.902366131544113159e-01
3.243592977523803711e-01
4.138064980506896973e-01
-1.451677083969116211e-01
6.122994795441627502e-02
2.469455897808074951e-01
-2.684829533100128174e-01
-2.139154523611068726e-01
1.361456960439682007e-01
1.881496310234069824e-01
5.967897176742553711e-02
2.132521569728851318e-01
1.105405911803245544e-01
4.159529134631156921e-02
-3.164634704589843750e-01
2.628331771120429039e-03
2.172220870852470398e-02
1.648055613040924072e-01
-5.233605504035949707e-01
3.637790307402610779e-02
