6.247861385345458984e-01
1.787362694740295410e-01
3.759635984897613525e-01
5.291674137115478516e-01
-4.925676882266998291e-01
5.341321974992752075e-02
3.865720629692077637e-01
-5.361335873603820801e-01
2.643361985683441162e-01
5.006645806133747101e-03
1.012119278311729431e-01
1.054548174142837524e-01
1.040474921464920044e-01
4.327285662293434143e-02
3.075070492923259735e-02
-3.047865927219390869e-01
4.019100964069366455e-01
2.024745494127273560e-01
6.917455792427062988e-02
1.418738514184951782e-01
-3.071749806404113770e-01
1.786081194877624512e-01
-4.940493404865264893e-02
4.524607062339782715e-01
-2.963587269186973572e-02
-5.160512775182723999e-02
1.790321469306945801e-01
2.672404348850250244e-01
1.931366026401519775e-01
1.619734615087509155e-01
6.839150190353393555e-02
2.793276868760585785e-02
-9.946805238723754883e-02
