-2.076375484466552734e-01
-3.236533403396606445e-01
-1.311226487159729004e-01
-1.150886192917823792e-01
-9.377310425043106079e-02
-3.632816299796104431e-02
-3.100260496139526367e-01
-1.072164848446846008e-01
5.133459926582872868e-04
-1.663170456886291504e-01
-5.466696247458457947e-02
-2.269812226295471191e-01
-4.007570445537567139e-02
-8.607074618339538574e-02
1.017736941576004028e-01
4.722719192504882812e-01
-1.580660492181777954e-01
-1.716157048940658569e-02
6.721917539834976196e-02
-2.319627702236175537e-01
-9.441428631544113159e-02
-1.182442978024482727e-01
-9.354390949010848999e-02
-1.782483160495758057e-01
-2.217579931020736694e-01
4.825632870197296143e-01
-1.570874080061912537e-02
-2.056353688240051270e-01
-6.036259606480598450e-02
-5.100744590163230896e-02
-2.278869599103927612e-01
3.805451467633247375e-02
-9.372374415397644043e-02
-2.835802733898162842e-01
-9.115588665008544922e-02
-1.496836543083190918e-01
-3.762544691562652588e-02
-7.336512207984924316e-02
-8.263416588306427002e-02
3.151922821998596191e-01
-1.581534892320632935e-01
-2.286949306726455688e-01
2.777604386210441589e-03
-1.572531312704086304e-01
-7.644085586071014404e-02
-2.643612325191497803e-01
5.266122892498970032e-02
1.684053391218185425e-01
3.609562665224075317e-02
-7.896383851766586304e-02
1.304815709590911865e-01
6.620861124247312546e-03
-2.604835629463195801e-01
4.389823973178863525e-02
1.335415989160537720e-01
-8.242101222276687622e-02
-2.831492722034454346e-01
-9.835842996835708618e-02
3.802763298153877258e-02
3.040499687194824219e-01
2.314857542514801025e-01
-1.243658214807510376e-01
1.072431728243827820e-01
-4.318683966994285583e-02
4.736440628767013550e-02
