-2.655258178710937500e-01
3.864827454090118408e-01
5.221145153045654297e-01
-6.573191285133361816e-01
-6.337319016456604004e-01
-1.349143832921981812e-01
2.332728505134582520e-01
-1.194460876286029816e-02
-4.260420203208923340e-01
-6.450439989566802979e-02
2.157499827444553375e-02
2.371991239488124847e-02
-4.048633575439453125e-02
-4.616580158472061157e-02
9.696931391954421997e-02
3.267683684825897217e-01
-3.453347980976104736e-01
-6.671894341707229614e-03
2.264945022761821747e-02
-4.283017944544553757e-03
1.931797829456627369e-03
-1.009878888726234436e-01
-1.226333305239677429e-01
-2.513292431831359863e-01
1.550875306129455566e-01
2.278778329491615295e-02
4.570656120777130127e-01
-6.910618394613265991e-02
4.208002090454101562e-01
-1.063836589455604553e-01
-5.833985656499862671e-02
-1.412921026349067688e-02
4.971413612365722656e-01
