-9.569219499826431274e-02
-2.622897326946258545e-01
-3.512848913669586182e-01
-2.600656151771545410e-01
2.222268879413604736e-01
2.926277518272399902e-01
-9.893165528774261475e-02
-3.941838443279266357e-01
1.039649825543165207e-02
-1.532637178897857666e-01
9.740576893091201782e-02
-8.753730356693267822e-02
8.278956636786460876e-03
1.793261803686618805e-02
1.421371940523386002e-02
2.936192322522401810e-03
-6.000048480927944183e-03
-4.328585229814052582e-03
-5.501395091414451599e-03
-5.071740597486495972e-03
-8.266422897577285767e-03
-9.273470379412174225e-03
-1.384097058326005936e-02
-1.869892887771129608e-02
-2.601928077638149261e-02
-2.811263687908649445e-02
-3.792918473482131958e-02
-4.792782664299011230e-02
-7.360921055078506470e-02
-1.342732459306716919e-01
-2.239462882280349731e-01
2.768968343734741211e-01
-3.537334799766540527e-01
1.092548072338104248e-01
1.347083747386932373e-01
9.495439380407333374e-02
6.590775400400161743e-02
5.720955505967140198e-02
4.800511896610260010e-02
4.087980836629867554e-02
3.215617686510086060e-02
3.296349197626113892e-02
2.599487267434597015e-02
2.610045298933982849e-02
1.932352967560291290e-02
2.435926347970962524e-02
2.055340074002742767e-02
1.703189313411712646e-02
4.742974415421485901e-02
-2.723573893308639526e-02
3.536141663789749146e-02
8.650519698858261108e-02
2.580825425684452057e-02
7.453862577676773071e-02
-3.465087413787841797e-01
-5.606294050812721252e-02
1.556480303406715393e-02
2.500389702618122101e-02
-7.027368992567062378e-02
-5.197321996092796326e-02
-2.487412840127944946e-01
4.020143300294876099e-02
4.180400669574737549e-01
2.244815230369567871e-02
-1.149303931742906570e-02
