-1.431337893009185791e-01
5.157164484262466431e-02
5.968449171632528305e-03
-9.589933604001998901e-02
-1.109627634286880493e-01
1.400759667158126831e-01
-5.256112664937973022e-03
1.324973627924919128e-02
1.824785768985748291e-01
1.112757716327905655e-02
-5.769576504826545715e-02
1.338681280612945557e-01
-1.542594879865646362e-01
6.320834904909133911e-02
1.683791279792785645e-01
2.503336966037750244e-01
-7.959156297147274017e-03
3.077206015586853027e-02
4.330966621637344360e-02
1.300704926252365112e-01
8.779154717922210693e-02
2.909284234046936035e-01
6.379461381584405899e-03
1.426420062780380249e-01
2.333262236788868904e-03
-4.416061565279960632e-02
1.721141040325164795e-01
-1.890457123517990112e-01
2.353159189224243164e-01
-1.261892169713973999e-01
2.009794297919142991e-05
-4.369341582059860229e-02
-2.651232481002807617e-01
-5.227660387754440308e-02
9.108771383762359619e-02
5.790957063436508179e-02
-6.363684684038162231e-02
1.424058228731155396e-01
1.878755986690521240e-01
-1.304502934217453003e-01
2.883706614375114441e-02
7.666798681020736694e-02
-9.845768660306930542e-02
-2.998288348317146301e-02
-7.246674597263336182e-02
-2.794405817985534668e-01
-6.778801977634429932e-02
1.211770400404930115e-01
3.321949765086174011e-02
-4.115379706490784883e-04
1.141114756464958191e-01
-4.609933793544769287e-01
-1.770228892564773560e-01
1.065823733806610107e-01
2.692651748657226562e-02
-1.141546145081520081e-01
-1.288094669580459595e-01
1.250616274774074554e-03
1.756907850503921509e-01
3.340936899185180664e-01
-5.728707090020179749e-02
-2.022432535886764526e-02
1.747617423534393311e-01
-1.454097330570220947e-01
2.519739866256713867e-01
