5.234898328781127930e-01
-2.999917790293693542e-02
2.191577106714248657e-01
-4.148790836334228516e-01
-1.818977743387222290e-01
4.508165121078491211e-01
-6.230186205357313156e-03
5.357853323221206665e-02
-2.290464043617248535e-01
-8.159825205802917480e-02
-2.089902199804782867e-02
-1.255121231079101562e-01
-1.480187177658081055e-01
-9.603269398212432861e-02
-3.257786631584167480e-01
1.292668133974075317e-01
1.571098119020462036e-01
1.320117115974426270e-01
-2.774128317832946777e-02
-4.449832439422607422e-02
2.757545001804828644e-02
2.602891027927398682e-01
-2.637953460216522217e-01
-4.573931917548179626e-02
-2.400344982743263245e-02
1.200147271156311035e-01
3.071317970752716064e-01
-1.881950795650482178e-01
-3.510887622833251953e-01
3.848542869091033936e-01
-8.570676296949386597e-02
6.208748817443847656e-01
-3.652729839086532593e-02
