4.588243318721652031e-04
3.111605942249298096e-01
-6.523898243904113770e-02
-1.201937198638916016e-01
-1.810911893844604492e-01
-1.551185250282287598e-01
3.744958937168121338e-01
1.884495839476585388e-02
-8.748687803745269775e-02
6.538284011185169220e-03
-1.203071475028991699e-01
-4.440321400761604309e-02
-2.358283288776874542e-02
2.754863500595092773e-01
-4.422096610069274902e-01
2.498940825462341309e-01
1.409312337636947632e-01
-1.837571412324905396e-01
1.385471075773239136e-01
3.122227489948272705e-01
-1.769326627254486084e-01
9.875565022230148315e-02
3.975614160299301147e-02
7.290728390216827393e-02
2.711142897605895996e-01
-2.028339058160781860e-01
1.795262247323989868e-01
-2.579587697982788086e-01
4.116506874561309814e-02
-1.652665138244628906e-01
-6.450577825307846069e-02
-9.774891287088394165e-02
1.848210543394088745e-01
5.393173173069953918e-02
-7.665287703275680542e-02
-2.120901346206665039e-01
2.265851348638534546e-01
1.469269692897796631e-01
-5.743284523487091064e-02
-2.331013977527618408e-01
1.433751136064529419e-01
-2.329225838184356689e-01
1.270526945590972900e-01
4.867838229984045029e-03
1.283197253942489624e-01
2.199205756187438965e-01
-7.889002561569213867e-02
-2.440028637647628784e-02
-1.091113910079002380e-01
-4.109110832214355469e-01
-2.067419737577438354e-01
3.901936411857604980e-01
1.552631258964538574e-01
3.119019269943237305e-01
2.678209841251373291e-01
-1.151258647441864014e-01
-1.798636745661497116e-03
-1.161360293626785278e-01
-8.630543202161788940e-02
1.033969298005104065e-01
3.575115799903869629e-01
3.493648394942283630e-02
7.142758369445800781e-02
9.380523115396499634e-02
4.829536750912666321e-02
