2.964182198047637939e-01
-1.232478022575378418e-01
-1.458222162909805775e-03
8.537184447050094604e-02
-6.628094613552093506e-02
-1.014035567641258240e-01
9.597500413656234741e-02
1.230666488409042358e-01
9.005370736122131348e-02
3.005036711692810059e-01
7.806601375341415405e-02
1.626633703708648682e-01
-2.024066597223281860e-01
7.958351075649261475e-02
1.319696903228759766e-01
-1.587854772806167603e-01
-1.231232774443924427e-03
-1.537145022302865982e-02
-3.104223869740962982e-02
-2.815366163849830627e-02
-2.424678020179271698e-02
-3.163834288716316223e-02
-4.221370071172714233e-02
-4.540002718567848206e-02
-5.002992972731590271e-02
-5.949622765183448792e-02
-7.525996118783950806e-02
-8.046503365039825439e-02
-7.956460118293762207e-02
-1.116402745246887207e-01
8.728008717298507690e-03
-2.640302293002605438e-03
-8.471356704831123352e-03
7.021888345479965210e-02
9.860992431640625000e-02
8.818418532609939575e-02
6.262505799531936646e-02
4.566608741879463196e-02
3.216277435421943665e-02
2.568275481462478638e-02
1.876051537692546844e-02
1.554972771555185318e-02
6.760327145457267761e-03
1.295547373592853546e-02
8.224085904657840729e-03
1.639075390994548798e-02
3.155834227800369263e-02
8.075291290879249573e-03
1.286732852458953857e-01
-4.965488985180854797e-02
7.188653200864791870e-02
1.206598728895187378e-01
-3.171217814087867737e-02
-1.241499856114387512e-01
-9.788513183593750000e-02
1.683523952960968018e-01
-1.829610019922256470e-01
-3.404103815555572510e-01
2.160520106554031372e-01
-2.205607444047927856e-01
1.743995398283004761e-01
2.573440782725811005e-02
5.554893612861633301e-02
-2.683213725686073303e-02
1.640991680324077606e-02
