-5.840742215514183044e-02
1.408464908599853516e-01
-2.784628607332706451e-02
2.227969169616699219e-01
-1.632236540317535400e-01
-2.780753374099731445e-01
-1.568122804164886475e-01
-7.899624854326248169e-02
-1.726273447275161743e-02
-3.566030785441398621e-02
-1.772810891270637512e-02
2.839291095733642578e-02
2.784159593284130096e-02
6.289101205766201019e-03
-3.181938454508781433e-02
-2.570500671863555908e-01
-5.000923573970794678e-02
-1.249739453196525574e-01
-3.004919886589050293e-01
-2.301132977008819580e-01
-1.776046007871627808e-01
-1.496916115283966064e-01
-1.093215644359588623e-01
-8.563718944787979126e-02
1.694945693016052246e-01
1.770890951156616211e-01
-2.528239190578460693e-01
2.447529137134552002e-02
-2.874154746532440186e-01
-1.287684589624404907e-01
-2.511392235755920410e-01
-2.109468728303909302e-01
7.674569264054298401e-03
