1.056278198957443237e-01
7.943606376647949219e-02
9.534586966037750244e-02
1.146987918764352798e-02
5.908240750432014465e-02
-1.761850118637084961e-01
5.920201912522315979e-02
-5.681143701076507568e-02
-3.600867465138435364e-03
-1.229325905442237854e-01
-1.692295521497726440e-01
-5.192674696445465088e-02
2.588748000562191010e-02
-3.215315192937850952e-02
1.596916094422340393e-02
-1.309826970100402832e-02
-2.239222079515457153e-02
-1.142046507447957993e-02
-1.075406279414892197e-02
-1.044213585555553436e-02
-4.071014933288097382e-03
-4.614467266947031021e-03
-3.178431186825037003e-03
-2.415708033367991447e-03
2.296362770721316338e-03
1.582220313139259815e-03
4.065901506692171097e-03
1.637955941259860992e-02
2.565784938633441925e-02
6.553682684898376465e-02
7.303989678621292114e-02
-2.103575617074966431e-01
-1.023689508438110352e-01
-2.467762976884841919e-01
-1.782764941453933716e-01
-1.217121556401252747e-01
-9.252715855836868286e-02
-7.318501919507980347e-02
-5.421823263168334961e-02
-4.160571470856666565e-02
-3.148940950632095337e-02
-2.114965952932834625e-02
-1.586126536130905151e-02
-8.122036233544349670e-03
-5.151195451617240906e-03
3.863996593281626701e-03
1.287732645869255066e-02
1.483858190476894379e-02
1.729481108486652374e-02
-7.661759387701749802e-03
4.939961805939674377e-02
3.439543396234512329e-02
3.337023034691810608e-02
-3.482858464121818542e-02
5.614667385816574097e-02
2.153468690812587738e-02
-1.627814322710037231e-01
-4.492607712745666504e-02
-1.761652827262878418e-01
-1.966804116964340210e-01
-4.031620919704437256e-02
2.570151686668395996e-01
-2.162728831171989441e-02
8.530057221651077271e-02
-5.970680154860019684e-03
