1.475725322961807251e-01
6.914336979389190674e-02
2.194258123636245728e-01
-2.732151746749877930e-01
-1.190195456147193909e-01
-3.221041262149810791e-01
-3.899338543415069580e-01
-1.478445231914520264e-01
-6.519404053688049316e-02
-6.708240509033203125e-02
1.215412747114896774e-02
5.510197952389717102e-02
1.115248724818229675e-01
1.636078208684921265e-01
1.483089178800582886e-01
1.667297035455703735e-01
-8.458906412124633789e-02
-1.192445978522300720e-01
-1.453761905431747437e-01
-1.270656734704971313e-01
-1.082463115453720093e-01
-1.059398055076599121e-01
-1.870994567871093750e-01
-3.934053704142570496e-02
-1.989432871341705322e-01
-2.885300815105438232e-01
5.983681976795196533e-02
-1.643433272838592529e-01
1.227236445993185043e-02
1.805431544780731201e-01
1.513024717569351196e-01
1.195245012640953064e-01
1.060578450560569763e-01
