-2.291554771363735199e-02
1.192974373698234558e-01
-9.583467617630958557e-03
-2.319174557924270630e-01
3.475087461993098259e-03
9.731846302747726440e-02
1.683366000652313232e-01
-6.402202416211366653e-03
1.244127973914146423e-01
-8.441806770861148834e-03
1.073823347687721252e-01
-1.500282138586044312e-01
-9.768771380186080933e-02
-1.681373827159404755e-02
2.041715942323207855e-02
-1.030563190579414368e-02
2.643535612151026726e-03
8.114134892821311951e-03
5.432815290987491608e-03
3.095979336649179459e-04
3.490403469186276197e-05
-2.085675019770860672e-03
-5.786543712019920349e-03
-9.084816090762615204e-03
-9.285727515816688538e-03
-1.880836859345436096e-02
-2.341951802372932434e-02
-4.039458930492401123e-02
-5.852121859788894653e-02
-1.027046963572502136e-01
-1.196517273783683777e-01
-6.013925001025199890e-02
-4.724212363362312317e-02
1.389222964644432068e-02
6.986127793788909912e-02
6.654973328113555908e-02
5.598349496722221375e-02
4.939252138137817383e-02
4.208463057875633240e-02
3.924283757805824280e-02
2.955516986548900604e-02
3.212779387831687927e-02
2.501836977899074554e-02
2.084766142070293427e-02
1.709320396184921265e-02
1.680448651313781738e-02
2.363353595137596130e-02
2.610138989984989166e-02
2.535156439989805222e-03
1.296148821711540222e-02
6.990145146846771240e-02
1.730816215276718140e-01
4.006501287221908569e-02
1.473733186721801758e-01
-1.348404027521610260e-02
2.938866056501865387e-02
-1.555867344141006470e-01
2.117915600538253784e-01
-2.110428065061569214e-01
1.031201258301734924e-01
9.556933492422103882e-02
9.534885734319686890e-02
-1.713234782218933105e-01
-1.406833529472351074e-01
2.731139585375785828e-02
