-2.260777354240417480e-01
3.290645182132720947e-01
4.445461034774780273e-01
-5.596643686294555664e-01
-5.395795106887817383e-01
-1.159664168953895569e-01
2.026063948869705200e-01
-8.121230639517307281e-03
-4.484126865863800049e-01
-8.252047002315521240e-02
1.829233169555664062e-01
3.438000380992889404e-01
-1.149695217609405518e-01
-9.820181876420974731e-02
1.045359596610069275e-01
2.764278650283813477e-01
-3.129096627235412598e-01
-7.580353878438472748e-03
1.398052275180816650e-01
1.235139667987823486e-01
1.408413797616958618e-01
-3.005821108818054199e-01
-1.669189929962158203e-01
-2.453468590974807739e-01
1.370835900306701660e-01
2.006496302783489227e-02
3.891581594944000244e-01
-5.883937329053878784e-02
3.582833707332611084e-01
-9.057869762182235718e-02
-4.967258498072624207e-02
-1.203010044991970062e-02
4.232832193374633789e-01
