-2.977316379547119141e-01
-1.641688346862792969e-01
6.704765558242797852e-02
7.789678126573562622e-02
-8.003032952547073364e-02
-3.205615878105163574e-01
1.045079305768013000e-01
2.879595160484313965e-01
2.279614657163619995e-01
7.215947657823562622e-02
-7.100290153175592422e-03
-5.588094145059585571e-02
-9.288496524095535278e-02
-1.530197709798812866e-01
1.395658822730183601e-03
2.357113212347030640e-01
-1.523168832063674927e-01
1.308271586894989014e-01
1.068757548928260803e-01
9.925299137830734253e-02
3.619217500090599060e-02
-3.369116410613059998e-02
-7.613518089056015015e-02
-5.307256802916526794e-02
6.575600057840347290e-02
2.772747874259948730e-01
-2.628019265830516815e-02
2.337016165256500244e-01
-8.077272027730941772e-02
4.363916814327239990e-02
-8.275769650936126709e-02
9.916276484727859497e-02
-1.443177312612533569e-01
