2.656663656234741211e-01
-1.104618981480598450e-01
-1.306941267102956772e-03
7.651498168706893921e-02
-5.940483510494232178e-02
-9.088344126939773560e-02
8.601854741573333740e-02
1.102972328662872314e-01
8.685332536697387695e-02
2.693277895450592041e-01
7.265251129865646362e-02
1.458013653755187988e-01
-1.923872679471969604e-01
9.676750004291534424e-02
1.613224148750305176e-01
-2.487324178218841553e-01
6.720572710037231445e-02
1.485929042100906372e-01
1.062011197209358215e-01
1.731237918138504028e-01
-5.707378685474395752e-02
5.041380599141120911e-02
3.300718590617179871e-02
-2.221230790019035339e-02
8.973114937543869019e-02
-1.817408800125122070e-01
5.369466543197631836e-01
-4.520573094487190247e-02
1.282149106264114380e-01
-1.319394558668136597e-01
4.135917499661445618e-02
-5.259455647319555283e-04
-1.079195085912942886e-02
2.493965998291969299e-02
5.802183225750923157e-02
-1.399685814976692200e-02
-3.697264194488525391e-01
-6.861816346645355225e-02
-1.867832094430923462e-01
-1.720912307500839233e-01
-1.490295827388763428e-01
-3.012817725539207458e-02
1.226659044623374939e-01
-2.254444062709808350e-01
6.455855816602706909e-02
-2.712138593196868896e-01
2.533579170703887939e-01
3.766872361302375793e-02
3.178705871105194092e-01
-2.364459335803985596e-01
1.002613902091979980e-01
1.327163726091384888e-01
-7.399477064609527588e-02
-1.458314061164855957e-01
-9.274285286664962769e-02
1.578785181045532227e-01
-1.639867573976516724e-01
-3.050960302352905273e-01
1.936383992433547974e-01
-1.976796537637710571e-01
1.563064008951187134e-01
2.306472323834896088e-02
4.978622868657112122e-02
-2.404843829572200775e-02
1.470751594752073288e-02
