6.641102489084005356e-03
1.181227117776870728e-01
9.715009480714797974e-02
1.310832351446151733e-01
-3.847482800483703613e-02
-2.130259387195110321e-02
-1.460943669080734253e-01
1.760018318891525269e-01
-1.071620360016822815e-02
-1.887688189744949341e-01
2.450384572148323059e-02
-8.365399390459060669e-02
9.684206545352935791e-02
4.230487346649169922e-02
-9.880598634481430054e-02
-4.272874817252159119e-02
4.657611250877380371e-03
-2.741409465670585632e-03
6.545562762767076492e-03
2.980073622893542051e-04
-3.282870398834347725e-03
5.091541097499430180e-04
-5.669810809195041656e-03
-9.985068812966346741e-03
-1.061293575912714005e-02
-1.146751642227172852e-02
-1.669693365693092346e-02
-2.216655574738979340e-02
-2.727758511900901794e-02
-3.129703551530838013e-02
1.251385509967803955e-01
1.802545934915542603e-01
-8.344046026468276978e-02
1.317593008279800415e-01
1.111119538545608521e-01
8.627883344888687134e-02
6.794415414333343506e-02
6.106379628181457520e-02
4.588460549712181091e-02
4.348250851035118103e-02
3.594645485281944275e-02
3.115854039788246155e-02
3.395980969071388245e-02
2.718568406999111176e-02
2.360718883574008942e-02
2.006388455629348755e-02
1.977559737861156464e-02
3.424901142716407776e-02
8.039813488721847534e-02
-1.513707730919122696e-02
-5.569467321038246155e-02
-1.114880144596099854e-01
-6.890965998172760010e-02
-1.641023308038711548e-01
1.591473519802093506e-01
6.743839383125305176e-02
6.465174257755279541e-02
-1.104729771614074707e-01
8.339405804872512817e-02
-1.928489357233047485e-01
-2.321250885725021362e-01
-7.294271141290664673e-02
-8.056385070085525513e-02
-1.088635623455047607e-01
2.823292091488838196e-02
