8.173902332782745361e-02
9.768274426460266113e-02
1.877543032169342041e-01
2.325038611888885498e-01
-1.805782914161682129e-01
1.526644527912139893e-01
-8.088325709104537964e-02
-5.579821020364761353e-02
-1.752311289310455322e-01
5.778943002223968506e-02
-8.062184788286685944e-03
-2.213315293192863464e-02
2.059348523616790771e-01
1.869379915297031403e-02
6.713583134114742279e-03
2.507984638214111328e-03
-1.669035106897354126e-02
-1.605705916881561279e-02
-1.550362538546323776e-02
-1.913988403975963593e-02
-1.916083693504333496e-02
-1.837820187211036682e-02
-2.368371933698654175e-02
-2.805879898369312286e-02
-2.796386368572711945e-02
-3.605052828788757324e-02
-3.797766938805580139e-02
-4.781724512577056885e-02
-5.808550864458084106e-02
-5.677751451730728149e-02
-9.646230190992355347e-02
-2.053379416465759277e-01
-1.307125240564346313e-01
-4.309735819697380066e-02
6.935632228851318359e-02
4.698182642459869385e-02
2.605288103222846985e-02
1.550579164177179337e-02
1.102839224040508270e-02
8.710713125765323639e-03
3.042130265384912491e-03
-2.118732547387480736e-03
-4.913778044283390045e-03
-8.494698442518711090e-03
-7.424364332109689713e-03
-1.249914616346359253e-02
-1.431839354336261749e-02
-2.059555985033512115e-02
-8.120396733283996582e-02
-3.527696058154106140e-02
-1.137252431362867355e-02
1.434377580881118774e-02
9.309057891368865967e-02
-4.731956869363784790e-02
-9.199268370866775513e-02
-4.886067286133766174e-02
-2.442283481359481812e-01
1.111479178071022034e-01
2.556526064872741699e-01
1.269460842013359070e-02
3.138889744877815247e-02
8.993582427501678467e-02
-4.552870814222842455e-04
7.902225852012634277e-02
-5.211104825139045715e-02
