4.470187425613403320e-01
1.278805732727050781e-01
2.689912915229797363e-01
3.786062598228454590e-01
-3.524195253849029541e-01
3.821565955877304077e-02
2.765821814537048340e-01
-3.846501111984252930e-01
1.902335286140441895e-01
2.426794031634926796e-03
8.220214396715164185e-02
1.171592548489570618e-01
2.212915122509002686e-01
6.381809711456298828e-02
3.180836513638496399e-02
-2.101005166769027710e-01
3.006316423416137695e-01
-3.287786245346069336e-01
-2.959186397492885590e-02
-1.485558450222015381e-01
3.608726896345615387e-03
-3.917873278260231018e-02
-9.454474784433841705e-03
-6.280617788434028625e-03
-1.672231964766979218e-02
-1.741332747042179108e-02
-1.714318431913852692e-02
-1.644438318908214569e-02
-2.426654472947120667e-02
9.527564980089664459e-03
1.170515716075897217e-01
-4.669370874762535095e-02
9.258688986301422119e-02
1.582673341035842896e-01
2.964640408754348755e-02
1.096748374402523041e-02
7.375124376267194748e-03
5.637241061776876450e-03
-2.216482069343328476e-03
-2.977142576128244400e-03
-4.769362043589353561e-03
-2.284657210111618042e-03
-3.257028060033917427e-03
6.928802467882633209e-03
2.286083064973354340e-02
5.779462680220603943e-02
3.281973674893379211e-02
2.414727583527565002e-02
1.115312203764915466e-01
2.453790307044982910e-01
-8.686610311269760132e-02
2.684550881385803223e-01
-3.851064294576644897e-02
2.042353749275207520e-01
-3.452378511428833008e-02
1.495399773120880127e-01
9.779803454875946045e-02
1.956127882003784180e-01
-4.452469646930694580e-01
2.823917269706726074e-01
-7.408437132835388184e-02
-1.364857554435729980e-01
-1.013934388756752014e-01
2.557843625545501709e-01
5.593220889568328857e-02
