2.263569645583629608e-02
-6.912291515618562698e-03
5.887871980667114258e-01
8.852387964725494385e-02
1.328752189874649048e-01
-2.469617277383804321e-01
1.325016319751739502e-01
-4.814997613430023193e-01
-1.871565282344818115e-01
1.505408883094787598e-01
-3.700485825538635254e-02
-1.217684075236320496e-01
2.855641245841979980e-01
-1.732778102159500122e-01
-3.906134665012359619e-01
-1.826702058315277100e-01
-8.543671108782291412e-03
1.414275076240301132e-02
7.938850671052932739e-03
6.675182282924652100e-02
-2.529307901859283447e-01
2.706182003021240234e-01
-1.016350388526916504e-01
-2.303665578365325928e-01
-1.867416203022003174e-01
-2.034872919321060181e-01
-7.890926674008369446e-03
-5.017365887761116028e-02
-1.792730242013931274e-01
-3.217338025569915771e-02
-9.824085049331188202e-03
5.195695161819458008e-01
-1.026183962821960449e-01
