3.139897584915161133e-01
7.262541353702545166e-02
1.186181008815765381e-01
1.216636449098587036e-01
-1.425603628158569336e-01
-6.990424543619155884e-02
2.964592278003692627e-01
1.020518764853477478e-01
-5.551129579544067383e-02
1.049367040395736694e-01
3.673456907272338867e-01
5.668518319725990295e-02
-2.070895433425903320e-01
-7.960613816976547241e-02
-2.083497680723667145e-02
-2.475315183401107788e-01
-1.629167497158050537e-01
1.709870845079421997e-01
-1.223921589553356171e-02
4.849230870604515076e-02
2.746859788894653320e-01
-4.176957905292510986e-02
7.645729929208755493e-02
-3.835743293166160583e-02
1.352030038833618164e-01
-1.023880243301391602e-01
2.154088206589221954e-02
-3.398347273468971252e-02
2.608252465724945068e-01
9.793011099100112915e-02
-2.667967081069946289e-01
-3.599519282579421997e-02
-2.401137351989746094e-01
