1.827664375305175781e-01
-4.302338138222694397e-02
-6.551422923803329468e-02
2.750611901283264160e-01
2.204086333513259888e-01
-2.205080389976501465e-01
-7.788290083408355713e-02
6.202108412981033325e-02
2.218626253306865692e-02
1.766805052757263184e-01
-1.898413337767124176e-02
8.068243414163589478e-02
3.141265511512756348e-01
6.336387246847152710e-02
1.546136438846588135e-01
7.722149789333343506e-02
6.120704347267746925e-04
-1.395490020513534546e-01
1.158358007669448853e-01
-3.727092221379280090e-02
1.354823559522628784e-01
-1.151910498738288879e-01
-8.617172390222549438e-02
9.206678718328475952e-02
-3.409439325332641602e-02
1.085059940814971924e-01
-2.993230894207954407e-02
-1.253258585929870605e-01
-1.324198246002197266e-01
1.996189057826995850e-01
9.917427599430084229e-02
5.839109048247337341e-02
1.329070180654525757e-01
2.184537649154663086e-01
1.883918605744838715e-02
-2.580076158046722412e-01
-8.840796351432800293e-02
-7.222120463848114014e-02
-9.905071556568145752e-02
4.155723005533218384e-02
2.025051414966583252e-01
2.510271072387695312e-01
1.746734976768493652e-01
2.933150902390480042e-02
1.384860253892838955e-03
1.079975441098213196e-01
-1.990877389907836914e-01
-7.466986030340194702e-02
1.877700537443161011e-01
-1.382919847965240479e-01
1.820210814476013184e-01
-5.700166337192058563e-03
-1.681531518697738647e-01
1.716613024473190308e-02
-1.536139547824859619e-01
8.563800901174545288e-02
1.310893595218658447e-01
1.743126809597015381e-01
5.593420565128326416e-02
-3.070971369743347168e-01
-5.644015595316886902e-02
-1.599681214429438114e-03
-3.628251701593399048e-02
-5.780891701579093933e-02
2.459297776222229004e-01
