4.800381883978843689e-02
4.450951144099235535e-02
-4.287885874509811401e-02
1.248794421553611755e-01
-3.516470640897750854e-02
2.618577480316162109e-01
9.346481412649154663e-02
2.111358642578125000e-01
-8.447197824716567993e-02
5.588835105299949646e-02
8.492684923112392426e-03
-1.007012277841567993e-01
-4.528829753398895264e-01
-1.390414088964462280e-01
-3.692233189940452576e-02
-2.192648947238922119e-01
-1.215662807226181030e-01
-5.391079559922218323e-02
-2.297954857349395752e-01
4.492476582527160645e-02
-4.494551941752433777e-02
-2.282101511955261230e-01
-5.344571545720100403e-02
-1.332340240478515625e-01
-3.747315704822540283e-01
-1.493583023548126221e-01
-5.986944213509559631e-02
-1.778160966932773590e-02
1.956613559741526842e-04
9.591405279934406281e-03
-2.207287587225437164e-02
5.726823955774307251e-02
-1.640756428241729736e-01
8.404859900474548340e-02
-1.937525421380996704e-01
1.419966667890548706e-01
1.935327798128128052e-01
-1.513616889715194702e-01
4.029574096202850342e-01
2.463271915912628174e-01
-5.159147828817367554e-02
2.116061449050903320e-01
-4.051684439182281494e-01
-8.480929583311080933e-02
1.898867934942245483e-01
1.322682350873947144e-01
1.190230995416641235e-02
8.173400163650512695e-02
1.880390453152358532e-03
-1.220271065831184387e-01
-3.677826747298240662e-02
2.432977706193923950e-01
4.536517709493637085e-02
4.981466382741928101e-02
1.122131347656250000e-01
7.301783561706542969e-02
-1.576179862022399902e-01
-2.809733897447586060e-02
-6.604415178298950195e-02
-1.289003808051347733e-02
1.693260818719863892e-01
2.012618035078048706e-01
-2.637606114149093628e-02
1.312042325735092163e-01
5.628659855574369431e-03
