-1.815413981676101685e-01
6.541010737419128418e-02
7.569981738924980164e-03
-1.216323077678680420e-01
-1.407377868890762329e-01
1.779394894838333130e-01
-6.665680557489395142e-03
1.642562262713909149e-02
2.281821519136428833e-01
1.511726994067430496e-02
-5.309645086526870728e-02
1.210528910160064697e-01
-7.583688944578170776e-02
1.482259854674339294e-02
2.542770281434059143e-02
1.528751756995916367e-02
1.314017362892627716e-02
1.580938883125782013e-02
1.032768469303846359e-02
1.047654543071985245e-02
1.175673678517341614e-02
1.884598098695278168e-02
1.981480047106742859e-02
2.188153751194477081e-02
2.923678420484066010e-02
3.668552637100219727e-02
3.807872161269187927e-02
4.893299192190170288e-02
7.298850268125534058e-02
9.078176319599151611e-02
5.190885066986083984e-02
-6.692966818809509277e-02
-3.279183804988861084e-01
-1.006202846765518188e-01
-7.972026616334915161e-02
-5.980465561151504517e-02
-4.316443204879760742e-02
-3.940986096858978271e-02
-3.321245312690734863e-02
-2.459138445556163788e-02
-2.694093622267246246e-02
-2.410735003650188446e-02
-2.136041224002838135e-02
-1.945113763213157654e-02
-2.025003544986248016e-02
-2.390032820403575897e-02
-2.240038849413394928e-02
-2.502276934683322906e-02
-2.068647556006908417e-02
-1.740219257771968842e-02
1.453357934951782227e-02
-5.016094446182250977e-01
-1.858677566051483154e-01
9.496309608221054077e-02
2.536363527178764343e-02
-1.385608613491058350e-01
-1.640491038560867310e-01
1.508892280980944633e-03
2.228335887193679810e-01
4.237427711486816406e-01
-7.265908271074295044e-02
-2.565120160579681396e-02
2.216561436653137207e-01
-1.844280511140823364e-01
3.195872902870178223e-01
