5.192645476199686527e-04
3.521485626697540283e-01
-7.383285462856292725e-02
-1.360263973474502563e-01
-2.049460113048553467e-01
-1.755519658327102661e-01
4.238260686397552490e-01
2.132157236337661743e-02
-9.902624040842056274e-02
7.375444285571575165e-03
-1.361949592828750610e-01
-5.033729597926139832e-02
-2.686318010091781616e-02
3.114952743053436279e-01
-5.008193850517272949e-01
2.823932468891143799e-01
1.589757651090621948e-01
-2.086382955312728882e-01
1.558113545179367065e-01
3.518150150775909424e-01
-2.024620324373245239e-01
1.083329319953918457e-01
3.952976316213607788e-02
7.435750216245651245e-02
2.954659163951873779e-01
-2.443450540304183960e-01
1.851704120635986328e-01
-3.124193847179412842e-01
2.574215456843376160e-02
-2.046843469142913818e-01
-8.643163740634918213e-02
-1.214770153164863586e-01
2.079429328441619873e-01
8.609250187873840332e-02
-3.590108454227447510e-02
-1.902076154947280884e-01
2.882014513015747070e-01
1.880730837583541870e-01
-4.482343047857284546e-02
-2.470664381980895996e-01
1.735474765300750732e-01
-2.569928467273712158e-01
1.469066888093948364e-01
6.394910626113414764e-03
1.451738625764846802e-01
2.487228065729141235e-01
-8.930969238281250000e-02
-2.756023965775966644e-02
-1.234086304903030396e-01
-4.649755358695983887e-01
-2.339625507593154907e-01
4.415673911571502686e-01
1.756866574287414551e-01
3.529740571975708008e-01
3.030981719493865967e-01
-1.302908360958099365e-01
-2.035490004345774651e-03
-1.314342617988586426e-01
-9.767410159111022949e-02
1.170169562101364136e-01
4.046053588390350342e-01
3.953857347369194031e-02
8.083652704954147339e-02
1.061620265245437622e-01
5.465722456574440002e-02
