-3.233729004859924316e-01
-8.458541333675384521e-02
2.229287177324295044e-01
1.056573018431663513e-01
-2.464794181287288666e-02
3.567508161067962646e-01
3.358834683895111084e-01
3.824026286602020264e-01
-2.077334970235824585e-01
-2.184902690351009369e-02
-3.262132108211517334e-01
-1.619546860456466675e-01
-1.677624732255935669e-01
-1.444401741027832031e-01
8.666043728590011597e-02
-2.116760611534118652e-01
-2.448510564863681793e-02
-1.720744371414184570e-01
-5.217748880386352539e-02
6.761549413204193115e-02
-4.143115282058715820e-01
5.425426177680492401e-03
-1.143176555633544922e-01
1.149792522192001343e-01
-1.499950587749481201e-01
4.160631075501441956e-02
-7.488500326871871948e-03
-1.698386482894420624e-02
-1.302872002124786377e-01
-2.239204198122024536e-01
2.795877456665039062e-01
-1.314093023538589478e-01
2.158900536596775055e-02
2.765041887760162354e-01
-4.571345448493957520e-02
-4.160732403397560120e-02
3.325439393520355225e-01
1.060918811708688736e-02
1.404240634292364120e-02
-2.007308602333068848e-01
-1.366345956921577454e-02
1.825017929077148438e-01
9.374919533729553223e-02
8.295000344514846802e-02
1.271347850561141968e-01
2.203517258167266846e-01
1.514345556497573853e-01
-2.130555808544158936e-01
-5.690247416496276855e-01
-7.005764544010162354e-02
2.097072154283523560e-01
3.467280045151710510e-02
-6.670448929071426392e-03
3.285942971706390381e-01
-2.586189508438110352e-01
-2.229103352874517441e-03
-3.979426808655261993e-03
-3.177701830863952637e-01
3.168209791183471680e-01
6.853654049336910248e-03
-3.430446386337280273e-01
1.648343950510025024e-01
-2.324457317590713501e-01
-1.456805318593978882e-01
-4.132599383592605591e-02
