-1.618648022413253784e-01
7.541368156671524048e-02
-1.837038844823837280e-01
-1.862832903861999512e-01
2.217325568199157715e-01
2.388259321451187134e-01
4.282551109790802002e-01
-2.349153608083724976e-01
-1.266892813146114349e-02
-4.129307344555854797e-02
2.961009442806243896e-01
-1.050520166754722595e-01
3.454132080078125000e-01
1.911969929933547974e-01
-1.416429760865867138e-03
-7.329729385673999786e-03
-4.128514323383569717e-03
-6.325344555079936981e-03
-7.139813154935836792e-03
-1.108180359005928040e-02
-1.349449623376131058e-02
-1.817118562757968903e-02
-1.718583703041076660e-02
-1.446758210659027100e-02
-2.494108676910400391e-02
-2.294819802045822144e-02
-2.833702228963375092e-02
-3.247425705194473267e-02
-4.185583814978599548e-02
-1.009466275572776794e-01
2.155251801013946533e-02
1.408045291900634766e-01
-1.308097094297409058e-01
1.746998280286788940e-01
3.368003666400909424e-02
3.006619028747081757e-02
4.266016557812690735e-02
3.311946988105773926e-02
3.609238937497138977e-02
3.010334260761737823e-02
3.080637566745281219e-02
2.651471272110939026e-02
6.865169852972030640e-02
3.653551265597343445e-02
1.091941539198160172e-02
8.411150425672531128e-03
9.422361850738525391e-03
3.372946977615356445e-01
3.349020145833492279e-03
1.601898819208145142e-01
5.294719338417053223e-02
1.004856359213590622e-02
-1.699541136622428894e-02
-6.196923181414604187e-02
1.226194351911544800e-01
-7.780696451663970947e-02
1.628155112266540527e-01
2.257018536329269409e-01
-1.224064901471138000e-01
-3.335211426019668579e-02
-3.206780925393104553e-02
-4.467814415693283081e-02
-3.329504281282424927e-02
-1.838381215929985046e-02
-8.185748755931854248e-02
