2.882845103740692139e-01
-6.786271929740905762e-02
-1.033432260155677795e-01
4.338297843933105469e-01
3.475348651409149170e-01
-3.480951786041259766e-01
-1.233871132135391235e-01
9.683813899755477905e-02
3.345113992691040039e-02
2.766003310680389404e-01
-3.215241432189941406e-02
1.266655027866363525e-01
5.038430690765380859e-01
1.340971589088439941e-01
3.182778060436248779e-01
1.963608711957931519e-01
-3.547791391611099243e-02
3.040754497051239014e-01
-6.002324074506759644e-02
-4.783770740032196045e-01
-1.724196523427963257e-01
-1.122112125158309937e-01
-1.336498409509658813e-01
9.557184576988220215e-02
-1.378085762262344360e-01
4.164280891418457031e-01
2.873666882514953613e-01
5.161664634943008423e-02
3.982183057814836502e-03
1.707715243101119995e-01
-3.139937818050384521e-01
-1.177458465099334717e-01
1.131163444370031357e-02
