-4.274255782365798950e-02
7.164797186851501465e-02
-3.955221921205520630e-02
-3.545981645584106445e-02
2.099303761497139931e-03
3.066368214786052704e-02
9.357275068759918213e-02
-1.868427842855453491e-01
7.350245118141174316e-02
7.639858871698379517e-02
8.253148198127746582e-02
-6.294502317905426025e-02
-3.673223545774817467e-03
-1.763906180858612061e-01
-1.273364722728729248e-01
-2.058117091655731201e-01
-1.062496304512023926e-01
2.654464542865753174e-01
7.249650359153747559e-02
-1.287753973156213760e-02
-9.756220877170562744e-02
1.495778262615203857e-01
1.352768540382385254e-01
-2.606007754802703857e-01
-6.103486940264701843e-02
4.526300728321075439e-02
-4.798928275704383850e-02
9.306000918149948120e-02
-1.662874221801757812e-01
-5.767908319830894470e-02
-3.858746960759162903e-02
2.365063577890396118e-01
2.749325335025787354e-01
-1.096746101975440979e-01
-8.073293417692184448e-02
3.194521367549896240e-02
8.446799218654632568e-02
-1.720073400065302849e-03
2.906960807740688324e-02
3.018952310085296631e-01
-7.812874764204025269e-02
2.061719298362731934e-01
8.916953206062316895e-02
-2.873579263687133789e-01
-2.692511305212974548e-02
-9.011959284543991089e-02
1.711346656084060669e-01
-6.211339682340621948e-02
1.890472322702407837e-01
-2.553150802850723267e-02
-7.878638803958892822e-02
1.475159525871276855e-01
-8.381740748882293701e-02
-1.278083473443984985e-01
1.433754414319992065e-01
-4.851202294230461121e-02
-5.205991119146347046e-02
-1.032265573740005493e-01
8.749400079250335693e-02
7.670395076274871826e-02
-7.784688472747802734e-02
-1.745679602026939392e-02
-1.079308688640594482e-01
-2.192167332395911217e-03
1.561537683010101318e-01
