1.938721351325511932e-02
7.188546657562255859e-02
-1.350795030593872070e-01
-6.380993872880935669e-02
5.415584519505500793e-02
3.596799820661544800e-02
1.626698374748229980e-01
4.217141866683959961e-02
5.415556579828262329e-02
-1.160579845309257507e-01
3.979218006134033203e-02
4.152708500623703003e-02
1.459634304046630859e-01
1.377448588609695435e-01
1.998633332550525665e-02
6.095255538821220398e-02
-3.612769022583961487e-02
-3.729709610342979431e-02
8.072227984666824341e-02
1.543415803462266922e-02
8.825644850730895996e-03
1.067998912185430527e-02
1.087600830942392349e-02
1.110668200999498367e-02
1.175187900662422180e-02
1.460657920688390732e-02
1.728869974613189697e-02
2.725232206284999847e-02
3.177098929882049561e-02
8.712315559387207031e-02
-6.097989156842231750e-02
-2.702737413346767426e-02
-1.431590467691421509e-01
8.785360306501388550e-02
-1.235273629426956177e-01
-3.174054250121116638e-02
-1.667601987719535828e-02
-7.350787054747343063e-03
-7.021615747362375259e-03
-8.813074789941310883e-03
-2.419424243271350861e-03
-1.783556537702679634e-03
1.813801703974604607e-03
2.736167749390006065e-03
1.405101735144853592e-03
1.068088132888078690e-02
4.739383701235055923e-03
1.881607063114643097e-02
-6.785598397254943848e-02
-1.943444833159446716e-02
1.302461177110671997e-01
-1.729107201099395752e-01
-1.107299327850341797e-02
1.565911024808883667e-01
-6.777033209800720215e-02
-2.910914421081542969e-01
-6.188798323273658752e-02
2.454904168844223022e-01
-6.115623563528060913e-02
4.673555865883827209e-02
5.440286546945571899e-02
-1.015489399433135986e-01
7.895130664110183716e-02
1.620182543992996216e-01
-1.035804226994514465e-01
