7.275894284248352051e-02
2.261854149401187897e-02
5.271494388580322266e-03
2.514007091522216797e-01
-1.251368224620819092e-01
-4.731219261884689331e-02
-5.338277667760848999e-02
-1.922296546399593353e-02
-1.428597141057252884e-03
-1.457868665456771851e-01
2.160382829606533051e-02
-5.960732698440551758e-02
-4.795039072632789612e-02
3.643834963440895081e-03
2.076770178973674774e-02
-1.244483701884746552e-02
-6.784686818718910217e-03
1.172503549605607986e-02
-4.359028302133083344e-03
-2.799783600494265556e-03
-1.215699710883200169e-03
1.834520371630787849e-04
1.970680197700858116e-03
4.044993314892053604e-03
4.270086530596017838e-03
4.505304619669914246e-03
3.515189047902822495e-03
6.716691888868808746e-03
1.092025358229875565e-02
4.111404716968536377e-02
-6.006903573870658875e-02
2.554050832986831665e-02
1.113229691982269287e-01
1.175543665885925293e-01
-9.259991347789764404e-02
-1.177372131496667862e-02
-8.543575182557106018e-03
-1.094959303736686707e-02
-8.800623938441276550e-03
-5.252507049590349197e-03
-5.536803975701332092e-03
-2.562641166150569916e-03
-3.815602743998169899e-03
-2.039991319179534912e-03
-2.571002580225467682e-03
-5.017512477934360504e-03
9.109972976148128510e-03
-9.873915463685989380e-03
3.577417507767677307e-02
1.315140128135681152e-01
8.912929892539978027e-02
-1.383697539567947388e-01
5.770891904830932617e-02
-2.781371772289276123e-02
-4.052572324872016907e-02
5.500043183565139771e-02
-3.185257315635681152e-01
-1.424602419137954712e-01
-1.439488083124160767e-01
-8.333005756139755249e-02
-1.497042477130889893e-01
-1.232966706156730652e-01
-2.147109061479568481e-01
1.443687677383422852e-01
4.728572815656661987e-02
