-1.017661616206169128e-01
-1.133645884692668915e-02
6.312877684831619263e-02
2.877187132835388184e-01
-1.493342369794845581e-01
-3.417557775974273682e-01
-2.258975803852081299e-01
1.261295974254608154e-01
-1.273184418678283691e-01
-1.418276429176330566e-01
1.443077325820922852e-01
-1.764762848615646362e-01
-3.414164483547210693e-02
-4.743114486336708069e-02
-3.295402566436678171e-04
5.721575114876031876e-03
1.294855680316686630e-02
1.489809248596429825e-02
2.394593507051467896e-02
2.404966205358505249e-02
2.574613504111766815e-02
3.044301643967628479e-02
3.435361385345458984e-02
3.813134506344795227e-02
3.830226883292198181e-02
4.900056868791580200e-02
5.524254217743873596e-02
7.340569794178009033e-02
9.517015516757965088e-02
1.428773552179336548e-01
1.864857524633407593e-01
8.773256093263626099e-02
-4.734040424227714539e-02
-7.062478363513946533e-02
-8.531375229358673096e-02
-5.147475376725196838e-02
-3.160310164093971252e-02
-2.054644189774990082e-02
-1.513579953461885452e-02
-8.334083482623100281e-03
-9.185397066175937653e-03
-5.828342400491237640e-03
-4.572204314172267914e-03
2.289765747264027596e-03
3.746714675799012184e-03
8.801697404123842716e-04
9.753239341080188751e-03
1.985373906791210175e-02
7.625416386872529984e-03
3.866972774267196655e-02
1.310949097387492657e-03
1.642332295887172222e-03
1.492984294891357422e-01
7.253772020339965820e-02
2.087467014789581299e-01
1.770534366369247437e-01
-2.627103328704833984e-01
-8.188635855913162231e-02
4.850014671683311462e-02
2.368763275444507599e-02
-1.777825877070426941e-02
1.079548224806785583e-01
8.073124103248119354e-03
1.423842757940292358e-01
1.663803607225418091e-01
