-3.113506734371185303e-01
-1.716782897710800171e-01
7.012874633073806763e-02
8.149024099111557007e-02
-8.341106027364730835e-02
-3.315901756286621094e-01
1.087402999401092529e-01
2.874958813190460205e-01
2.097772806882858276e-01
5.362492054700851440e-02
-2.354844473302364349e-02
-6.526590138673782349e-02
-1.159369722008705139e-01
-1.752472221851348877e-01
-4.106201604008674622e-02
2.555954456329345703e-01
-1.680393666028976440e-01
1.519462615251541138e-01
1.388404816389083862e-01
1.072016134858131409e-01
5.436582118272781372e-02
-1.744121196679770947e-03
-5.131950601935386658e-02
-4.571037739515304565e-02
6.578893214464187622e-02
2.849344313144683838e-01
-2.694618143141269684e-02
2.440875917673110962e-01
-8.439443260431289673e-02
4.563526809215545654e-02
-8.654326945543289185e-02
1.036987453699111938e-01
-1.509191840887069702e-01
