4.152090549468994141e-01
3.403612673282623291e-01
-6.810573935508728027e-01
1.225425396114587784e-02
9.620514512062072754e-02
1.219073906540870667e-01
-1.726027280092239380e-01
-5.366404727101325989e-02
-3.096647262573242188e-01
2.036533504724502563e-01
5.585505813360214233e-02
5.298418924212455750e-02
1.484203804284334183e-02
-2.862806245684623718e-02
1.933187246322631836e-01
-1.093277633190155029e-01
1.757496595382690430e-01
-8.279146999120712280e-02
-5.302066355943679810e-02
1.163559034466743469e-02
-3.475210070610046387e-02
3.571067238226532936e-03
1.051898002624511719e-01
1.430594623088836670e-01
2.069018930196762085e-01
-2.677080631256103516e-01
-1.164681464433670044e-01
2.603298723697662354e-01
-8.195853978395462036e-02
-5.507957339286804199e-01
4.001978039741516113e-01
2.569983303546905518e-01
-1.318268030881881714e-01
