-1.391369700431823730e-01
-8.882816135883331299e-02
-1.747329235076904297e-01
2.050621956586837769e-01
3.874124884605407715e-01
1.334203779697418213e-01
9.946344047784805298e-02
-2.078537344932556152e-01
-1.173235177993774414e-01
1.049668788909912109e-01
-2.076933830976486206e-01
1.872780472040176392e-01
-1.731917411088943481e-01
1.467018276453018188e-01
-2.661260962486267090e-01
-2.808135449886322021e-01
-1.325132697820663452e-01
1.062317118048667908e-01
5.177806019783020020e-01
3.924991190433502197e-01
-6.427268683910369873e-02
3.620222210884094238e-02
8.127412199974060059e-02
1.357105970382690430e-01
-1.242095604538917542e-01
1.040868684649467468e-01
3.184064105153083801e-02
-1.208835165016353130e-03
5.395028367638587952e-02
1.556329429149627686e-01
2.943302094936370850e-01
9.369246661663055420e-02
6.815808266401290894e-02
