-1.416644752025604248e-01
-9.044164419174194336e-02
-1.779068559408187866e-01
2.087873667478561401e-01
3.944497108459472656e-01
1.358450204133987427e-01
1.012646704912185669e-01
-2.116915732622146606e-01
-1.197492107748985291e-01
1.059968546032905579e-01
-2.134427875280380249e-01
1.868663579225540161e-01
-1.825507581233978271e-01
1.426981687545776367e-01
-2.702779173851013184e-01
-2.702481746673583984e-01
-1.159684136509895325e-01
1.066118106245994568e-01
5.020651817321777344e-01
3.685223460197448730e-01
-8.740774542093276978e-02
2.630443312227725983e-02
7.891211658716201782e-02
1.370032727718353271e-01
-1.267852485179901123e-01
1.058876886963844299e-01
3.238511458039283752e-02
-1.244127750396728516e-03
5.492605641484260559e-02
1.584589183330535889e-01
2.996768653392791748e-01
9.539435803890228271e-02
6.939607113599777222e-02
