1.636959053575992584e-02
-1.135317087173461914e-01
-6.059575453400611877e-02
8.132562041282653809e-02
4.977173358201980591e-02
-1.303258351981639862e-02
-9.993441402912139893e-03
1.703298091888427734e-01
1.857859194278717041e-01
1.701637506484985352e-01
-1.855092495679855347e-01
-7.135112583637237549e-02
-5.406993627548217773e-02
1.827203035354614258e-01
1.549129784107208252e-01
-1.193127036094665527e-01
-1.898552179336547852e-01
-1.572669744491577148e-01
-9.793034195899963379e-02
-2.892585471272468567e-02
1.530207246541976929e-01
1.945292502641677856e-01
-1.595181524753570557e-01
-3.097812533378601074e-01
3.709094598889350891e-02
1.141181066632270813e-01
-5.270831659436225891e-02
-2.035165578126907349e-01
-2.502262890338897705e-01
-8.974825963377952576e-03
3.160161431878805161e-03
-1.667953841388225555e-02
1.060286387801170349e-01
-3.450348507612943649e-03
1.944839507341384888e-01
1.004085764288902283e-01
2.714110612869262695e-01
5.809623375535011292e-02
2.519760280847549438e-02
1.017934605479240417e-01
-3.631179407238960266e-02
8.645939081907272339e-02
-1.742929816246032715e-01
5.117126554250717163e-02
3.402119129896163940e-02
-5.895435437560081482e-02
-9.402521699666976929e-02
5.242522060871124268e-02
9.510175883769989014e-02
5.256161838769912720e-02
2.730528414249420166e-01
-3.883849829435348511e-02
-2.515691816806793213e-01
8.628372848033905029e-02
-2.678156197071075439e-01
1.272609829902648926e-01
8.819102495908737183e-02
7.016912568360567093e-03
6.058797612786293030e-02
6.965859234333038330e-02
1.097485772334039211e-03
-3.117896616458892822e-02
1.843559145927429199e-01
2.298316173255443573e-02
-4.484304413199424744e-02
