2.138177603483200073e-01
-5.033292621374130249e-02
-7.664480805397033691e-02
3.217930197715759277e-01
2.578553259372711182e-01
-2.579721212387084961e-01
-9.111745655536651611e-02
7.254932075738906860e-02
2.593090943992137909e-02
2.066429108381271362e-01
-2.229719609022140503e-02
9.427558630704879761e-02
3.673379719257354736e-01
7.388301938772201538e-02
1.804937124252319336e-01
8.982303738594055176e-02
1.283571618841961026e-04
-1.640395522117614746e-01
1.343049854040145874e-01
-4.536391422152519226e-02
1.563007384538650513e-01
-1.371162086725234985e-01
-1.035067513585090637e-01
1.051751896739006042e-01
-4.001123830676078796e-02
1.338943690061569214e-01
-1.377323735505342484e-02
-1.089469492435455322e-01
-1.080042049288749695e-01
2.802628874778747559e-01
1.582601666450500488e-01
9.397912025451660156e-02
1.441857665777206421e-01
2.134313285350799561e-01
-2.239748835563659668e-02
-3.391751945018768311e-01
-1.439182162284851074e-01
-1.298179477453231812e-01
-1.586571931838989258e-01
1.304663997143507004e-02
2.100550383329391479e-01
2.759473025798797607e-01
1.944559514522552490e-01
2.978532947599887848e-02
-3.425649265409447253e-05
1.258709132671356201e-01
-2.329928129911422729e-01
-8.736896514892578125e-02
2.196500748395919800e-01
-1.618338078260421753e-01
2.128627598285675049e-01
-6.746400147676467896e-03
-1.967658847570419312e-01
2.006809413433074951e-02
-1.797183454036712646e-01
1.001799255609512329e-01
1.533546745777130127e-01
2.039251029491424561e-01
6.543499976396560669e-02
-3.592743873596191406e-01
-6.603027135133743286e-02
-1.871666288934648037e-03
-4.244680702686309814e-02
-6.763046979904174805e-02
2.877120971679687500e-01
