-4.839755967259407043e-02
-1.506953388452529907e-01
-2.283257991075515747e-01
1.572936773300170898e-01
-2.881802618503570557e-01
3.505199551582336426e-01
4.568020999431610107e-01
2.642216682434082031e-01
1.779089719057083130e-01
-1.362521499395370483e-01
-1.388603597879409790e-01
-1.268376410007476807e-01
-1.761974245309829712e-01
-1.913673430681228638e-01
-2.945224344730377197e-01
-1.644638180732727051e-01
8.761650882661342621e-03
7.157763838768005371e-02
1.314349025487899780e-01
7.849480211734771729e-02
5.571740865707397461e-02
1.319801528006792068e-02
-4.457048699259757996e-02
-3.023952618241310120e-02
5.165613815188407898e-02
1.721687614917755127e-02
4.368004202842712402e-02
1.650826334953308105e-01
2.038188092410564423e-02
-5.694792866706848145e-01
1.893004029989242554e-01
-1.826052181422710419e-02
-5.003315806388854980e-01
