6.662680953741073608e-02
6.194226443767547607e-02
8.116567879915237427e-02
1.282731294631958008e-01
-8.969216607511043549e-03
-1.475741267204284668e-01
7.259859144687652588e-02
-2.672959864139556885e-02
-5.042379721999168396e-02
1.513519883155822754e-01
-1.811976544559001923e-02
3.895121067762374878e-02
1.727781146764755249e-01
-6.175476312637329102e-02
-4.097497090697288513e-02
2.464745640754699707e-01
-1.048136129975318909e-01
1.422919929027557373e-01
3.314889222383499146e-02
2.138459384441375732e-01
-2.392079085111618042e-01
-1.509684324264526367e-02
4.542598873376846313e-02
8.517652004957199097e-02
4.411921650171279907e-02
1.209383606910705566e-01
7.023907452821731567e-02
7.587405294179916382e-02
3.172958493232727051e-01
-1.787581294775009155e-01
3.231403529644012451e-01
1.261832267045974731e-01
2.257741689682006836e-01
-1.542559564113616943e-01
-5.428311601281166077e-02
-3.601664900779724121e-01
-7.069524377584457397e-02
-3.217924237251281738e-01
-1.642992645502090454e-01
1.982399225234985352e-01
-1.102321669459342957e-01
-5.810656398534774780e-02
-5.947469919919967651e-02
1.776518300175666809e-02
5.612733960151672363e-02
-3.097175359725952148e-01
-2.407432347536087036e-01
9.301224350929260254e-02
6.767418980598449707e-02
6.701798737049102783e-02
7.730159163475036621e-02
1.536388765089213848e-03
1.275459378957748413e-01
-6.079560518264770508e-02
2.811320312321186066e-02
-9.773016907274723053e-03
5.856304243206977844e-02
1.055915355682373047e-01
1.124415025115013123e-01
2.383325994014739990e-01
-4.307894408702850342e-02
2.001233398914337158e-02
-8.281853795051574707e-02
3.825827315449714661e-02
1.513018365949392319e-02
