-4.053663834929466248e-02
3.591071069240570068e-01
1.105891987681388855e-01
4.637860506772994995e-02
-1.373340040445327759e-01
6.144302710890769958e-02
1.095876246690750122e-01
8.485797047615051270e-02
7.724039256572723389e-02
8.220691233873367310e-02
2.538727521896362305e-01
-3.043229281902313232e-01
-8.946371078491210938e-02
-2.571052685379981995e-02
-3.139068186283111572e-02
-2.155431173741817474e-02
-2.229213900864124298e-02
-2.383936196565628052e-02
-2.762884832918643951e-02
-2.791170775890350342e-02
-2.961600385606288910e-02
-2.932204678654670715e-02
-3.389523923397064209e-02
-3.962082043290138245e-02
-4.008997231721878052e-02
-4.798517003655433655e-02
-5.781725049018859863e-02
-7.165587693452835083e-02
-9.047336131334304810e-02
-1.102382615208625793e-01
6.418152153491973877e-02
2.450910210609436035e-01
-2.719941437244415283e-01
1.426958590745925903e-01
1.130361929535865784e-01
6.021945178508758545e-02
4.082939773797988892e-02
2.931308373808860779e-02
2.194396965205669403e-02
1.036481186747550964e-02
7.749367970973253250e-03
4.567151423543691635e-03
7.596139912493526936e-04
1.675410661846399307e-03
-1.738523249514400959e-03
-7.344670011661946774e-04
-1.473036129027605057e-03
-4.814180079847574234e-03
-1.061262749135494232e-02
2.348436973989009857e-03
-5.846840795129537582e-03
4.759377613663673401e-02
-8.408991247415542603e-02
-3.195152282714843750e-01
1.295347958803176880e-01
-6.145472526550292969e-01
2.443046420812606812e-01
2.339448314160108566e-03
-6.511913239955902100e-02
8.117674291133880615e-02
-5.648519992828369141e-01
-5.616718553937971592e-04
4.929139837622642517e-02
1.710351258516311646e-01
1.337822377681732178e-01
