-2.362215518951416016e-01
-1.302519887685775757e-01
5.317676067352294922e-02
6.160737201571464539e-02
-6.417325884103775024e-02
-2.625007033348083496e-01
8.324372768402099609e-02
2.556048631668090820e-01
2.401734590530395508e-01
1.045259088277816772e-01
2.707192301750183105e-02
-9.025169163942337036e-02
-7.012475281953811646e-02
-1.822683215141296387e-01
5.995890870690345764e-02
1.842808127403259277e-01
-1.108566895127296448e-01
1.626881211996078491e-01
6.834031641483306885e-02
8.782396465539932251e-02
1.389405727386474609e-01
1.946650743484497070e-01
1.898405551910400391e-01
6.843079812824726105e-03
1.344450116157531738e-01
-8.648519963026046753e-02
-5.946229770779609680e-02
4.312685132026672363e-02
1.991122588515281677e-02
2.725466527044773102e-02
1.752784550189971924e-01
3.355178236961364746e-02
-6.020648032426834106e-02
8.425096422433853149e-02
9.163323789834976196e-03
1.361781209707260132e-01
-5.762945860624313354e-02
-1.606409549713134766e-01
-1.358807235956192017e-01
-7.360723614692687988e-02
1.972999870777130127e-01
2.144877314567565918e-01
-3.160888701677322388e-02
1.810289621353149414e-01
-6.641148775815963745e-02
3.392245620489120483e-02
-6.584231555461883545e-02
7.851609587669372559e-02
1.222184151411056519e-01
-3.319587111473083496e-01
-1.807105354964733124e-02
1.828831136226654053e-01
-2.934983968734741211e-01
-6.042056251317262650e-03
5.457641929388046265e-02
-1.145097762346267700e-01
4.951232112944126129e-03
-1.793353557586669922e-01
-5.378420650959014893e-02
-8.084169030189514160e-02
1.812672615051269531e-01
-2.686833031475543976e-02
-1.434324681758880615e-01
1.058272551745176315e-02
7.251145690679550171e-02
