7.901854068040847778e-02
6.218909844756126404e-02
3.023921549320220947e-01
-1.048580557107925415e-01
1.975458115339279175e-02
-3.932458460330963135e-01
1.925292015075683594e-01
-5.337391421198844910e-02
1.823170930147171021e-01
-5.186384171247482300e-02
1.679394096136093140e-01
1.548014283180236816e-01
-1.664115488529205322e-01
-8.476972579956054688e-02
-6.229280028492212296e-03
-9.740578010678291321e-03
-1.365243550390005112e-02
-1.670525223016738892e-02
-1.956905424594879150e-02
-1.696917600929737091e-02
-2.277229540050029755e-02
-2.706908620893955231e-02
-2.772025763988494873e-02
-3.296462073922157288e-02
-4.085669666528701782e-02
-4.522363096475601196e-02
-5.246170237660408020e-02
-6.100655719637870789e-02
-7.647381722927093506e-02
-9.024405479431152344e-02
-1.136462390422821045e-01
-3.169237673282623291e-01
4.096711426973342896e-02
1.321715954691171646e-02
7.432124018669128418e-02
4.922348633408546448e-02
3.252851590514183044e-02
1.771750114858150482e-02
1.611828245222568512e-02
1.218500081449747086e-02
1.158009190112352371e-02
7.796592544764280319e-03
4.882327280938625336e-03
6.369687616825103760e-03
-9.086109930649399757e-04
3.973579034209251404e-03
1.113968342542648315e-02
7.446554489433765411e-03
9.259155951440334320e-03
6.913734227418899536e-02
3.274329379200935364e-02
-6.588472425937652588e-02
1.231733039021492004e-01
1.292678155004978180e-02
-1.539772450923919678e-01
1.013266742229461670e-01
3.253402188420295715e-02
1.605346053838729858e-01
9.449996054172515869e-03
3.139299750328063965e-01
1.214439347386360168e-01
-5.002329871058464050e-02
-4.014667868614196777e-02
3.314988911151885986e-01
-1.314919739961624146e-01
