-2.847002148628234863e-01
1.794707626104354858e-01
9.760469198226928711e-02
3.973000124096870422e-02
9.994345717132091522e-03
-2.758366428315639496e-02
-8.934324979782104492e-02
1.670090705156326294e-01
4.459146410226821899e-02
-9.304367005825042725e-02
-6.016283854842185974e-02
-9.538173675537109375e-02
4.957976937294006348e-02
7.674489170312881470e-03
3.192082047462463379e-02
2.263010479509830475e-02
5.504544079303741455e-02
7.848896086215972900e-03
2.731550298631191254e-02
6.126689724624156952e-03
5.600459408015012741e-03
3.106289077550172806e-03
2.279418520629405975e-03
3.324432065710425377e-03
-5.406706593930721283e-03
-1.949619152583181858e-03
-7.999241352081298828e-03
-9.445329196751117706e-03
-1.658863760530948639e-02
-1.721880212426185608e-02
2.952516376972198486e-01
3.599015623331069946e-02
3.376895561814308167e-02
-1.043451629811897874e-05
-1.154662761837244034e-02
1.987210474908351898e-02
1.654257811605930328e-02
1.483651623129844666e-02
7.810257840901613235e-03
8.330313488841056824e-03
4.237146116793155670e-03
5.884325597435235977e-03
9.079414419829845428e-03
4.408187698572874069e-03
4.484603647142648697e-03
2.495412481948733330e-03
3.489341353997588158e-03
7.083604112267494202e-03
-7.324106059968471527e-03
1.016676053404808044e-01
-1.520258784294128418e-01
1.902973055839538574e-01
1.966211050748825073e-01
1.029055416584014893e-01
-6.555388122797012329e-02
2.633146047592163086e-01
4.855696111917495728e-02
-7.007110118865966797e-02
1.474948227405548096e-01
-1.947950273752212524e-01
4.126971121877431870e-03
3.505048528313636780e-02
-3.268525302410125732e-01
-3.690040707588195801e-01
-4.503865726292133331e-03
