-1.698644906282424927e-01
7.914058864116668701e-02
-1.927830874919891357e-01
-1.954896897077560425e-01
2.326909601688385010e-01
2.506293654441833496e-01
4.494202136993408203e-01
-2.465251982212066650e-01
-1.329247839748859406e-02
-4.600885882973670959e-02
3.150003254413604736e-01
-1.491200178861618042e-01
3.833967745304107666e-01
2.265731990337371826e-01
-6.118546240031719208e-03
-1.648579686880111694e-01
-7.576275616884231567e-02
-2.497183531522750854e-01
1.335344165563583374e-01
-2.745087146759033203e-01
7.391878217458724976e-02
2.370291799306869507e-01
-5.777559429407119751e-02
2.221074551343917847e-01
1.761989742517471313e-01
-1.494221203029155731e-02
6.415472365915775299e-03
-1.341369003057479858e-01
-1.542008072137832642e-01
-1.605790555477142334e-01
6.659823656082153320e-02
1.570244431495666504e-01
-1.414927840232849121e-01
1.892442107200622559e-01
-1.880620047450065613e-02
-3.085849285125732422e-01
2.238849699497222900e-01
-5.673012882471084595e-02
8.013681322336196899e-02
1.520524471998214722e-01
-4.846261069178581238e-02
6.862838752567768097e-03
5.225523710250854492e-01
3.297739624977111816e-01
-2.489646971225738525e-01
-1.695728898048400879e-01
8.585817366838455200e-02
4.655583202838897705e-01
-6.792659312486648560e-02
2.297283262014389038e-01
7.567556202411651611e-02
1.065265387296676636e-02
-2.583320252597332001e-02
-7.836706191301345825e-02
1.287782490253448486e-01
-8.165567368268966675e-02
1.708616614341735840e-01
2.368568181991577148e-01
-1.284559071063995361e-01
-3.500041738152503967e-02
-3.365270793437957764e-02
-4.688623547554016113e-02
-3.494042530655860901e-02
-1.929228939116001129e-02
-8.590302616357803345e-02
