4.432370141148567200e-02
-1.682249307632446289e-01
-2.962420508265495300e-02
-2.678395807743072510e-01
3.045261800289154053e-01
1.491027623414993286e-01
1.310360878705978394e-01
2.977921999990940094e-02
-8.179396390914916992e-02
-1.640395969152450562e-01
-2.922114133834838867e-01
-1.480341255664825439e-01
2.879956066608428955e-01
9.057712741196155548e-03
2.787417173385620117e-02
-4.243868589401245117e-02
-7.273332774639129639e-02
8.091301470994949341e-02
1.659214496612548828e-02
1.002949029207229614e-01
4.456935822963714600e-02
-1.099586263298988342e-01
3.554583489894866943e-01
1.219271402806043625e-02
3.515723049640655518e-01
2.121684551239013672e-01
2.083181589841842651e-01
5.237386375665664673e-02
8.825229853391647339e-02
-4.596327990293502808e-02
-1.046628504991531372e-02
6.291317194700241089e-02
-2.301359474658966064e-01
