-1.142433583736419678e-01
-1.148424297571182251e-01
-6.785346567630767822e-02
-1.512789875268936157e-01
5.680962651968002319e-02
-2.754809856414794922e-01
9.828411042690277100e-02
-8.414828032255172729e-02
3.205476403236389160e-01
-9.071973711252212524e-02
9.030793607234954834e-02
-1.802808605134487152e-02
1.838366314768791199e-02
2.664211019873619080e-02
1.626094132661819458e-01
-5.289855878800153732e-03
3.808590024709701538e-02
1.123299300670623779e-01
7.345880568027496338e-02
-2.091621235013008118e-02
-3.266808018088340759e-02
8.732154220342636108e-02
5.043153092265129089e-02
2.040694504976272583e-01
-2.681752741336822510e-01
2.344270795583724976e-01
3.540562698617577553e-03
-3.183891475200653076e-01
-2.125159949064254761e-01
-7.211535237729549408e-03
2.390415668487548828e-01
-7.922952622175216675e-02
-1.317438334226608276e-01
