-1.182725131511688232e-01
-1.188926845788955688e-01
-7.024727761745452881e-02
-1.567768156528472900e-01
5.832559987902641296e-02
-2.898177802562713623e-01
1.042982190847396851e-01
-1.031949967145919800e-01
4.348171353340148926e-01
-2.107957005500793457e-01
2.905675470829010010e-01
-2.345393896102905273e-01
1.789889782667160034e-01
1.384949088096618652e-01
3.395341634750366211e-01
8.124278485774993896e-02
1.941794343292713165e-02
-1.253346446901559830e-03
7.203128933906555176e-02
-2.936525046825408936e-01
-3.369058966636657715e-01
2.820471227169036865e-01
5.808774009346961975e-02
2.762301564216613770e-01
-3.256914019584655762e-01
2.489611208438873291e-01
2.742578275501728058e-03
-3.308507800102233887e-01
-2.200820297002792358e-01
-7.466888520866632462e-03
2.474715113639831543e-01
-8.202383667230606079e-02
-1.363904476165771484e-01
