-2.101784944534301758e-01
9.792300313711166382e-02
-2.385355532169342041e-01
-2.418848425149917603e-01
2.876609861850738525e-01
3.086849451065063477e-01
5.495806336402893066e-01
-2.446825057268142700e-01
-5.192253272980451584e-03
-2.289485186338424683e-02
2.730941176414489746e-01
-6.223094090819358826e-02
2.690137326717376709e-01
2.070723176002502441e-01
-6.983388448134064674e-05
-1.988503187894821167e-01
-9.166002273559570312e-02
2.376780211925506592e-01
1.833384484052658081e-02
-1.657858341932296753e-01
2.119420021772384644e-01
-5.765544716268777847e-03
9.212350845336914062e-02
1.757171601057052612e-01
1.433921605348587036e-02
1.783149689435958862e-02
6.516841650009155273e-01
4.104332327842712402e-01
-3.080160021781921387e-01
-2.108019441366195679e-01
1.052523404359817505e-01
5.754024982452392578e-01
-3.015280663967132568e-01
