-2.117747813463211060e-01
-3.301021158695220947e-01
-1.337353140115737915e-01
-1.173817589879035950e-01
-9.564154595136642456e-02
-3.705200180411338806e-02
-3.162035048007965088e-01
-1.093528345227241516e-01
5.235748831182718277e-04
-1.696310341358184814e-01
-5.575623735785484314e-02
-2.315040528774261475e-01
-4.087423160672187805e-02
-8.778573572635650635e-02
1.038012355566024780e-01
4.816789031028747559e-01
-1.612176001071929932e-01
-1.749640144407749176e-02
6.856273114681243896e-02
-2.366019785404205322e-01
-9.627521038055419922e-02
-1.204510107636451721e-01
-9.515336155891418457e-02
-1.817173659801483154e-01
-2.268876731395721436e-01
4.902939498424530029e-01
-1.867433823645114899e-02
-2.132865488529205322e-01
-6.652933359146118164e-02
-5.801699683070182800e-02
-2.379651814699172974e-01
3.653747960925102234e-02
-9.160669147968292236e-02
-2.799338996410369873e-01
-8.203560858964920044e-02
-1.420670151710510254e-01
-2.949708513915538788e-02
-6.808636337518692017e-02
-7.917688786983489990e-02
3.251708149909973145e-01
-1.587859094142913818e-01
-2.317154705524444580e-01
3.691770369186997414e-03
-1.599409580230712891e-01
-7.779561728239059448e-02
-2.696150541305541992e-01
5.367422848939895630e-02
1.717415153980255127e-01
3.681084513664245605e-02
-8.053934574127197266e-02
1.330795735120773315e-01
6.751116830855607986e-03
-2.656753957271575928e-01
4.477241635322570801e-02
1.362023800611495972e-01
-8.406333625316619873e-02
-2.887910306453704834e-01
-1.003182604908943176e-01
3.878534212708473206e-02
3.101083338260650635e-01
2.360982745885848999e-01
-1.268439441919326782e-01
1.093800812959671021e-01
-4.404738172888755798e-02
4.830816760659217834e-02
