-2.669332623481750488e-01
-1.651787571609020233e-02
8.520976454019546509e-02
2.949655987322330475e-02
3.832275867462158203e-01
-2.234744578599929810e-01
3.225668147206306458e-02
-2.118277363479137421e-02
2.310440987348556519e-01
-6.107098981738090515e-02
2.024526447057723999e-01
2.163102626800537109e-01
2.213427275419235229e-01
4.805227741599082947e-02
6.960948556661605835e-02
2.268941551446914673e-01
-3.320372998714447021e-01
1.279088109731674194e-01
-2.656986713409423828e-01
1.867188662290573120e-01
-6.456800270825624466e-03
-5.077619552612304688e-01
4.398638010025024414e-02
-3.557621240615844727e-01
-1.154661998152732849e-01
-3.660436570644378662e-01
-2.173205465078353882e-01
1.045639589428901672e-01
-8.042090386152267456e-02
3.682830557227134705e-02
-2.397061288356781006e-01
-1.369774341583251953e-01
4.195038974285125732e-02
