-2.607169449329376221e-01
5.303276181221008301e-01
-4.797948896884918213e-01
1.715024709701538086e-01
1.733160316944122314e-01
-1.377252936363220215e-01
7.395703345537185669e-02
-5.678895115852355957e-01
-4.967799782752990723e-01
2.717992067337036133e-01
3.279458582401275635e-01
-2.790704071521759033e-01
-1.332003623247146606e-01
-2.644983232021331787e-01
3.124886453151702881e-01
-3.254259005188941956e-02
-3.026600182056427002e-01
-2.645799703896045685e-02
5.742838978767395020e-01
-3.523065149784088135e-01
-2.344718575477600098e-01
2.813053429126739502e-01
1.074496582150459290e-01
-5.053348839282989502e-02
1.122834905982017517e-01
5.583809614181518555e-01
-1.989187598228454590e-01
7.226305007934570312e-01
-2.051488310098648071e-01
7.673411816358566284e-02
1.248305141925811768e-01
2.872654199600219727e-01
-8.689908310770988464e-03
