-1.417420655488967896e-01
-1.424852758646011353e-01
-8.418610692024230957e-02
-1.872865557670593262e-01
7.228064537048339844e-02
-3.278669118881225586e-01
1.275532990694046021e-01
-3.494072705507278442e-02
2.656252086162567139e-01
7.703228294849395752e-02
1.306426823139190674e-01
1.546573638916015625e-01
1.949471086263656616e-01
2.505400478839874268e-01
2.340902239084243774e-01
6.163603439927101135e-02
1.920576095581054688e-01
1.370762381702661514e-02
-4.776947572827339172e-02
-1.830340549349784851e-02
1.211109105497598648e-02
4.323430359363555908e-02
6.107271462678909302e-02
1.547995209693908691e-01
-2.324813455343246460e-01
2.763072550296783447e-01
5.708405748009681702e-03
-3.930860459804534912e-01
-2.636284828186035156e-01
-8.947796188294887543e-03
2.965798974037170410e-01
-9.830008447170257568e-02
-1.634548455476760864e-01
