-4.392841085791587830e-02
1.533645093441009521e-01
-4.492282494902610779e-02
2.198605388402938843e-01
-1.971882283687591553e-01
2.585768140852451324e-02
-1.906635165214538574e-01
1.397752761840820312e-01
-1.169823855161666870e-01
-6.094655767083168030e-02
-7.624856382608413696e-02
-3.572363406419754028e-02
7.648438215255737305e-03
2.837667986750602722e-02
1.765310317277908325e-01
-1.574917733669281006e-01
-1.494412589818239212e-02
-7.100084424018859863e-02
-2.450813800096511841e-01
-2.216587364673614502e-01
-1.889949887990951538e-01
-6.378322839736938477e-02
-1.226170137524604797e-01
-5.939623340964317322e-02
-1.697123944759368896e-01
-1.109088882803916931e-01
-2.777405083179473877e-01
4.663286805152893066e-01
-7.751788944005966187e-02
3.067307174205780029e-01
-1.781474798917770386e-02
9.660366922616958618e-02
2.121187746524810791e-01
