-4.162969440221786499e-02
1.003459915518760681e-01
-1.935451850295066833e-02
1.602500975131988525e-01
-1.166925579309463501e-01
-2.043812274932861328e-01
-1.166359186172485352e-01
-7.110805809497833252e-02
3.165336092934012413e-03
-6.941764056682586670e-02
-6.580271571874618530e-02
1.944781094789505005e-01
5.404817685484886169e-02
-2.223609983921051025e-01
-7.655169814825057983e-02
-1.065278649330139160e-01
1.169982715509831905e-03
-7.427607476711273193e-02
-7.880538702011108398e-02
-9.912586212158203125e-02
-3.186131641268730164e-02
6.202564388513565063e-02
-1.280730217695236206e-01
-1.510717123746871948e-01
-1.892268657684326172e-01
2.344963103532791138e-01
-7.182546705007553101e-02
6.649438291788101196e-02
2.215489447116851807e-01
3.727043792605400085e-02
1.559340357780456543e-01
1.589530110359191895e-01
-3.823288530111312866e-02
2.921794727444648743e-02
-2.210959047079086304e-01
-1.157654374837875366e-01
-1.308218091726303101e-01
-2.463641911745071411e-01
-1.500045359134674072e-01
-1.276035457849502563e-01
-2.447714358568191528e-01
1.242355331778526306e-01
-1.999016851186752319e-01
1.069392170757055283e-02
-2.096450775861740112e-01
-9.407280385494232178e-02
-1.801959276199340820e-01
-1.510142087936401367e-01
1.731339958496391773e-03
-4.399065673351287842e-02
-2.887576520442962646e-01
2.056287378072738647e-01
-1.263959109783172607e-01
3.348498046398162842e-02
9.983165562152862549e-02
-2.842698805034160614e-02
1.565975882112979889e-02
4.313606768846511841e-02
1.182061284780502319e-01
-1.721164733171463013e-01
-1.896312534809112549e-01
-1.637269370257854462e-02
-3.551066219806671143e-01
3.424277529120445251e-02
-7.805106788873672485e-02
