3.398119211196899414e-01
-1.947340182960033417e-02
1.422618925571441650e-01
-2.693108618259429932e-01
-1.180753484368324280e-01
2.926381230354309082e-01
-3.799438476562500000e-03
3.574104979634284973e-02
-1.590114682912826538e-01
-6.564877927303314209e-02
1.486462727189064026e-02
-1.149101033806800842e-01
-1.195727437734603882e-01
-1.771265757270157337e-03
-2.212616354227066040e-01
1.003703251481056213e-01
1.304479539394378662e-01
-1.577073484659194946e-01
-3.367062509059906006e-01
1.831791102886199951e-01
-2.304109036922454834e-01
2.645514011383056641e-01
-1.833335012197494507e-01
-2.185959219932556152e-01
-1.078189071267843246e-02
-1.002340391278266907e-01
1.012649908661842346e-01
-5.727908760309219360e-02
1.288368105888366699e-01
9.237298369407653809e-02
5.457073822617530823e-02
-9.708380699157714844e-02
3.816927969455718994e-01
4.179031029343605042e-02
-1.435275822877883911e-01
-2.209486365318298340e-01
-5.488380556926131248e-04
2.595806717872619629e-01
-2.366822957992553711e-01
-4.171989485621452332e-02
2.315926179289817810e-02
7.486391812562942505e-02
1.971439868211746216e-01
-1.232345849275588989e-01
-2.282970696687698364e-01
2.496371716260910034e-01
-5.578022822737693787e-02
4.029276371002197266e-01
-2.468066662549972534e-01
-2.617784030735492706e-02
-2.103700339794158936e-01
-1.171550154685974121e-01
-1.021951660513877869e-01
2.083399295806884766e-01
-1.100896578282117844e-02
9.948571026325225830e-02
5.378339812159538269e-02
3.046234548091888428e-01
1.114352885633707047e-02
1.088804006576538086e-01
-5.956114828586578369e-02
3.907331824302673340e-02
-2.908121943473815918e-01
-2.987270951271057129e-01
2.596712112426757812e-01
