2.214271947741508484e-02
-1.535709351301193237e-01
-8.196652680635452271e-02
1.100036725401878357e-01
6.731534004211425781e-02
-1.764670200645923615e-02
-1.352552976459264755e-02
2.305010855197906494e-01
2.517394423484802246e-01
2.315812706947326660e-01
-2.469313144683837891e-01
-8.948534727096557617e-02
-7.264705747365951538e-02
2.164265513420104980e-01
1.307673007249832153e-01
-2.500734031200408936e-01
-2.671927511692047119e-01
4.629908874630928040e-02
3.678200244903564453e-01
2.263434827327728271e-01
4.064160585403442383e-01
7.523559778928756714e-02
1.261496543884277344e-02
1.160153895616531372e-01
-1.277269273996353149e-01
1.077459231019020081e-01
-2.406944036483764648e-01
6.682737171649932861e-02
4.506451636552810669e-02
-7.997441291809082031e-02
-1.271488070487976074e-01
7.105780392885208130e-02
3.601364195346832275e-01
