-2.473908476531505585e-02
-1.506723016500473022e-01
8.754964172840118408e-02
8.123658597469329834e-02
4.624378308653831482e-02
-2.644023597240447998e-01
-7.385170552879571915e-03
3.269071877002716064e-02
3.235625103116035461e-02
-2.409926243126392365e-02
-1.577923148870468140e-01
1.558981984853744507e-01
3.319082856178283691e-01
-3.399959579110145569e-02
-1.725598722696304321e-01
2.066645026206970215e-01
-1.991118937730789185e-01
9.037958830595016479e-02
-1.927105039358139038e-01
3.830138444900512695e-01
-3.328314125537872314e-01
-3.295595943927764893e-01
1.784953847527503967e-02
4.156094491481781006e-01
-1.477793902158737183e-01
6.226138398051261902e-02
-1.492917090654373169e-01
-3.022861480712890625e-01
-1.220988929271697998e-01
3.226816281676292419e-02
-1.202116720378398895e-02
2.719132602214813232e-01
1.399192214012145996e-01
1.027512177824974060e-02
2.850780487060546875e-01
-2.990670204162597656e-01
-7.584903389215469360e-02
2.612636685371398926e-01
8.940678089857101440e-02
-6.569692492485046387e-02
7.131176441907882690e-02
-1.171254664659500122e-01
2.213185839354991913e-02
-1.033553406596183777e-01
-1.756543070077896118e-01
-5.963913723826408386e-02
4.093334823846817017e-02
7.470441609621047974e-02
-2.529459893703460693e-01
1.317439228296279907e-01
4.659888520836830139e-02
-3.004616498947143555e-02
-5.287224799394607544e-02
1.531908940523862839e-02
-1.907882541418075562e-01
-3.004458844661712646e-01
6.569324177689850330e-04
-2.803016453981399536e-02
-5.639779567718505859e-02
-7.009333372116088867e-02
-2.751564979553222656e-01
1.761068850755691528e-01
-1.741501241922378540e-01
3.058413043618202209e-02
1.753892749547958374e-02
