5.157750248908996582e-01
-2.955706976354122162e-02
2.159282416105270386e-01
-4.087655246257781982e-01
-1.792174279689788818e-01
4.441734254360198975e-01
-5.758626386523246765e-03
5.428658053278923035e-02
-2.411850094795227051e-01
-9.889716655015945435e-02
2.577264979481697083e-02
-1.640323698520660400e-01
-1.573182791471481323e-01
3.712019324302673340e-02
-2.980481684207916260e-01
1.506707519292831421e-01
1.475800871849060059e-01
9.359791874885559082e-02
-1.904016137123107910e-01
-3.117415904998779297e-01
2.469046972692012787e-02
4.200962781906127930e-01
-3.399842679500579834e-01
-5.174292996525764465e-02
-2.290503866970539093e-02
1.188775151968002319e-01
3.026128113269805908e-01
-1.854187399148941040e-01
-3.459147512912750244e-01
3.791824579238891602e-01
-8.444362878799438477e-02
6.117268204689025879e-01
-3.598890826106071472e-02
