-2.829284071922302246e-01
-1.827981323003768921e-01
-3.996809720993041992e-01
-1.504587978124618530e-01
2.007151246070861816e-01
-2.800011634826660156e-01
-8.461080491542816162e-02
-1.337475627660751343e-01
-3.337169438600540161e-02
2.124551236629486084e-01
1.690744906663894653e-01
1.997624635696411133e-01
1.953285336494445801e-01
1.458424478769302368e-01
8.403804898262023926e-02
-2.914574146270751953e-01
-7.237517088651657104e-02
-4.460959136486053467e-02
-1.595209985971450806e-01
-8.957357704639434814e-02
-1.736772432923316956e-02
-3.206829074770212173e-03
7.974640280008316040e-02
1.245958283543586731e-01
6.455908715724945068e-02
9.285780787467956543e-02
2.044081091880798340e-01
-1.891880184412002563e-01
-2.439617179334163666e-03
6.519836839288473129e-03
-1.171835288405418396e-01
-1.666428335011005402e-02
8.581928908824920654e-02
