3.467291966080665588e-02
1.285627782344818115e-01
-2.415808141231536865e-01
-1.143441274762153625e-01
9.548667073249816895e-02
6.359977275133132935e-02
2.788007855415344238e-01
6.132517009973526001e-02
7.575272023677825928e-02
-6.420855224132537842e-02
5.641483142971992493e-02
7.537572830915451050e-02
1.120912134647369385e-01
1.620358228683471680e-01
1.023651063442230225e-01
1.433275640010833740e-01
-1.275369822978973389e-01
7.476492226123809814e-02
-2.098467499017715454e-01
-1.397511810064315796e-01
-1.210113167762756348e-01
-6.357520818710327148e-02
-1.531333327293395996e-01
-6.618352979421615601e-02
-7.284346222877502441e-02
1.832076162099838257e-01
1.435332298278808594e-01
3.116413764655590057e-02
-9.691155701875686646e-02
9.025230258703231812e-02
-3.216654527932405472e-03
4.835183545947074890e-02
-2.612833380699157715e-01
