6.255178451538085938e-01
1.789451539516448975e-01
3.764030933380126953e-01
5.297877788543701172e-01
-4.931442439556121826e-01
5.347564071416854858e-02
3.870239555835723877e-01
-5.369017720222473145e-01
2.647321224212646484e-01
4.792994819581508636e-03
1.021466031670570374e-01
1.084880307316780090e-01
1.127958893775939941e-01
4.450532421469688416e-02
3.153524175286293030e-02
-3.053620159626007080e-01
4.042757749557495117e-01
2.060625553131103516e-01
7.124660164117813110e-02
1.563746333122253418e-01
-3.232717514038085938e-01
1.850684136152267456e-01
-5.023468285799026489e-02
4.536136686801910400e-01
-2.974995411932468414e-02
-5.166549980640411377e-02
1.792414486408233643e-01
2.675537168979644775e-01
1.933623701333999634e-01
1.621631681919097900e-01
6.847157329320907593e-02
2.796540781855583191e-02
-9.958425164222717285e-02
