3.719602823257446289e-01
-1.546576172113418579e-01
-1.829738495871424675e-03
1.071293726563453674e-01
-8.317042142152786255e-02
-1.272404640913009644e-01
1.204411536455154419e-01
1.544266045093536377e-01
1.216219514608383179e-01
3.772436976432800293e-01
1.024136021733283997e-01
2.063635587692260742e-01
-2.647478282451629639e-01
1.428250819444656372e-01
2.368709295988082886e-01
-3.379054069519042969e-01
9.034811705350875854e-02
4.422071203589439392e-02
9.587164223194122314e-02
-6.369352806359529495e-03
-5.131000280380249023e-01
-9.913919866085052490e-02
-2.673304975032806396e-01
-2.461240738630294800e-01
2.064954191446304321e-01
-4.348060116171836853e-02
1.712068915367126465e-01
-3.157421946525573730e-01
9.077748656272888184e-02
-3.789707124233245850e-01
3.556422591209411621e-01
5.358070135116577148e-02
-3.869897425174713135e-01
