1.833791472017765045e-02
-1.271827369928359985e-01
-6.788234412670135498e-02
9.110487252473831177e-02
5.580530315637588501e-02
-1.444778870791196823e-02
-1.044094376266002655e-02
1.910830438137054443e-01
2.032620459794998169e-01
1.855811327695846558e-01
-1.807243376970291138e-01
-6.949006766080856323e-02
-4.646131396293640137e-02
8.136581629514694214e-02
1.849079877138137817e-02
-3.595188260078430176e-02
-4.563691094517707825e-02
-2.597991377115249634e-02
-1.378070842474699020e-02
-8.553126826882362366e-03
3.387907985597848892e-03
2.067966386675834656e-03
-3.579242387786507607e-03
-2.853666897863149643e-03
-1.399704022333025932e-03
1.512395101599395275e-03
-6.319544278085231781e-03
-1.246831659227609634e-02
-3.280007466673851013e-02
-5.402946099638938904e-02
-7.145687192678451538e-02
8.510795235633850098e-02
1.162455901503562927e-01
8.355482667684555054e-02
1.420856118202209473e-01
1.154469996690750122e-01
9.945363551378250122e-02
8.018604665994644165e-02
6.664102524518966675e-02
5.360218510031700134e-02
4.486947879195213318e-02
3.302373364567756653e-02
2.408397942781448364e-02
2.016239985823631287e-02
2.109049819409847260e-02
1.819314621388912201e-02
5.917170550674200058e-03
2.098534069955348969e-02
3.308244422078132629e-02
2.068510465323925018e-02
1.329241991043090820e-01
-2.282359451055526733e-02
-2.260037064552307129e-01
8.302260935306549072e-02
-2.871883511543273926e-01
1.376146525144577026e-01
9.183797240257263184e-02
6.694856565445661545e-03
6.730677932500839233e-02
7.800553739070892334e-02
1.229319372214376926e-03
-3.492841869592666626e-02
2.065246105194091797e-01
2.574681490659713745e-02
-5.023537203669548035e-02
