6.375351804308593273e-04
-5.884610116481781006e-02
1.384434252977371216e-01
1.250220369547605515e-02
2.675799652934074402e-02
2.181180119514465332e-01
-1.354296356439590454e-01
1.020215526223182678e-01
4.660130478441715240e-03
-1.742642819881439209e-01
2.798024564981460571e-02
5.281328409910202026e-02
1.394505351781845093e-01
-2.253965735435485840e-01
-7.853388041257858276e-02
1.947167366743087769e-01
3.461583331227302551e-02
-3.857941180467605591e-02
1.226300373673439026e-01
-4.499225411564111710e-03
-4.746301844716072083e-02
-2.425286024808883667e-01
2.158398628234863281e-01
-2.872556634247303009e-02
1.587080061435699463e-01
3.891759216785430908e-01
1.611744761466979980e-01
2.960228919982910156e-01
3.207112848758697510e-02
1.219795644283294678e-01
2.053164392709732056e-01
3.164816275238990784e-02
-6.790956854820251465e-02
-9.475198388099670410e-02
2.646282687783241272e-02
-2.740938365459442139e-01
-2.405584454536437988e-01
-1.284969300031661987e-01
4.368598014116287231e-02
-1.472741365432739258e-01
-2.175044827163219452e-02
1.176777929067611694e-01
-1.236581429839134216e-01
5.875209346413612366e-02
9.305763244628906250e-02
2.515941858291625977e-01
4.117440804839134216e-02
-7.757072150707244873e-02
6.370403617620468140e-02
9.971910715103149414e-02
-7.005869597196578979e-02
2.688872814178466797e-01
1.686184853315353394e-01
-2.399476915597915649e-01
9.142480045557022095e-02
-2.803961746394634247e-02
5.010280013084411621e-02
-1.173218637704849243e-01
5.529249459505081177e-02
8.034607768058776855e-02
-8.821280300617218018e-02
1.958659617230296135e-03
-1.930399090051651001e-01
-5.468032881617546082e-02
-1.488336920738220215e-01
