-6.585844606161117554e-02
-1.644402742385864258e-01
8.874678052961826324e-03
8.534865826368331909e-02
5.864846110343933105e-01
1.681577712297439575e-01
-6.711803376674652100e-02
3.209072723984718323e-02
7.614709436893463135e-03
5.714062228798866272e-02
-2.952574193477630615e-01
-2.259214669466018677e-01
8.293455839157104492e-02
-3.216553032398223877e-01
-8.579878136515617371e-03
-2.149025537073612213e-02
-1.704440414905548096e-01
2.181537449359893799e-01
-1.221926659345626831e-01
-6.376789510250091553e-02
2.808789312839508057e-01
2.301805764436721802e-01
1.031439378857612610e-01
2.237486988306045532e-01
-8.537267893552780151e-02
-2.986570894718170166e-01
4.753182232379913330e-01
1.249501705169677734e-01
-1.757052540779113770e-01
2.235695719718933105e-01
-7.776375114917755127e-02
-9.154009819030761719e-02
-1.232391446828842163e-01
3.294391185045242310e-02
-1.403362601995468140e-01
-4.040976762771606445e-01
1.499482989311218262e-01
-9.449006617069244385e-02
-6.983482092618942261e-02
-5.215678215026855469e-01
3.769448399543762207e-01
5.532307177782058716e-02
-5.984275788068771362e-02
1.298324465751647949e-01
9.383087605237960815e-02
-3.428589403629302979e-01
-1.470745205879211426e-01
6.834543496370315552e-02
4.589572250843048096e-01
1.055498048663139343e-01
8.165638893842697144e-02
7.749125361442565918e-02
-1.760965436697006226e-01
4.536325484514236450e-02
1.730748862028121948e-01
-2.309907674789428711e-01
7.898273319005966187e-02
-5.836085230112075806e-02
-7.070570439100265503e-02
2.123144268989562988e-01
7.135783880949020386e-02
3.325941264629364014e-01
-2.587715685367584229e-01
-8.324988186359405518e-02
9.261678159236907959e-02
