1.276946514844894409e-01
2.061830461025238037e-01
4.211470112204551697e-02
-4.526990950107574463e-01
-3.902860581874847412e-01
1.527481805533170700e-02
7.332827895879745483e-02
-2.071917951107025146e-01
-3.486296534538269043e-02
-3.277375176548957825e-02
-2.048092149198055267e-02
2.233173698186874390e-02
5.025954917073249817e-02
1.137393563985824585e-01
2.401106804609298706e-01
-1.476688086986541748e-01
1.620951741933822632e-01
-3.113209903240203857e-01
-2.453037500381469727e-01
-1.772464513778686523e-01
-1.233608648180961609e-01
-8.786423504352569580e-02
-3.808142989873886108e-02
4.782167077064514160e-02
-4.066518321633338928e-02
2.045918703079223633e-01
1.334300786256790161e-01
-4.150186777114868164e-01
-1.846141368150711060e-01
9.397038817405700684e-02
-4.749000072479248047e-01
2.664819359779357910e-02
9.293440729379653931e-02
