-2.815293967723846436e-01
1.404422968626022339e-01
-2.147544622421264648e-01
3.000302016735076904e-01
2.085983194410800934e-02
2.197936475276947021e-01
-2.474240958690643311e-02
1.480648666620254517e-01
-1.611851155757904053e-01
-2.749690786004066467e-02
-6.350807845592498779e-02
-2.527243690565228462e-03
1.052538305521011353e-01
1.996864825487136841e-01
-1.018680110573768616e-01
3.353722020983695984e-02
-4.116009548306465149e-02
-2.034673094749450684e-01
4.247191548347473145e-02
6.650470197200775146e-03
-6.222934648394584656e-02
-2.430157810449600220e-01
5.304924398660659790e-02
-4.259408414363861084e-01
-2.019422501325607300e-02
-7.711829990148544312e-02
-1.850682497024536133e-01
1.526767462491989136e-01
4.808523654937744141e-01
9.903767146170139313e-03
3.397806584835052490e-01
2.137215808033943176e-02
1.012290120124816895e-01
