-1.153009086847305298e-01
3.368940353393554688e-01
2.293126890435814857e-03
2.683951556682586670e-01
1.248933449387550354e-01
3.282845616340637207e-01
5.658024549484252930e-02
2.561272978782653809e-01
-1.029028370976448059e-01
-4.181112721562385559e-02
-2.369569428265094757e-02
1.462838239967823029e-02
-1.085263304412364960e-02
-4.921459592878818512e-03
2.860499620437622070e-01
3.349406123161315918e-01
2.108080871403217316e-02
-9.397815167903900146e-02
-1.168809011578559875e-01
-5.140126347541809082e-01
3.273018002510070801e-01
-1.251794993877410889e-01
-3.906126916408538818e-01
-1.642726957798004150e-01
5.940788388252258301e-01
-2.125871777534484863e-01
4.155324772000312805e-02
4.158392548561096191e-01
2.395288348197937012e-01
4.205557107925415039e-01
-6.228801012039184570e-01
-4.720543697476387024e-02
-9.097440540790557861e-02
