6.237520650029182434e-02
5.783484131097793579e-02
-5.580899864435195923e-02
1.622650176286697388e-01
-4.543203115463256836e-02
3.361493051052093506e-01
1.173961982131004333e-01
2.397012263536453247e-01
-8.912514150142669678e-02
8.478297851979732513e-03
-3.806630522012710571e-02
-9.424833208322525024e-02
-1.703889369964599609e-01
-1.599359959363937378e-01
-7.962290197610855103e-02
-2.456478178501129150e-01
-1.449365019798278809e-01
2.123163826763629913e-02
-4.764869436621665955e-02
7.255627214908599854e-02
8.528551459312438965e-02
-9.812856093049049377e-03
2.913512587547302246e-01
2.590554058551788330e-01
3.474962897598743439e-03
2.587071955204010010e-01
-5.323184132575988770e-01
-1.163932085037231445e-01
2.428444474935531616e-01
1.699026376008987427e-01
1.444653142243623734e-02
1.056989431381225586e-01
2.454967945814132690e-01
