-3.732573986053466797e-01
1.862007379531860352e-01
-2.847251594066619873e-01
3.977853059768676758e-01
2.765547111630439758e-02
2.912671566009521484e-01
-3.243740275502204895e-02
2.027508467435836792e-01
-2.304499596357345581e-01
-4.224574193358421326e-02
-1.218510791659355164e-01
-1.010588835924863815e-03
2.863095998764038086e-01
4.345382750034332275e-01
-1.497852057218551636e-01
8.486761897802352905e-02
3.255176823586225510e-03
-2.799524366855621338e-01
7.222373038530349731e-02
-1.303066685795783997e-02
-1.700583994388580322e-01
-4.508915245532989502e-01
1.005198583006858826e-01
-5.955082774162292480e-01
-2.419816143810749054e-02
-1.027362868189811707e-01
-2.462435066699981689e-01
2.027436792850494385e-01
6.375264525413513184e-01
1.313113328069448471e-02
4.504873156547546387e-01
2.833558246493339539e-02
1.342112571001052856e-01
