-1.854794770479202271e-01
6.682891398668289185e-02
7.734190206974744797e-03
-1.242707893252372742e-01
-1.437910646200180054e-01
1.815153211355209351e-01
-6.813621614128351212e-03
1.716774888336658478e-02
2.364657819271087646e-01
1.443529780954122543e-02
-7.472125440835952759e-02
1.735472679138183594e-01
-1.998211890459060669e-01
8.190993219614028931e-02
2.180463373661041260e-01
3.240782022476196289e-01
-1.071814913302659988e-02
3.939826413989067078e-02
5.540822818875312805e-02
1.670366227626800537e-01
1.104535460472106934e-01
3.706071376800537109e-01
-1.991374418139457703e-03
1.699613779783248901e-01
-1.897012442350387573e-02
-8.965131640434265137e-02
1.768174767494201660e-01
-3.105731010437011719e-01
2.187297046184539795e-01
-2.530196607112884521e-01
-6.388697028160095215e-02
-6.632637232542037964e-02
-2.991383075714111328e-01
-9.750378318130970001e-03
1.727105528116226196e-01
1.410926729440689087e-01
-9.470588527619838715e-03
2.518895864486694336e-01
3.046281039714813232e-01
-1.163554638624191284e-01
7.875052839517593384e-02
1.307887881994247437e-01
-1.047731190919876099e-01
-2.349174208939075470e-02
-8.390820771455764771e-02
-3.556456565856933594e-01
-8.379950374364852905e-02
1.595514565706253052e-01
4.471455886960029602e-02
5.463999113999307156e-04
1.485696434974670410e-01
-5.968664288520812988e-01
-2.290407270193099976e-01
1.383280456066131592e-01
3.501423448324203491e-02
-1.478650718927383423e-01
-1.668928414583206177e-01
1.628820202313363552e-03
2.276698648929595947e-01
4.329339861869812012e-01
-7.423532009124755859e-02
-2.620761096477508545e-02
2.264643013477325439e-01
-1.884285807609558105e-01
3.265195488929748535e-01
