1.205095723271369934e-01
2.243842333555221558e-01
-1.296495050191879272e-01
1.026583984494209290e-01
-2.464386820793151855e-02
1.560823023319244385e-01
2.956242859363555908e-01
-1.806664653122425079e-02
1.424042135477066040e-01
2.725049853324890137e-01
1.444278508424758911e-01
-2.803080976009368896e-01
-2.100901752710342407e-01
1.245660409331321716e-01
-3.559051826596260071e-02
-9.492161683738231659e-03
-5.217198282480239868e-03
4.584290832281112671e-02
4.440566152334213257e-02
2.100635133683681488e-02
1.799379289150238037e-02
1.832555048167705536e-02
1.267160568386316299e-02
2.206020988523960114e-02
1.879851706326007843e-02
2.217334881424903870e-02
2.874259091913700104e-02
3.421609103679656982e-02
3.110032528638839722e-02
3.604647936299443245e-03
7.202468067407608032e-02
1.554875373840332031e-01
2.326305657625198364e-01
-1.038507223129272461e-01
-3.973425924777984619e-02
-2.474994212388992310e-02
-1.884956099092960358e-02
-2.028788067400455475e-02
-1.154780481010675430e-02
-1.417689211666584015e-02
-1.071541663259267807e-02
-1.137228216975927353e-02
-1.258073374629020691e-02
-1.090541947633028030e-02
-8.616060949862003326e-03
6.325313448905944824e-02
5.448569208965636790e-05
9.148702025413513184e-02
-3.751436471939086914e-01
1.943386904895305634e-02
-1.067812666296958923e-01
1.360543817281723022e-01
5.961325019598007202e-02
1.403863430023193359e-01
-4.313099086284637451e-01
-2.281865328550338745e-01
-1.096684932708740234e-01
4.269194304943084717e-01
-5.767269991338253021e-03
-4.176817461848258972e-02
8.835364878177642822e-02
-1.868732571601867676e-01
-2.303054183721542358e-02
-1.707915216684341431e-01
-2.017129212617874146e-01
