-3.550667166709899902e-01
1.973159015178680420e-01
-1.207121834158897400e-01
-1.031195893883705139e-01
-2.154354006052017212e-01
-1.188835725188255310e-01
-1.332502663135528564e-01
1.886627972126007080e-01
-9.779486805200576782e-02
-4.805421829223632812e-02
-3.182923793792724609e-02
-1.596672981977462769e-01
6.956768780946731567e-02
-1.975007951259613037e-01
-2.224690616130828857e-01
-4.158628284931182861e-01
-1.932068467140197754e-01
1.317105442285537720e-01
-7.838798314332962036e-02
4.203167557716369629e-01
4.470483958721160889e-01
1.384784281253814697e-01
2.593334019184112549e-01
3.369739353656768799e-01
5.526544153690338135e-02
2.650552429258823395e-02
-4.750826209783554077e-02
1.249766200780868530e-01
9.212433546781539917e-02
-2.037817612290382385e-02
-4.353621304035186768e-01
1.395225971937179565e-01
1.519230753183364868e-01
