-4.320127889513969421e-03
-1.088057551532983780e-02
-1.362933497875928879e-02
-1.825744844973087311e-02
-2.041155844926834106e-02
-2.043904364109039307e-02
-1.882183365523815155e-02
-1.588505320250988007e-02
-1.924255490303039551e-02
-2.297711372375488281e-02
-2.327633090317249298e-02
-2.116788364946842194e-02
-2.538655698299407959e-02
-2.857285924255847931e-02
-2.768136560916900635e-02
-2.654435858130455017e-02
-2.797108143568038940e-02
-2.963238395750522614e-02
-3.169140964746475220e-02
-3.599032014608383179e-02
-3.717725723981857300e-02
-3.759948536753654480e-02
-4.208106920123100281e-02
-3.922013565897941589e-02
-4.095169156789779663e-02
-3.370568901300430298e-02
-1.947520673274993896e-02
3.952194470912218094e-03
2.528804540634155273e-02
8.941967785358428955e-02
2.231806516647338867e-01
-9.007712602615356445e-01
-1.104982256889343262e+00
4.839587807655334473e-01
2.687829732894897461e-01
1.493742913007736206e-01
1.063780933618545532e-01
8.113397657871246338e-02
6.860278546810150146e-02
5.750101432204246521e-02
5.012792348861694336e-02
4.643980041146278381e-02
4.723994061350822449e-02
4.548132047057151794e-02
4.209224134683609009e-02
4.128771275281906128e-02
4.237346351146697998e-02
3.876611962914466858e-02
3.806065022945404053e-02
3.776926174759864807e-02
3.402538970112800598e-02
3.221032768487930298e-02
3.028715960681438446e-02
2.740757912397384644e-02
2.443624846637248993e-02
2.576724626123905182e-02
2.806575596332550049e-02
1.576266996562480927e-02
-8.111963979899883270e-03
-2.136472798883914948e-02
-2.185499295592308044e-02
-2.724051661789417267e-02
-1.681978441774845123e-02
-2.242528274655342102e-02
-1.741779595613479614e-02
