2.322890609502792358e-02
5.130180716514587402e-02
-2.313597500324249268e-01
5.107151810079813004e-03
-3.305436810478568077e-03
1.255780309438705444e-01
1.503538191318511963e-01
1.358462721109390259e-01
-1.743441820144653320e-02
1.263500899076461792e-01
1.112809628248214722e-01
2.034771144390106201e-01
6.103437021374702454e-02
-2.344833873212337494e-02
8.594729006290435791e-02
-2.465704232454299927e-01
-2.771443128585815430e-01
-6.505384445190429688e-01
-6.538244485855102539e-01
-6.161025166511535645e-01
-7.403383851051330566e-01
-1.781039535999298096e-01
-1.105899438261985779e-01
1.119676157832145691e-01
4.475821740925312042e-03
-1.664343923330307007e-01
4.781399294734001160e-02
-1.217663064599037170e-01
2.599878981709480286e-02
7.551355659961700439e-02
-4.694567993283271790e-02
-1.171910986304283142e-01
6.795475631952285767e-02
