8.329419046640396118e-02
-1.635718345642089844e-02
3.038707189261913300e-02
-4.799662902951240540e-02
-1.962654739618301392e-01
-1.786679262295365334e-03
2.581913769245147705e-01
-3.372798562049865723e-01
-4.307175874710083008e-01
-5.555140972137451172e-01
-5.801806449890136719e-01
-1.105025291442871094e+00
-1.050502300262451172e+00
-8.026741147041320801e-01
-9.903333783149719238e-01
-8.447765111923217773e-01
-9.495393037796020508e-01
-8.518990874290466309e-01
-5.909845829010009766e-01
-4.442537426948547363e-01
-4.787579178810119629e-01
-1.339068263769149780e-01
5.113769769668579102e-01
6.284890770912170410e-01
3.594892323017120361e-01
-8.219812810420989990e-02
-1.305616199970245361e-01
5.830163601785898209e-03
-8.586191385984420776e-02
9.583223611116409302e-02
-5.797476042062044144e-03
1.668949872255325317e-01
1.336993277072906494e-01
