-1.476306002587080002e-03
-2.025212347507476807e-02
-2.528786100447177887e-02
1.174446381628513336e-02
-2.008511312305927277e-02
-4.288511723279953003e-02
-7.301558554172515869e-02
-1.658140420913696289e-01
-3.204681277275085449e-01
-2.838864028453826904e-01
-8.395650982856750488e-02
4.456607997417449951e-02
-1.239411830902099609e-01
-1.497793346643447876e-01
4.534041583538055420e-01
3.316561579704284668e-01
-6.099224686622619629e-01
-4.964717328548431396e-01
1.321189254522323608e-01
-1.371183395385742188e-01
-4.898462295532226562e-01
-2.993271350860595703e-01
-5.567057058215141296e-02
-3.929781913757324219e-02
-1.369007024914026260e-02
-1.069683581590652466e-02
4.358047246932983398e-02
-2.046759240329265594e-02
-2.093451097607612610e-02
-4.663503170013427734e-02
-1.948845386505126953e-02
-1.021037250757217407e-02
1.731724105775356293e-02
