6.049515213817358017e-03
-2.797757133521372452e-06
-5.621155258268117905e-03
-3.787018649745732546e-04
-5.195158068090677261e-03
-4.089239053428173065e-03
-7.602232508361339569e-03
-1.358734350651502609e-02
1.529158325865864754e-03
-1.798779331147670746e-02
-1.395030878484249115e-02
-1.253556367009878159e-02
1.175646029878407717e-04
-2.687929663807153702e-03
9.476680308580398560e-03
6.983845494687557220e-03
1.828125864267349243e-02
2.834314666688442230e-02
2.326794154942035675e-02
3.164469823241233826e-02
3.577609732747077942e-02
3.628421947360038757e-02
3.389287739992141724e-02
2.630030922591686249e-02
2.356692217290401459e-02
1.002646330744028091e-02
-1.130706910043954849e-02
-2.237088233232498169e-02
-4.682273790240287781e-02
-1.123057529330253601e-01
-2.514899671077728271e-01
9.395266771316528320e-01
1.101172447204589844e+00
-4.315024316310882568e-01
-2.343691885471343994e-01
-1.360702812671661377e-01
-8.624765276908874512e-02
-6.638295948505401611e-02
-5.342383310198783875e-02
-4.713874310255050659e-02
-4.369642585515975952e-02
-4.176877811551094055e-02
-3.415313735604286194e-02
-2.948716655373573303e-02
-2.614452689886093140e-02
-2.170972526073455811e-02
-1.952410675585269928e-02
-1.932371221482753754e-02
-1.999948360025882721e-02
-1.866863109171390533e-02
-1.849401742219924927e-02
-1.838612928986549377e-02
-1.321160793304443359e-02
-1.823012344539165497e-02
-7.552439812570810318e-03
-5.378334783017635345e-03
-3.667688462883234024e-03
-5.699948873370885849e-03
6.124157225713133812e-04
4.358067177236080170e-03
4.296992905437946320e-03
1.062655076384544373e-02
9.426161646842956543e-03
-3.042786382138729095e-03
9.376409463584423065e-03
