2.682778835296630859e-01
-2.399460375308990479e-01
6.148536503314971924e-02
-9.762023389339447021e-02
1.803535223007202148e-01
1.746607720851898193e-01
8.094345778226852417e-02
-2.881164550781250000e-01
-9.650284051895141602e-02
-2.044965922832489014e-01
-2.633327841758728027e-01
2.935021743178367615e-02
-1.848115772008895874e-01
-3.137046843767166138e-02
-1.548503339290618896e-01
-1.954412907361984253e-01
1.577652245759963989e-01
4.085995852947235107e-01
-5.516715720295906067e-02
4.587588906288146973e-01
8.303683996200561523e-02
6.931441426277160645e-01
7.543363571166992188e-01
1.031610131263732910e+00
1.068793535232543945e+00
1.421820521354675293e+00
1.191260457038879395e+00
9.071775674819946289e-01
1.300094127655029297e+00
9.235807061195373535e-01
1.025740623474121094e+00
1.250224828720092773e+00
1.074001550674438477e+00
3.752619326114654541e-01
4.955891966819763184e-01
4.400619566440582275e-01
3.552344143390655518e-01
5.211225748062133789e-01
2.815968096256256104e-01
4.131816029548645020e-01
4.120959043502807617e-01
3.157239854335784912e-01
9.164533019065856934e-02
6.108368560671806335e-02
-2.114009410142898560e-01
4.728880152106285095e-02
3.256183266639709473e-01
-1.300330609083175659e-01
4.147776588797569275e-02
-5.699951946735382080e-02
-7.089762389659881592e-02
1.085583865642547607e-01
1.761740818619728088e-02
-3.010184466838836670e-01
-9.015560150146484375e-02
8.692428469657897949e-02
1.366507560014724731e-01
5.363963171839714050e-02
-4.830867983400821686e-03
7.329209893941879272e-02
-1.474103629589080811e-01
2.078417316079139709e-02
1.504114270210266113e-01
2.050102800130844116e-01
-2.879919707775115967e-01
