2.361074090003967285e-02
3.928015753626823425e-02
5.880148708820343018e-02
6.747107207775115967e-02
5.591409280896186829e-02
5.000726133584976196e-02
2.104725129902362823e-02
-1.808289065957069397e-02
-7.124310731887817383e-02
-1.376505643129348755e-01
-1.291068941354751587e-01
-6.010827422142028809e-02
7.987429946660995483e-02
9.223698079586029053e-02
2.151098661124706268e-02
-3.948834538459777832e-01
-7.242114543914794922e-01
2.474421858787536621e-01
2.963432669639587402e-01
1.409722268581390381e-01
6.135950610041618347e-02
4.471608251333236694e-02
5.839389935135841370e-02
6.540636718273162842e-02
5.546189844608306885e-02
4.311423376202583313e-02
3.984244540333747864e-02
3.754332289099693298e-02
2.603582851588726044e-02
1.258996501564979553e-02
-4.558513872325420380e-03
2.775184344500303268e-03
-1.538771903142333031e-03
