-1.655260659754276276e-02
-1.414270848035812378e-01
2.548086084425449371e-02
-1.379171200096607208e-02
2.044159024953842163e-01
2.199534140527248383e-02
-2.280805557966232300e-01
1.412959545850753784e-01
-4.544267803430557251e-02
-1.059164013713598251e-02
-2.425104826688766479e-01
-1.018300354480743408e-01
5.330373719334602356e-02
-3.750908076763153076e-01
-2.314619719982147217e-02
2.359279692173004150e-01
1.746540665626525879e-01
1.657390147447586060e-01
6.339031457901000977e-01
7.781757116317749023e-01
6.556363105773925781e-01
2.866322100162506104e-01
-1.240977421402931213e-01
-1.768117696046829224e-01
-7.673211097717285156e-01
-4.247260689735412598e-01
-4.596906900405883789e-01
-3.313444852828979492e-01
-2.781322300434112549e-01
-2.385171502828598022e-01
-4.859653413295745850e-01
-4.365791678428649902e-01
-5.599682331085205078e-01
-4.271058142185211182e-01
-7.257687449455261230e-01
-5.461487174034118652e-01
-6.524277329444885254e-01
-5.437371730804443359e-01
-8.332148194313049316e-01
-6.385824680328369141e-01
-9.083435535430908203e-01
-8.709462285041809082e-01
-8.070428967475891113e-01
-8.960248827934265137e-01
-9.101607203483581543e-01
-9.879410266876220703e-01
-7.940110564231872559e-01
-7.122832536697387695e-01
-3.180829584598541260e-01
-3.987004756927490234e-01
-1.268407702445983887e-01
-1.597463041543960571e-01
-1.804526196792721748e-03
-1.178456172347068787e-01
1.346256881952285767e-01
1.314642652869224548e-02
1.356144715100526810e-02
-1.466223150491714478e-01
1.295199394226074219e-01
-5.816420167684555054e-02
1.877006329596042633e-02
4.145497381687164307e-01
-7.610614597797393799e-02
1.338995248079299927e-01
1.952355504035949707e-01
