4.067353531718254089e-02
-2.566049061715602875e-02
9.557387977838516235e-02
1.355907618999481201e-01
-2.325714565813541412e-02
4.475066065788269043e-02
-1.596943140029907227e-01
-4.868920892477035522e-03
2.135643661022186279e-01
2.878926135599613190e-02
1.606659740209579468e-01
-2.276972681283950806e-02
5.031520128250122070e-02
-8.797517046332359314e-03
-2.572190947830677032e-02
8.352790772914886475e-02
3.718369081616401672e-02
-6.261111795902252197e-02
5.348790064454078674e-02
4.677394032478332520e-02
5.771306529641151428e-02
-8.376310020685195923e-02
2.257040888071060181e-01
3.501333892345428467e-01
6.988601088523864746e-01
8.514183163642883301e-01
6.792476177215576172e-01
4.772777557373046875e-01
5.532996654510498047e-01
4.050990343093872070e-01
3.655897080898284912e-01
6.466320157051086426e-01
2.704100608825683594e-01
2.028726190328598022e-01
8.966321498155593872e-02
2.539965510368347168e-01
2.770227491855621338e-01
2.047077566385269165e-02
-2.433310002088546753e-01
-1.255810707807540894e-01
-3.250791728496551514e-01
-2.668755054473876953e-01
-2.039490938186645508e-01
-1.986681818962097168e-01
1.477045589126646519e-03
-6.302410364151000977e-02
-6.102016661316156387e-03
4.104253649711608887e-02
-5.371935293078422546e-02
-4.707547277212142944e-02
-5.088057368993759155e-02
9.466211497783660889e-02
1.150234341621398926e-01
2.594605833292007446e-02
-1.722312271595001221e-01
1.118411030620336533e-02
-5.174461752176284790e-02
-1.254585236310958862e-01
-8.188924193382263184e-02
1.496227979660034180e-01
2.008823677897453308e-03
-1.813989877700805664e-01
2.857182919979095459e-02
-9.671136736869812012e-03
-1.486796885728836060e-01
