1.951779611408710480e-02
9.321570396423339844e-03
-5.300936475396156311e-02
-3.647031262516975403e-02
-7.137850672006607056e-02
-1.386713981628417969e-01
1.614374108612537384e-02
1.690530590713024139e-02
2.028333991765975952e-01
2.461309581995010376e-01
3.314678966999053955e-01
4.694667756557464600e-01
1.564930677413940430e-01
-1.338032484054565430e-01
-3.635420799255371094e-01
5.808556079864501953e-02
-4.569027125835418701e-01
-4.027030766010284424e-01
-1.206642045872285962e-04
-4.799511134624481201e-01
-3.350086808204650879e-01
-2.168316692113876343e-01
-1.819632053375244141e-01
2.781309187412261963e-02
-4.230854287743568420e-02
1.001186743378639221e-01
-3.493972867727279663e-02
1.225281413644552231e-02
-5.342463403940200806e-02
1.621153578162193298e-02
5.296668782830238342e-02
3.464011475443840027e-02
-4.868001490831375122e-02
