-1.611372381448745728e-01
-1.344061791896820068e-01
1.092649474740028381e-01
1.322722155600786209e-02
6.760335713624954224e-02
-7.142387330532073975e-02
5.016324296593666077e-02
5.550072714686393738e-02
1.440800353884696960e-02
-1.274028234183788300e-02
-1.896428912878036499e-01
-7.645818591117858887e-02
6.534426659345626831e-02
4.254274070262908936e-02
1.431007087230682373e-01
-3.788293153047561646e-02
1.265576761215925217e-02
5.565371736884117126e-02
2.632378786802291870e-02
7.516141235828399658e-02
-1.243914738297462463e-01
3.807605803012847900e-02
7.355749607086181641e-02
4.270933195948600769e-02
1.192551758140325546e-02
1.326541006565093994e-01
9.657474607229232788e-02
-1.104594767093658447e-02
-7.468089461326599121e-02
-1.342085599899291992e-01
-2.266023159027099609e-01
-1.721532344818115234e-01
-2.520401477813720703e-01
-2.391212135553359985e-01
-5.141968131065368652e-01
-3.154393732547760010e-01
-2.690978646278381348e-01
-3.383004665374755859e-01
-6.011278033256530762e-01
-5.537285208702087402e-01
-3.950751423835754395e-01
-1.689251065254211426e-01
1.543963700532913208e-01
1.299042999744415283e-01
1.816041767597198486e-01
-2.862287312746047974e-02
1.130206063389778137e-01
-3.767470270395278931e-02
-1.029727831482887268e-01
-1.500779986381530762e-01
-8.717011660337448120e-02
6.854119151830673218e-02
1.151543632149696350e-01
1.101374700665473938e-01
1.060218214988708496e-01
-1.887426339089870453e-02
4.908283241093158722e-03
1.697747111320495605e-01
5.070173367857933044e-02
3.645319864153862000e-02
-7.425935566425323486e-02
-1.757755130529403687e-01
-9.750859439373016357e-02
-2.511167898774147034e-02
-1.469123065471649170e-01
