-4.207877442240715027e-03
-1.816440746188163757e-02
-1.981484517455101013e-02
-1.754769124090671539e-02
-2.114416658878326416e-02
-3.604780137538909912e-02
-6.419563293457031250e-02
-1.023472473025321960e-01
-1.470818519592285156e-01
-1.650971323251724243e-01
-1.110225170850753784e-01
-5.622560530900955200e-02
-1.477003470063209534e-02
-1.481455005705356598e-02
-1.117337048053741455e-01
-8.495519161224365234e-01
-7.416556477546691895e-01
2.104333341121673584e-01
2.849941849708557129e-01
2.779980599880218506e-01
2.510020136833190918e-01
1.743447631597518921e-01
1.330055147409439087e-01
1.201476231217384338e-01
1.075010001659393311e-01
9.621803462505340576e-02
7.387044280767440796e-02
3.934161737561225891e-02
1.679944805800914764e-02
1.266275532543659210e-02
6.949176546186208725e-03
7.495771162211894989e-03
7.714202161878347397e-03
