-4.224089533090591431e-02
-1.742998957633972168e-01
1.000330299139022827e-01
9.153921157121658325e-02
-2.513193488121032715e-01
-5.466331914067268372e-02
-1.283479183912277222e-01
-1.469415724277496338e-01
-3.796599805355072021e-02
-1.280189603567123413e-01
-2.532098591327667236e-01
-2.203008979558944702e-01
-1.187308132648468018e-01
-3.254383206367492676e-01
-2.149509340524673462e-01
-1.273851990699768066e-01
-3.634765744209289551e-02
8.897588402032852173e-02
1.769206225872039795e-01
2.862724065780639648e-01
-5.057358741760253906e-02
3.008438348770141602e-01
4.081834256649017334e-01
-6.401776522397994995e-02
1.077491566538810730e-01
-1.539020538330078125e-01
-2.919929027557373047e-01
-3.418270051479339600e-01
-5.879682898521423340e-01
-5.414648652076721191e-01
-6.200420856475830078e-01
-7.112881541252136230e-01
-8.741832971572875977e-01
-8.347494602203369141e-01
-1.203667640686035156e+00
-1.286732792854309082e+00
-9.201012849807739258e-01
-1.499898672103881836e+00
-1.283792734146118164e+00
-1.477589011192321777e+00
-1.493587136268615723e+00
-1.526620149612426758e+00
-1.509099245071411133e+00
-1.913464188575744629e+00
-1.837166428565979004e+00
-1.274333238601684570e+00
-1.202341675758361816e+00
-9.198023080825805664e-01
-6.156076788902282715e-01
-2.004853487014770508e-01
-4.418524205684661865e-01
-4.578717797994613647e-02
-5.254446268081665039e-01
-9.043452888727188110e-02
-3.132070899009704590e-01
-8.659576624631881714e-02
-1.386969536542892456e-01
-1.501694470643997192e-01
2.530782520771026611e-01
-2.987505123019218445e-02
-2.555428743362426758e-01
2.247528582811355591e-01
2.030683308839797974e-01
-3.357959091663360596e-01
-1.356090754270553589e-01
