4.513656720519065857e-03
5.065757781267166138e-03
9.681731462478637695e-04
-5.296705290675163269e-03
6.776336231268942356e-04
-1.637545600533485413e-02
-2.290614508092403412e-02
-2.793811075389385223e-02
-3.175615519285202026e-02
-3.773838281631469727e-02
-4.091769829392433167e-02
-3.747252747416496277e-02
-4.504229128360748291e-02
-4.385022819042205811e-02
-4.858794435858726501e-02
-5.388746038079261780e-02
-4.533269628882408142e-02
-4.786610230803489685e-02
-4.897084087133407593e-02
-5.294337123632431030e-02
-5.725072696805000305e-02
-5.717463418841362000e-02
-5.996076390147209167e-02
-6.453205645084381104e-02
-6.393935531377792358e-02
-7.407499849796295166e-02
-8.891776949167251587e-02
-1.057118475437164307e-01
-1.666799336671829224e-01
-2.037067860364913940e-01
-2.908405065536499023e-01
1.060219645500183105e+00
1.126909375190734863e+00
-3.123432397842407227e-01
-1.021062806248664856e-01
2.622073981910943985e-03
2.494766749441623688e-02
3.733432292938232422e-02
4.291525483131408691e-02
4.416291043162345886e-02
4.976822435855865479e-02
4.498193040490150452e-02
4.888354241847991943e-02
4.796222224831581116e-02
4.963246732950210571e-02
4.734919220209121704e-02
4.646383598446846008e-02
4.240975901484489441e-02
3.741963207721710205e-02
3.908335417509078979e-02
3.547737002372741699e-02
3.582353889942169189e-02
3.415526822209358215e-02
3.861344233155250549e-02
4.028948768973350525e-02
3.744024783372879028e-02
4.048155620694160461e-02
3.445667400956153870e-02
3.950123116374015808e-02
3.238695487380027771e-02
3.199987858533859253e-02
1.655163429677486420e-02
1.680264063179492950e-02
1.350344158709049225e-02
6.413001567125320435e-03
