-1.560107339173555374e-04
-2.389052882790565491e-03
-2.038792008534073830e-03
-7.652646396309137344e-03
-7.218468934297561646e-03
-7.831696420907974243e-03
-1.352836936712265015e-02
-1.849482953548431396e-02
-1.863552629947662354e-02
-2.555271796882152557e-02
-2.453287132084369659e-02
-3.538250923156738281e-02
-3.847349807620048523e-02
-3.827271983027458191e-02
-4.693973436951637268e-02
-4.922144114971160889e-02
-5.127578973770141602e-02
-5.518221855163574219e-02
-5.020031705498695374e-02
-5.729428678750991821e-02
-5.732260644435882568e-02
-5.687727406620979309e-02
-6.172876432538032532e-02
-6.660116463899612427e-02
-7.677106559276580811e-02
-9.048905223608016968e-02
-1.154619827866554260e-01
-1.516871452331542969e-01
-1.882764846086502075e-01
-2.507886588573455811e-01
-3.108453750610351562e-01
-7.843675017356872559e-01
-8.941680788993835449e-01
-1.705000847578048706e-01
-1.216645166277885437e-01
-9.627050161361694336e-02
-6.534444540739059448e-02
-6.264125555753707886e-02
-5.811882019042968750e-02
-5.003504827618598938e-02
-3.223407641053199768e-02
-2.239153906702995300e-02
-1.012107264250516891e-02
-9.816916659474372864e-03
-5.873226560652256012e-03
-8.905529044568538666e-03
-9.976389817893505096e-03
-9.511427022516727448e-03
-8.465030230581760406e-03
-1.614847034215927124e-02
-1.626891642808914185e-02
-1.243996340781450272e-02
-1.341251097619533539e-02
-1.762933097779750824e-02
-1.014033611863851547e-02
-1.760271564126014709e-02
-1.990681514143943787e-02
-1.464738789945840836e-02
-1.330062095075845718e-02
-1.221696939319372177e-02
-1.915967091917991638e-02
-2.416876517236232758e-02
-1.957174204289913177e-02
-2.038093470036983490e-02
-9.508242830634117126e-03
