-7.567011707354012183e-44
7.847271400218975597e-44
7.567011707354012183e-44
7.567011707354012183e-44
1.258134655485187992e-12
1.529166474938392639e-02
5.699557252228260040e-03
3.609750419855117798e-02
3.296742588281631470e-02
3.577551618218421936e-02
3.532230854034423828e-02
2.433059364557266235e-02
2.769573777914047241e-02
2.562229521572589874e-02
2.092320099472999573e-02
1.597853563725948334e-02
1.427070144563913345e-02
1.417148485779762268e-02
1.551607903093099594e-02
2.350276336073875427e-02
2.646939456462860107e-02
3.038140758872032166e-02
3.948337957262992859e-02
5.458879098296165466e-02
6.563502550125122070e-02
8.926106244325637817e-02
1.109071969985961914e-01
1.557871252298355103e-01
2.325430065393447876e-01
3.589442670345306396e-01
6.113276481628417969e-01
-1.464372277259826660e+00
-9.409974217414855957e-01
2.051583826541900635e-01
8.490890264511108398e-02
6.193356122821569443e-03
-2.823141962289810181e-02
-3.287474438548088074e-02
-2.979346178472042084e-02
-2.954634837806224823e-02
-2.579644881188869476e-02
-1.765905134379863739e-02
-1.780139654874801636e-02
-2.110731415450572968e-02
-2.177917025983333588e-02
-1.819371432065963745e-02
-7.214424200356006622e-03
-1.213920582085847855e-02
-1.297314558178186417e-02
-7.362713571637868881e-03
-7.107001263648271561e-03
4.156646318733692169e-03
-1.945485593751072884e-03
-5.964100826531648636e-03
-2.041561761870980263e-03
-7.845517247915267944e-03
-1.406113896518945694e-02
-1.797596551477909088e-02
-1.622694171965122223e-02
-1.086228154599666595e-02
-4.302770644426345825e-02
-1.111780405044555664e-01
8.546467125415802002e-02
-6.165694794617593288e-04
7.286752014489048769e-44
