2.806615317240357399e-03
-1.503857523202896118e-01
-5.708065815269947052e-03
3.961220383644104004e-02
-3.058199025690555573e-02
-9.339170530438423157e-03
-1.394776254892349243e-02
6.415808456949889660e-04
-3.421910107135772705e-02
-4.414841532707214355e-02
-4.066948220133781433e-02
-4.966563731431961060e-02
-1.853210292756557465e-02
4.366850107908248901e-02
2.276408672332763672e-01
-1.124665617942810059e+00
-1.254680991172790527e+00
6.630090475082397461e-01
4.147020280361175537e-01
2.366273850202560425e-01
1.415959298610687256e-01
1.088078543543815613e-01
9.529747068881988525e-02
7.360870391130447388e-02
5.607843399047851562e-02
4.224631935358047485e-02
3.773746266961097717e-02
2.316738851368427277e-02
-3.201779618393629789e-04
4.884868394583463669e-03
-3.671321645379066467e-02
1.417680177837610245e-02
8.960139937698841095e-03
