-8.498259121552109718e-04
2.319876104593276978e-03
1.202460005879402161e-02
2.033807709813117981e-02
4.136770591139793396e-02
5.136233940720558167e-02
7.178750634193420410e-02
8.334568142890930176e-02
8.569448441267013550e-02
9.114474803209304810e-02
6.595838069915771484e-02
4.342630133032798767e-02
2.549932710826396942e-02
6.580245681107044220e-03
4.892475157976150513e-02
9.067671298980712891e-01
6.554840803146362305e-01
-1.463876068592071533e-01
-2.299751192331314087e-01
-2.714209258556365967e-01
-2.267205119132995605e-01
-1.721053570508956909e-01
-1.383384019136428833e-01
-1.139977276325225830e-01
-9.732227027416229248e-02
-8.559071272611618042e-02
-8.357374370098114014e-02
-7.103088498115539551e-02
-7.321623712778091431e-02
-6.486222147941589355e-02
-5.793462693691253662e-02
-4.664464294910430908e-02
-3.204108029603958130e-02
