3.321968251839280128e-03
4.854629281908273697e-03
-1.309043611399829388e-03
5.916605237871408463e-03
3.300810465589165688e-03
6.023935275152325630e-04
7.169712334871292114e-03
9.960830211639404297e-03
1.030067447572946548e-02
1.173320971429347992e-02
1.141117978841066360e-02
1.259497925639152527e-02
1.372491382062435150e-02
1.268433127552270889e-02
1.713386736810207367e-02
1.920737139880657196e-02
1.819670200347900391e-02
1.732071116566658020e-02
1.094314735382795334e-02
8.947196416556835175e-03
7.968355901539325714e-03
4.478481132537126541e-03
3.945983480662107468e-03
5.647549405694007874e-03
8.907032199203968048e-03
1.885724253952503204e-02
3.857870027422904968e-02
6.649589538574218750e-02
9.816161543130874634e-02
1.255040019750595093e-01
1.557473242282867432e-01
-6.125003099441528320e-01
-6.112939715385437012e-01
-2.354904264211654663e-02
1.857919245958328247e-02
4.262307658791542053e-02
3.875115513801574707e-02
1.003957726061344147e-02
-2.301950380206108093e-02
-4.060762375593185425e-02
-3.511527553200721741e-02
-2.549217455089092255e-02
-8.414055220782756805e-03
8.719921112060546875e-03
2.045844495296478271e-02
2.697023935616016388e-02
2.380318939685821533e-02
1.238625124096870422e-02
-3.688203578349202871e-04
-1.181794516742229462e-02
-2.272879518568515778e-02
-1.061056926846504211e-02
-1.432822458446025848e-02
-2.429589442908763885e-02
-6.327131995931267738e-04
-5.322975572198629379e-03
-1.902747899293899536e-03
-1.235374598763883114e-03
-1.422577537596225739e-03
-4.350820556282997131e-03
-7.353771012276411057e-03
3.486990928649902344e-03
-1.942390343174338341e-03
-1.417307183146476746e-02
5.955773871392011642e-03
