-1.277162134647369385e-02
-1.480582170188426971e-02
-1.266868691891431808e-02
-1.092661172151565552e-02
-1.434244308620691299e-02
-1.156816165894269943e-02
-1.159472484141588211e-02
-6.454470101743936539e-03
-1.653822325170040131e-02
-1.388601213693618774e-02
-1.358536724001169205e-02
-1.965056918561458588e-02
-2.218939550220966339e-02
-2.546881884336471558e-02
-2.781317010521888733e-02
-3.166316822171211243e-02
-3.078307025134563446e-02
-3.400230035185813904e-02
-3.834640234708786011e-02
-3.609696030616760254e-02
-4.005221277475357056e-02
-4.758522287011146545e-02
-5.264954641461372375e-02
-5.836813524365425110e-02
-6.968403607606887817e-02
-7.607050240039825439e-02
-9.120579808950424194e-02
-1.157770454883575439e-01
-1.532790660858154297e-01
-2.217963933944702148e-01
-3.634227514266967773e-01
1.085031151771545410e+00
1.028863668441772461e+00
-2.098419666290283203e-01
-7.435931265354156494e-02
-1.013550814241170883e-02
1.371066924184560776e-02
3.479406610131263733e-02
4.347078874707221985e-02
4.384331032633781433e-02
4.660741239786148071e-02
4.814158380031585693e-02
4.287136718630790710e-02
4.130443930625915527e-02
3.626990690827369690e-02
3.309397771954536438e-02
2.385752089321613312e-02
2.728902548551559448e-02
1.610866747796535492e-02
1.869891397655010223e-02
1.507056318223476410e-02
1.297109574079513550e-02
1.182841975241899490e-02
5.862958263605833054e-03
5.621341988444328308e-03
8.091719821095466614e-03
5.802064551971852779e-04
1.497054472565650940e-03
6.746809463948011398e-03
1.010360382497310638e-02
1.468162424862384796e-02
1.942509971559047699e-02
-5.934755783528089523e-03
-7.563637569546699524e-03
3.048504330217838287e-02
