-8.310137316584587097e-03
7.434403058141469955e-03
-2.942643873393535614e-02
5.962785799056291580e-03
-1.624322496354579926e-02
-4.403920471668243408e-02
-1.024202909320592880e-02
-2.944344654679298401e-03
-2.493489533662796021e-02
-2.326521463692188263e-02
-4.307834431529045105e-02
-3.343278169631958008e-02
-3.542932495474815369e-02
-2.383216284215450287e-02
-1.606776192784309387e-02
-1.654722169041633606e-02
-1.911615021526813507e-02
-2.046186290681362152e-02
-2.139390446245670319e-02
-2.762919105589389801e-02
-3.338611498475074768e-02
-3.910049051046371460e-02
-4.080965742468833923e-02
-4.898946359753608704e-02
-6.545199453830718994e-02
-8.159548044204711914e-02
-1.098790764808654785e-01
-1.468536108732223511e-01
-1.937037855386734009e-01
-3.017391562461853027e-01
-5.413272976875305176e-01
1.342459917068481445e+00
1.119779825210571289e+00
-2.497011721134185791e-01
-5.718847736716270447e-02
5.086358170956373215e-03
2.943012304604053497e-02
3.859175369143486023e-02
3.713979572057723999e-02
3.942287340760231018e-02
3.493934869766235352e-02
3.215734660625457764e-02
2.275614254176616669e-02
1.127261295914649963e-02
4.657049663364887238e-03
-9.841101709753274918e-04
1.523609505966305733e-03
1.451793313026428223e-02
2.066381089389324188e-02
1.959587447345256805e-02
2.068414166569709778e-02
2.233824878931045532e-02
2.405547536909580231e-02
1.939854398369789124e-02
3.103677183389663696e-02
2.603700011968612671e-02
2.197871543467044830e-02
3.638471662998199463e-02
4.964925348758697510e-02
-1.539647200843319297e-04
2.526564896106719971e-02
7.551953662186861038e-03
-3.979507710027974099e-06
5.885453550164231698e-44
7.426881860921530476e-44
