4.917251691222190857e-02
-5.144274234771728516e-02
-4.648851230740547180e-02
-1.027231439948081970e-01
-2.696554921567440033e-02
7.505517452955245972e-02
-4.311978071928024292e-02
-7.417979836463928223e-02
-4.308421537280082703e-02
8.967597782611846924e-02
6.145177036523818970e-02
-6.663112342357635498e-02
6.269937008619308472e-02
-2.530984580516815186e-02
2.694458514451980591e-02
3.558887913823127747e-02
3.958701342344284058e-02
-1.030189823359251022e-02
-2.528205141425132751e-02
4.294441267848014832e-02
1.314242482185363770e-01
1.074905917048454285e-01
2.506375312805175781e-01
3.310278058052062988e-01
5.446381568908691406e-01
3.076690733432769775e-01
7.579910755157470703e-02
-1.046714261174201965e-01
-3.326166793704032898e-02
3.528790473937988281e-01
2.871052920818328857e-01
2.838762998580932617e-01
4.931531101465225220e-02
-1.549439579248428345e-01
-3.633446246385574341e-02
4.176899194717407227e-01
4.330264329910278320e-01
1.064104437828063965e-01
-3.308165669441223145e-01
-4.140451252460479736e-01
-2.267525196075439453e-01
-1.138979494571685791e-01
5.876179412007331848e-02
1.085793301463127136e-01
1.738615483045578003e-01
1.382420212030410767e-01
-1.341488491743803024e-02
-4.740840196609497070e-02
7.693704962730407715e-02
2.483755350112915039e-02
-1.217429637908935547e-01
7.573211193084716797e-02
1.221073940396308899e-01
-4.377444088459014893e-02
-1.107864826917648315e-02
8.039196580648422241e-02
6.961298733949661255e-02
8.073048293590545654e-02
3.256740421056747437e-02
8.762601017951965332e-02
1.888621039688587189e-02
-3.377004340291023254e-02
-6.510456651449203491e-02
-4.363609105348587036e-02
-8.899075537919998169e-02
