-2.287404052913188934e-02
-1.161520369350910187e-02
-1.807261444628238678e-02
-2.199908532202243805e-02
-3.478273749351501465e-02
-4.397116601467132568e-02
-3.376704081892967224e-02
3.359257476404309273e-03
2.881879732012748718e-02
2.246917225420475006e-03
-6.399090588092803955e-02
-8.649758249521255493e-02
-6.707295030355453491e-02
-8.616424351930618286e-02
-1.262649297714233398e-01
-5.021483302116394043e-01
-6.154442429542541504e-01
-6.239975616335868835e-02
6.407742947340011597e-02
-1.414841692894697189e-02
-2.644593268632888794e-02
-1.272163540124893188e-02
-5.927431397140026093e-03
-7.353648077696561813e-03
-9.346839971840381622e-03
-7.709562312811613083e-03
-1.555497385561466217e-02
-1.536326482892036438e-02
-1.024011988192796707e-02
-4.282462876290082932e-03
-7.036496419459581375e-03
2.998347859829664230e-03
1.831122790463268757e-03
