1.631927639245986938e-01
-7.478995621204376221e-02
1.048902701586484909e-02
3.189076855778694153e-02
7.438356056809425354e-03
1.101896911859512329e-02
3.110037557780742645e-02
2.332814037799835205e-02
1.346583571285009384e-02
2.102115191519260406e-02
5.941641703248023987e-02
5.079367384314537048e-02
1.576068252325057983e-01
1.893707662820816040e-01
1.271519809961318970e-01
-2.010131180286407471e-01
-3.461002409458160400e-01
-6.640204042196273804e-02
-1.719794422388076782e-01
1.373455580323934555e-02
1.058170646429061890e-01
2.225140482187271118e-02
-4.718909040093421936e-02
4.493761062622070312e-02
-1.312418561428785324e-02
-9.730226546525955200e-02
-1.198225282132625580e-02
6.610742211341857910e-02
2.883586660027503967e-02
1.347119919955730438e-03
2.309929765760898590e-02
1.948425173759460449e-02
-1.711169444024562836e-02
