4.562449082732200623e-02
-1.955411583185195923e-02
1.080295741558074951e-01
1.482805162668228149e-01
-2.752519957721233368e-02
1.485380809754133224e-02
-2.102384716272354126e-01
1.833743602037429810e-02
3.823762834072113037e-01
2.038502991199493408e-01
2.012021541595458984e-01
1.669844537973403931e-01
8.202843666076660156e-01
7.830279469490051270e-01
2.383151203393936157e-01
5.198133587837219238e-01
3.382417261600494385e-01
-1.140548754483461380e-02
2.026989758014678955e-01
8.857366442680358887e-02
-4.778378307819366455e-01
-3.486671447753906250e-01
-1.751821488142013550e-01
9.734361618757247925e-02
2.247651368379592896e-01
2.070662081241607666e-01
1.469114720821380615e-01
-2.527017612010240555e-03
7.028619199991226196e-02
-1.010664179921150208e-01
-7.004749774932861328e-02
-1.204764656722545624e-02
-1.456526368856430054e-01
