-2.379688806831836700e-02
-1.887882500886917114e-01
-1.476343721151351929e-01
1.104863211512565613e-01
3.018133342266082764e-02
-1.864757947623729706e-02
7.059594150632619858e-03
1.432632505893707275e-01
1.135275363922119141e-01
-9.121221303939819336e-02
-6.670384109020233154e-02
-3.481616675853729248e-01
-3.669407367706298828e-01
-5.904590487480163574e-01
-4.572857916355133057e-01
-2.435895502567291260e-01
-3.042056262493133545e-01
-2.644351422786712646e-01
-4.016502574086189270e-02
4.099606485397089273e-06
5.018467828631401062e-02
-9.340938180685043335e-02
2.682503163814544678e-01
4.145660102367401123e-01
-1.238184645771980286e-01
-1.846943944692611694e-01
7.246211171150207520e-02
2.291786670684814453e-01
2.109342068433761597e-01
-1.991050504148006439e-02
-1.372900605201721191e-01
1.151285842061042786e-01
9.925402700901031494e-03
