-7.567011707354012183e-44
7.847271400218975597e-44
7.567011707354012183e-44
7.567011707354012183e-44
7.879213512751448434e-07
3.263060748577117920e-02
1.736233197152614594e-02
1.897169835865497589e-02
3.671474382281303406e-02
3.209505975246429443e-02
2.807564288377761841e-02
2.963620610535144806e-02
2.976989187300205231e-02
2.310950495302677155e-02
1.936002448201179504e-02
1.302034687250852585e-02
1.272859238088130951e-02
1.722261495888233185e-02
1.734307780861854553e-02
2.325259894132614136e-02
2.071616426110267639e-02
3.246730193495750427e-02
3.928846493363380432e-02
5.617991089820861816e-02
6.506498157978057861e-02
9.125480800867080688e-02
1.149096190929412842e-01
1.614447832107543945e-01
2.308617234230041504e-01
3.622885346412658691e-01
6.099946498870849609e-01
-1.470703482627868652e+00
-9.411651492118835449e-01
2.011133134365081787e-01
8.081658929586410522e-02
1.054674107581377029e-02
-2.798315696418285370e-02
-3.327533975243568420e-02
-3.360240161418914795e-02
-2.844154089689254761e-02
-2.177320979535579681e-02
-1.820507459342479706e-02
-1.785876043140888214e-02
-1.950232870876789093e-02
-1.835602335631847382e-02
-1.684589870274066925e-02
-1.672330871224403381e-02
-1.354198530316352844e-02
-6.929357070475816727e-03
-4.916019737720489502e-03
-3.585867583751678467e-03
1.671400503255426884e-03
-1.565777463838458061e-03
9.244313696399331093e-04
-3.568021114915609360e-03
-9.810209274291992188e-03
-7.993975654244422913e-03
-1.478123106062412262e-02
-1.788354665040969849e-02
-1.576810143887996674e-02
-1.219348330050706863e-02
-8.573681861162185669e-02
2.711872011423110962e-02
3.483719940498519610e-20
7.286752014489048769e-44
