7.881040871143341064e-02
3.747162595391273499e-02
2.701259031891822815e-02
4.739056527614593506e-02
1.844650320708751678e-02
8.323084563016891479e-03
6.084004044532775879e-02
5.102713778614997864e-02
4.898720607161521912e-02
2.900925278663635254e-02
1.056634541600942612e-02
-5.518710531760007143e-05
-7.708207238465547562e-03
-7.233749143779277802e-03
-7.693006657063961029e-03
-1.151189580559730530e-02
-5.642341566272079945e-04
4.528872668743133545e-03
1.321845781058073044e-02
2.638644166290760040e-02
3.741173073649406433e-02
4.906078055500984192e-02
5.680751800537109375e-02
6.414806842803955078e-02
6.778094172477722168e-02
7.059599459171295166e-02
8.335611224174499512e-02
1.277391910552978516e-01
1.992295533418655396e-01
3.281942605972290039e-01
5.556988120079040527e-01
-6.845931410789489746e-01
-4.068542122840881348e-01
3.247074484825134277e-01
1.942384690046310425e-01
7.055685669183731079e-02
8.551960811018943787e-03
-2.717274613678455353e-02
-4.856678098440170288e-02
-5.590267851948738098e-02
-4.963058978319168091e-02
-4.614550992846488953e-02
-3.791038691997528076e-02
-2.398582361638545990e-02
-7.633822970092296600e-03
-2.484765136614441872e-04
6.641970016062259674e-03
5.775068886578083038e-03
1.158243604004383087e-02
9.924941696226596832e-03
9.783511981368064880e-03
9.538413025438785553e-03
1.036614272743463516e-02
-1.102089066989719868e-03
-2.320479974150657654e-02
-7.367439568042755127e-02
-4.326535388827323914e-03
-6.371007114648818970e-02
1.190692409873008728e-01
1.824283972382545471e-02
-6.150901690125465393e-02
-3.284146310761570930e-03
3.365476056933403015e-02
1.768188327550888062e-01
-6.667818874120712280e-02
