4.909686394967138767e-04
2.831064863130450249e-03
-1.758844708092510700e-03
-3.003539983183145523e-03
4.281051456928253174e-03
-5.297323688864707947e-03
-5.907196085900068283e-03
2.054735086858272552e-03
-5.367699544876813889e-03
5.986236501485109329e-04
-5.657051224261522293e-03
-2.010220196098089218e-03
8.512916974723339081e-03
1.100554317235946655e-02
1.020569074898958206e-02
1.401460380293428898e-03
-9.147229604423046112e-03
-1.506319083273410797e-02
-1.182586606591939926e-02
-5.500472150743007660e-03
2.400220138952136040e-03
6.655169185250997543e-03
1.220812555402517319e-02
1.394753251224756241e-02
1.221330370754003525e-02
2.756739733740687370e-03
-1.413573790341615677e-02
-2.791642397642135620e-02
-2.527828514575958252e-02
1.407377328723669052e-02
6.999597698450088501e-02
7.088358998298645020e-01
3.836553692817687988e-01
6.358606624417006969e-04
-4.632889479398727417e-02
-5.835693702101707458e-02
-4.447953030467033386e-02
-2.666038088500499725e-02
-1.562442351132631302e-02
-8.902594447135925293e-03
-6.341451313346624374e-03
-5.538443569093942642e-03
-5.264988169074058533e-03
-3.567352890968322754e-03
-3.519964870065450668e-03
-5.432838224805891514e-04
2.974308335979003459e-05
-1.767221721820533276e-03
2.470009785611182451e-04
-2.181776333600282669e-03
-5.092083476483821869e-03
-3.169874427840113640e-03
-7.219487801194190979e-03
-3.803933970630168915e-03
-2.379230223596096039e-03
2.490852028131484985e-03
2.473444212228059769e-03
7.482644869014620781e-04
-3.271869209129363298e-04
-2.329365117475390434e-03
-5.675179883837699890e-03
-5.124715622514486313e-03
-3.077856032177805901e-03
8.903413545340299606e-04
5.637284484691917896e-04
