-1.816365122795104980e-02
2.115930430591106415e-02
2.192950844764709473e-01
1.652117073535919189e-02
2.287681913003325462e-03
-8.580599911510944366e-03
6.414508074522018433e-02
8.232474327087402344e-02
1.114230602979660034e-01
-1.092740297317504883e-01
-2.755741178989410400e-01
-3.018427491188049316e-01
-4.586828947067260742e-01
-3.300411403179168701e-01
-3.958668410778045654e-01
-3.947383761405944824e-01
-3.003623485565185547e-01
8.602716028690338135e-03
-2.754781246185302734e-01
-1.512375324964523315e-01
1.842357665300369263e-01
4.536669850349426270e-01
1.614094078540802002e-01
-3.883956000208854675e-02
6.603285670280456543e-03
-1.424787640571594238e-01
-1.412869244813919067e-01
-5.530142690986394882e-03
1.677154302597045898e-01
-8.879556506872177124e-02
1.196101605892181396e-01
-7.625459879636764526e-02
5.491427332162857056e-02
