1.372397784143686295e-02
2.888865768909454346e-02
5.689923092722892761e-02
6.596157699823379517e-02
9.399725496768951416e-02
9.412021934986114502e-02
7.869981229305267334e-02
4.819510504603385925e-02
-3.010518290102481842e-02
1.926424447447061539e-03
8.074571192264556885e-02
2.379537224769592285e-01
2.933362126350402832e-01
2.728761732578277588e-01
1.304354369640350342e-01
-5.337709784507751465e-01
-6.743932962417602539e-01
-2.957052364945411682e-02
1.263147443532943726e-01
-5.296843592077493668e-03
-9.139737486839294434e-02
-9.043573588132858276e-02
-3.799082338809967041e-02
-3.009380772709846497e-02
-5.312758963555097580e-03
-3.002027748152613640e-03
-1.007114071398973465e-02
-5.842937622219324112e-03
-1.392984855920076370e-02
-9.844759479165077209e-03
-1.349685993045568466e-02
-1.460810471326112747e-02
-7.773475255817174911e-03
