-1.925540268421173096e-01
7.988604903221130371e-02
1.288207769393920898e-01
9.763077832758426666e-03
-6.510838866233825684e-02
4.472021386027336121e-02
5.403322353959083557e-02
1.278223544359207153e-01
1.096495538949966431e-01
2.552879750728607178e-01
4.067710936069488525e-01
6.289761662483215332e-01
6.848601102828979492e-01
5.780460834503173828e-01
6.217154264450073242e-01
6.305724382400512695e-01
4.956495463848114014e-01
3.903827667236328125e-01
4.968160092830657959e-01
1.889896690845489502e-01
-8.959773182868957520e-02
-2.000758349895477295e-01
-1.825812309980392456e-01
-3.577577769756317139e-01
-2.251121401786804199e-01
-3.825964033603668213e-02
7.503161579370498657e-02
4.961546882987022400e-02
8.944645524024963379e-02
-4.360586777329444885e-02
-4.495854675769805908e-02
-2.301048785448074341e-01
2.228848040103912354e-01
