2.325413050130009651e-03
3.354987420607358217e-04
-7.582211401313543320e-04
2.914020325988531113e-03
4.829643759876489639e-03
5.586352781392633915e-04
-6.603721412830054760e-04
2.649992471560835838e-03
8.509395411238074303e-04
6.337554194033145905e-03
5.539051257073879242e-03
4.438836127519607544e-03
8.433614857494831085e-03
1.180772297084331512e-02
-3.408394381403923035e-02
-7.513654232025146484e-01
-1.435435563325881958e-01
9.186529368162155151e-02
1.147812157869338989e-01
2.733395248651504517e-02
3.778302296996116638e-02
5.534528195858001709e-02
2.441388927400112152e-02
2.026763046160340309e-03
-2.943479921668767929e-03
3.622475080192089081e-03
1.583796367049217224e-02
1.419758144766092300e-02
1.959379389882087708e-02
1.084308139979839325e-02
1.594261638820171356e-02
1.823122054338455200e-02
7.989222183823585510e-03
