-1.363990921527147293e-02
-1.333279162645339966e-02
-7.946377247571945190e-02
-1.218179427087306976e-02
-1.086619962006807327e-02
-8.111142553389072418e-03
-5.138643551617860794e-03
1.515900809317827225e-02
3.335877787321805954e-03
3.805044107139110565e-03
6.375319324433803558e-03
9.160871617496013641e-03
8.745329454541206360e-03
1.609306223690509796e-02
2.026096545159816742e-02
2.838760055601596832e-02
3.131883218884468079e-02
2.799256704747676849e-02
2.599216625094413757e-02
2.405310422182083130e-02
2.536177821457386017e-02
2.695182897150516510e-02
3.510858863592147827e-02
4.352037981152534485e-02
5.009620636701583862e-02
6.600086390972137451e-02
1.009216904640197754e-01
1.588206291198730469e-01
2.801657915115356445e-01
4.695433080196380615e-01
5.573563575744628906e-01
-6.945900321006774902e-01
-5.383629798889160156e-01
3.474469780921936035e-01
1.912329047918319702e-01
1.069122180342674255e-01
1.591790840029716492e-02
-1.369039434939622879e-02
-1.617798767983913422e-02
-4.823745228350162506e-03
-4.043079912662506104e-03
-2.517423359677195549e-03
-7.412964012473821640e-03
-1.441060099750757217e-02
-2.474599145352840424e-02
-3.027953952550888062e-02
-4.016464576125144958e-02
-3.536215052008628845e-02
-3.371420502662658691e-02
-3.894856199622154236e-02
-4.307783022522926331e-02
-5.776954442262649536e-02
-6.137321889400482178e-02
-8.148297667503356934e-02
-4.654005169868469238e-02
3.203126415610313416e-02
-1.648439094424247742e-02
6.853762897662818432e-04
1.545526385307312012e-01
-1.146898954175412655e-03
6.313204020261764526e-02
6.442522257566452026e-02
-4.564325511455535889e-02
1.414448022842407227e-01
8.032748848199844360e-02
