1.192074567079544067e-01
-2.776501700282096863e-02
4.794885963201522827e-02
7.921945303678512573e-02
1.021012216806411743e-01
6.140534207224845886e-02
4.650681465864181519e-02
-7.287493348121643066e-02
5.305945873260498047e-02
2.491357922554016113e-02
1.586965322494506836e-01
4.340263307094573975e-01
4.315338730812072754e-01
-2.908399105072021484e-01
-2.228571623563766479e-01
-3.983289748430252075e-02
-1.401888728141784668e-01
-4.341113865375518799e-01
-1.567038297653198242e-01
-8.940886706113815308e-02
-4.573040306568145752e-01
-5.079953074455261230e-01
-2.220028191804885864e-01
-3.536140918731689453e-02
-2.906049415469169617e-02
-1.272147744894027710e-01
7.261312752962112427e-02
4.707141220569610596e-02
1.485658111050724983e-03
-7.728645950555801392e-02
6.709031760692596436e-02
-4.248146712779998779e-02
5.603152140974998474e-02
