-5.428337026387453079e-03
-1.883461140096187592e-03
1.148338662460446358e-03
2.489669015631079674e-03
-7.826162502169609070e-03
-1.154221873730421066e-02
-1.417760271579027176e-02
-5.151514336466789246e-02
-5.853170529007911682e-02
-8.931073546409606934e-02
-1.200544014573097229e-01
-1.557059288024902344e-01
-7.080478966236114502e-02
9.360234439373016357e-02
1.317198723554611206e-01
-5.756452679634094238e-01
-7.040050625801086426e-01
4.668344557285308838e-01
3.568400740623474121e-01
1.824139356613159180e-01
9.024972468614578247e-02
3.353894874453544617e-02
3.845995664596557617e-02
5.707297101616859436e-02
6.388042122125625610e-02
5.805210024118423462e-02
4.377710074186325073e-02
6.316081434488296509e-02
5.444414168596267700e-02
3.911777958273887634e-02
2.929924242198467255e-02
2.426696568727493286e-02
2.215079218149185181e-02
