1.680118031799793243e-02
3.218509629368782043e-02
3.951052576303482056e-02
5.015747249126434326e-02
6.307549774646759033e-02
8.593329042196273804e-02
9.906360507011413574e-02
1.176738515496253967e-01
1.406806260347366333e-01
1.742996573448181152e-01
1.897271722555160522e-01
2.121483087539672852e-01
2.501591444015502930e-01
3.439086675643920898e-01
3.708505928516387939e-01
-8.929019570350646973e-01
-1.103109121322631836e+00
-1.585405878722667694e-02
-1.796236843802034855e-03
-2.683185972273349762e-02
-5.982543900609016418e-02
-1.160980984568595886e-01
-1.241285577416419983e-01
-1.512200087308883667e-01
-1.274815499782562256e-01
-8.435498178005218506e-02
-7.804939150810241699e-02
-6.879954785108566284e-02
-5.271164327859878540e-02
-2.662157453596591949e-02
-6.906102877110242844e-03
9.416860528290271759e-03
1.748726330697536469e-02
