-2.979698479175567627e-01
1.770981587469577789e-02
2.433467423543334007e-03
7.335758209228515625e-02
-1.663034595549106598e-02
-1.405620276927947998e-01
-1.117981746792793274e-01
2.564106136560440063e-02
1.109554842114448547e-01
-1.651700139045715332e-01
-1.724489405751228333e-02
-4.235033690929412842e-02
-1.312336232513189316e-02
-1.183125600218772888e-01
1.745857894420623779e-01
6.343423575162887573e-02
-1.232591457664966583e-02
-4.020051658153533936e-02
6.788066029548645020e-02
4.453083574771881104e-01
1.270727813243865967e-01
9.691870957612991333e-02
7.887864857912063599e-02
3.113406896591186523e-01
2.903999388217926025e-01
7.895507812500000000e-01
6.704514622688293457e-01
8.700199723243713379e-01
5.421885251998901367e-01
7.231780290603637695e-01
3.731419146060943604e-01
4.367558658123016357e-01
3.715848922729492188e-01
2.548876404762268066e-01
1.198624074459075928e-01
1.055511534214019775e-01
2.713436484336853027e-01
-7.579294964671134949e-03
4.499992728233337402e-02
8.133175969123840332e-02
4.503152519464492798e-02
9.356936067342758179e-02
1.063866242766380310e-01
-5.517452210187911987e-02
-1.025527641177177429e-01
1.787787117063999176e-02
1.911800056695938110e-01
1.049791648983955383e-01
8.381435275077819824e-02
1.867053359746932983e-01
8.065238595008850098e-02
4.150168001651763916e-01
-7.434538006782531738e-02
-1.590313948690891266e-02
1.878054067492485046e-02
1.072940900921821594e-01
-2.248973250389099121e-01
8.520714938640594482e-02
-3.477218449115753174e-01
2.106129378080368042e-01
1.116129457950592041e-01
-3.450063616037368774e-02
-1.337375491857528687e-01
-3.521156683564186096e-02
1.508939415216445923e-01
