6.862362474203109741e-02
-2.939647622406482697e-02
1.524232029914855957e-01
2.094462215900421143e-01
-3.563493117690086365e-02
5.885953083634376526e-02
-2.470562607049942017e-01
2.711865119636058807e-03
3.526923954486846924e-01
1.081924811005592346e-01
4.217808246612548828e-01
3.741558492183685303e-01
6.938133835792541504e-01
6.037685871124267578e-01
3.765257298946380615e-01
3.786814212799072266e-01
2.343045771121978760e-01
1.901466846466064453e-01
-7.292695809155702591e-03
1.190324723720550537e-01
-2.728884518146514893e-01
-1.588733494281768799e-01
-1.799917966127395630e-01
4.893089830875396729e-02
1.611004620790481567e-01
1.231609284877777100e-01
9.544341266155242920e-02
-6.691820919513702393e-02
6.828012317419052124e-02
-1.641007363796234131e-01
-1.095804348587989807e-01
-1.890764199197292328e-02
-2.084361314773559570e-01
