3.600706404540687799e-04
5.839281715452671051e-03
8.709445595741271973e-03
6.362867541611194611e-03
6.666348315775394440e-03
-9.241179213859140873e-05
-6.877741310745477676e-03
-2.688750624656677246e-03
6.596699822694063187e-03
1.826876541599631310e-03
-3.181553445756435394e-03
-3.302462631836533546e-03
-6.780101917684078217e-03
-5.604906473308801651e-03
-1.033195946365594864e-02
-1.179068721830844879e-02
-1.070856023579835892e-02
-1.656478829681873322e-02
-1.348432805389165878e-02
-1.714072190225124359e-02
-1.176900789141654968e-02
-1.276647765189409256e-02
-9.600867517292499542e-03
-7.447364740073680878e-03
1.346331671811640263e-03
1.049568224698305130e-02
1.466779597103595734e-02
9.055383503437042236e-03
-3.315399633720517159e-03
-2.265759743750095367e-02
-6.509503722190856934e-02
-8.305934667587280273e-01
-5.626330971717834473e-01
8.141093701124191284e-02
9.097471833229064941e-02
8.845140784978866577e-02
8.032059669494628906e-02
6.080716103315353394e-02
3.847938030958175659e-02
8.846803568303585052e-03
-1.012852881103754044e-02
-2.088203467428684235e-02
-1.967622712254524231e-02
-1.022024732083082199e-02
4.305578302592039108e-03
1.733276993036270142e-02
2.140962332487106323e-02
2.327353879809379578e-02
3.025434166193008423e-02
2.722870558500289917e-02
2.205801941454410553e-02
1.790947653353214264e-02
1.473760511726140976e-02
8.407963323406875134e-04
6.399270612746477127e-03
3.053938271477818489e-03
3.612873260863125324e-04
1.010800944641232491e-03
1.650118152610957623e-03
6.324646528810262680e-03
3.200618783012032509e-03
7.194497156888246536e-03
3.376628737896680832e-03
7.814853452146053314e-03
7.880227640271186829e-04
