-1.052626296877861023e-01
-8.930812776088714600e-02
7.088070362806320190e-02
5.554312374442815781e-03
4.467728361487388611e-02
-3.646858781576156616e-02
5.982455983757972717e-02
5.630999058485031128e-02
-2.087243460118770599e-02
-1.204301118850708008e-01
-2.968014776706695557e-01
-8.583644032478332520e-02
3.617722094058990479e-01
6.194264888763427734e-01
6.561036705970764160e-01
3.268730640411376953e-01
2.061171829700469971e-01
1.825099736452102661e-01
-3.191937804222106934e-01
-2.882644832134246826e-01
5.218308046460151672e-02
1.221765503287315369e-01
-5.440961942076683044e-02
-2.429131604731082916e-02
1.457462906837463379e-01
3.478201478719711304e-02
1.630295068025588989e-01
1.010764539241790771e-01
1.136622056365013123e-01
-3.897021338343620300e-02
5.156404525041580200e-02
-4.227719455957412720e-02
-3.203426301479339600e-02
