6.997162848711013794e-02
6.901110708713531494e-02
5.512877181172370911e-02
2.157744206488132477e-02
-2.751531265676021576e-02
-9.379766881465911865e-02
-1.530341058969497681e-01
-1.836444735527038574e-01
-1.894710361957550049e-01
-1.208888292312622070e-01
-9.841337800025939941e-02
-6.816573441028594971e-02
-3.290811926126480103e-02
-2.972185797989368439e-02
-8.481553196907043457e-02
-9.984214305877685547e-01
-6.640946865081787109e-01
2.569628059864044189e-01
3.119428753852844238e-01
2.914074659347534180e-01
1.968008577823638916e-01
1.559183597564697266e-01
1.355548053979873657e-01
1.198945939540863037e-01
1.100767329335212708e-01
9.541938453912734985e-02
7.341632992029190063e-02
5.418228730559349060e-02
3.170651942491531372e-02
1.728425920009613037e-02
1.986886933445930481e-02
6.084015127271413803e-03
-8.748240768909454346e-03
