1.115327468141913414e-04
-3.237212775275111198e-03
-5.777666810899972916e-03
-5.722170695662498474e-03
-6.220782641321420670e-03
-1.085775811225175858e-02
-1.517221424728631973e-02
-1.985063031315803528e-02
-2.466133236885070801e-02
-1.141716726124286652e-02
-4.788303340319544077e-04
9.149818797595798969e-04
3.058722941204905510e-03
6.310199853032827377e-03
-3.921348601579666138e-03
-8.684019558131694794e-03
-8.983879350125789642e-03
-8.231963962316513062e-03
-3.234375035390257835e-03
-2.030580944847315550e-04
2.713615540415048599e-03
1.385561935603618622e-02
2.256979048252105713e-02
2.874433808028697968e-02
2.513401955366134644e-02
1.665838994085788727e-02
-1.685635303147137165e-03
-4.980755224823951721e-02
-1.082883998751640320e-01
-4.932862520217895508e-02
8.914270997047424316e-02
4.767395257949829102e-01
5.419442057609558105e-01
-1.611897647380828857e-01
-1.504993587732315063e-01
-1.029565930366516113e-01
-5.250199139118194580e-02
-1.478218473494052887e-02
-8.019465021789073944e-03
-3.357625007629394531e-02
-4.297840967774391174e-02
-1.827864348888397217e-02
2.499543316662311554e-02
3.277660906314849854e-02
1.588010042905807495e-02
-6.306763272732496262e-03
-8.231294341385364532e-03
-9.740927256643772125e-03
-8.181773126125335693e-03
-1.289223879575729370e-02
-9.304026141762733459e-03
-1.818783930502831936e-03
-6.160716060549020767e-03
-7.397708017379045486e-03
-9.313096292316913605e-03
-8.779457770287990570e-03
-3.780707484111189842e-03
-3.787805559113621712e-03
-1.831841655075550079e-02
-3.512724535539746284e-03
1.591815240681171417e-02
2.121738903224468231e-02
-4.299283027648925781e-03
1.117736333981156349e-03
9.733028709888458252e-03
