2.545620081946253777e-03
2.196335466578602791e-03
-8.719344623386859894e-03
-1.073561795055866241e-02
4.146720468997955322e-02
-6.053989287465810776e-03
7.670021057128906250e-02
1.688960790634155273e-01
9.324410557746887207e-02
-3.904700651764869690e-02
-9.656143188476562500e-02
2.226701378822326660e-02
2.050274014472961426e-01
1.203164607286453247e-01
2.771694660186767578e-01
-2.729331254959106445e-01
-3.772879838943481445e-01
1.274174731224775314e-02
8.128770440816879272e-02
-1.029406562447547913e-01
-3.133853152394294739e-02
-5.243644863367080688e-02
-1.700601354241371155e-02
-2.358136512339115143e-02
-9.536062926054000854e-02
-8.690193295478820801e-02
-5.069992691278457642e-02
-3.362680226564407349e-02
-1.626745611429214478e-02
3.160652145743370056e-02
-2.267753183841705322e-01
1.088628545403480530e-01
4.892235249280929565e-02
