-2.722065709531307220e-02
-1.015141904354095459e-01
-8.378995209932327271e-02
2.747471444308757782e-02
1.592713221907615662e-02
-5.165482871234416962e-03
2.418832480907440186e-02
6.550243496894836426e-02
6.168910488486289978e-02
1.741101965308189392e-02
1.683375984430313110e-02
-1.141603942960500717e-02
-2.752476371824741364e-02
-4.411748424172401428e-02
-4.734901338815689087e-02
-5.990160629153251648e-02
-5.923533067107200623e-02
-5.639508366584777832e-02
-4.858444631099700928e-02
-2.886414341628551483e-02
-1.317304838448762894e-02
-7.902890443801879883e-03
-8.121935650706291199e-03
9.936145506799221039e-03
4.272092878818511963e-02
9.350254386663436890e-02
1.354952603578567505e-01
1.424794346094131470e-01
5.670690163969993591e-02
1.365819666534662247e-02
1.843936294317245483e-01
-5.776507854461669922e-01
-7.922374606132507324e-01
4.020943641662597656e-01
4.019736945629119873e-01
2.920250296592712402e-01
1.954322904348373413e-01
1.287758946418762207e-01
1.127137094736099243e-01
8.126357942819595337e-02
2.796219103038311005e-02
-6.345261819660663605e-03
1.753157819621264935e-03
2.132382616400718689e-02
3.185109794139862061e-02
2.868185751140117645e-02
1.928438246250152588e-02
1.197545044124126434e-02
9.260476566851139069e-03
-1.902999170124530792e-02
-2.741187997162342072e-02
2.985449507832527161e-03
3.913675621151924133e-02
-3.565137088298797607e-02
7.695676386356353760e-02
-6.979697383940219879e-03
3.103036992251873016e-02
6.439165771007537842e-02
7.075790315866470337e-02
-5.521976947784423828e-02
-4.794491082429885864e-02
-3.419559076428413391e-02
8.285348117351531982e-02
9.564965218305587769e-02
3.240305185317993164e-02
