-3.072646632790565491e-02
4.308051988482475281e-02
3.738146126270294189e-01
1.763739564921706915e-04
3.737438470125198364e-02
3.713355213403701782e-02
4.215112924575805664e-01
3.273990750312805176e-01
2.088316977024078369e-01
3.475847244262695312e-01
2.111383229494094849e-01
3.685595989227294922e-01
-6.150332093238830566e-02
-3.686232566833496094e-01
-8.451370596885681152e-01
-8.629825711250305176e-01
-8.847774267196655273e-01
-1.285738229751586914e+00
-8.906224966049194336e-01
-8.939690589904785156e-01
-1.366190552711486816e+00
-1.180008649826049805e+00
-5.275074243545532227e-01
1.212259307503700256e-01
1.311912387609481812e-01
-1.124914810061454773e-01
8.118826150894165039e-02
-1.678166389465332031e-01
7.832235842943191528e-02
1.320719718933105469e-01
-2.355547398328781128e-01
3.810272784903645515e-03
1.317848563194274902e-01
