-1.896503753960132599e-02
-2.462461963295936584e-02
-3.374164551496505737e-02
-3.907011449337005615e-02
-4.953122511506080627e-02
-5.755772069096565247e-02
-7.436563074588775635e-02
-7.258190214633941650e-02
-8.850006759166717529e-02
-1.196814253926277161e-01
-1.546758115291595459e-01
-1.955802738666534424e-01
-2.599777281284332275e-01
-3.891619145870208740e-01
-3.883785009384155273e-01
9.692418575286865234e-01
9.235372543334960938e-01
-3.871887549757957458e-02
2.515107207000255585e-02
5.700294300913810730e-02
9.548153728246688843e-02
1.149465888738632202e-01
1.281656473875045776e-01
1.015227884054183960e-01
8.208983391523361206e-02
6.936127692461013794e-02
5.219002813100814819e-02
4.424930736422538757e-02
4.210529848933219910e-02
2.893798239529132843e-02
2.700972370803356171e-02
1.675047725439071655e-02
1.429442502558231354e-02
