-9.220790117979049683e-02
-1.324443370103836060e-01
-1.294824033975601196e-01
-1.286807358264923096e-01
-1.339052617549896240e-01
-1.138998121023178101e-01
-1.036347970366477966e-01
-1.057134345173835754e-01
-6.747732311487197876e-02
-8.280602842569351196e-02
-6.307638436555862427e-02
-6.490378826856613159e-02
-7.714496552944183350e-02
-3.278625383973121643e-02
1.471686959266662598e-01
-7.580052018165588379e-01
-1.856007933616638184e+00
8.300102353096008301e-01
4.836268424987792969e-01
2.770622968673706055e-01
1.773764640092849731e-01
1.962826699018478394e-01
1.344469934701919556e-01
1.371493190526962280e-01
1.415719091892242432e-01
1.325441896915435791e-01
1.386898458003997803e-01
1.506147086620330811e-01
1.265817731618881226e-01
4.758519679307937622e-02
5.866066738963127136e-02
4.253660514950752258e-02
-2.012551529332995415e-03
