4.134166054427623749e-03
3.596679307520389557e-03
-1.900580246001482010e-03
7.103641517460346222e-03
5.416024476289749146e-03
7.919881492853164673e-03
1.526711601763963699e-02
2.042025327682495117e-02
1.906149834394454956e-02
2.160744927823543549e-02
1.505507808178663254e-02
1.551887858659029007e-02
2.169455029070377350e-02
1.367802452296018600e-02
1.203747279942035675e-02
-3.427082556299865246e-04
-4.626942798495292664e-03
-1.470139366574585438e-03
-1.283000502735376358e-02
-8.335310034453868866e-03
-1.226399093866348267e-02
-2.285708906129002571e-03
1.130200084298849106e-02
1.961760595440864563e-02
3.084932267665863037e-02
3.402689471840858459e-02
1.650689356029033661e-02
-2.797812037169933319e-02
-1.002104654908180237e-01
-2.099602073431015015e-01
-3.198826313018798828e-01
3.064192831516265869e-01
7.173925042152404785e-01
-4.821406900882720947e-01
-4.053949415683746338e-01
-2.631390988826751709e-01
-1.516044437885284424e-01
-8.645968139171600342e-02
-5.301882326602935791e-02
-3.484899550676345825e-02
-3.202885016798973083e-02
-2.143293619155883789e-02
-1.561464462429285049e-02
-1.813768036663532257e-02
-1.425411831587553024e-02
-9.875511750578880310e-03
-1.091607287526130676e-02
-1.417509745806455612e-02
-1.370921637862920761e-02
-1.306629180908203125e-02
-1.608970575034618378e-02
-1.702136732637882233e-02
-1.797284744679927826e-02
-1.899684593081474304e-02
-1.460500992834568024e-02
-1.607668958604335785e-02
-2.142200246453285217e-02
-1.781117171049118042e-02
-2.101639844477176666e-02
-1.000924967229366302e-02
-1.640563271939754486e-02
-1.288182102143764496e-02
-1.001012325286865234e-02
-6.548469420522451401e-03
-4.330134484916925430e-03
