-5.886440631002187729e-04
-2.962264232337474823e-03
-4.711197223514318466e-03
-6.580080953426659107e-04
3.431063611060380936e-03
-1.080881571397185326e-03
-6.548115052282810211e-03
-5.013322923332452774e-03
-6.688751745969057083e-04
-5.733144469559192657e-03
-2.283843234181404114e-03
-1.061763498000800610e-03
-3.679053625091910362e-03
-4.838301334530115128e-03
-4.975990857928991318e-03
-9.628074243664741516e-03
-1.163426972925662994e-02
-1.580613665282726288e-02
-1.473022997379302979e-02
-9.408499114215373993e-03
-5.376257933676242828e-03
-2.536075422540307045e-03
-5.490655545145273209e-03
-1.387491077184677124e-02
-2.647749148309230804e-02
-3.839250653982162476e-02
-4.290264844894409180e-02
-3.590677306056022644e-02
-4.068868607282638550e-02
-7.452820986509323120e-02
-1.272734999656677246e-01
-6.692356467247009277e-01
-6.772558093070983887e-01
-7.893279939889907837e-02
-5.545748025178909302e-02
-2.579726837575435638e-02
8.995591779239475727e-04
6.277679000049829483e-03
1.142601831816136837e-03
-9.889662265777587891e-03
-1.467792503535747528e-02
-1.031102892011404037e-02
-8.240627357736229897e-04
4.107313230633735657e-03
5.654271226376295090e-03
-3.422422567382454872e-03
-1.125134807080030441e-02
-1.541221048682928085e-02
-1.483409013599157333e-02
-9.673928841948509216e-03
-1.741283456794917583e-03
-1.327361911535263062e-03
1.398562453687191010e-03
-3.019411524292081594e-04
5.633763037621974945e-03
2.517163287848234177e-03
8.553702173230703920e-06
5.792880547232925892e-04
-4.229601472616195679e-03
1.995170896407216787e-04
-4.970761947333812714e-03
-6.423038430511951447e-03
6.083117332309484482e-04
-1.955032814294099808e-03
5.195285775698721409e-04
