2.198192849755287170e-02
-5.208213813602924347e-03
-2.454440575093030930e-03
-1.843384094536304474e-02
1.218711957335472107e-02
2.077108016237616539e-03
6.917136721312999725e-03
4.687149077653884888e-02
2.819950506091117859e-02
-5.043422058224678040e-02
-3.173601999878883362e-02
1.074919756501913071e-02
-2.098536342382431030e-01
-2.481385469436645508e-01
4.484777152538299561e-01
1.732095330953598022e-01
-7.048015594482421875e-01
-2.149976044893264771e-02
-1.287641376256942749e-01
-7.930542826652526855e-01
-4.830869734287261963e-01
6.488458812236785889e-02
3.055776953697204590e-01
2.719811201095581055e-01
5.314204841852188110e-02
-7.774309813976287842e-02
-3.950814902782440186e-02
-4.881628602743148804e-02
-1.250653062015771866e-02
-7.141383830457925797e-03
1.716820895671844482e-02
8.600161410868167877e-03
6.519843824207782745e-03
