1.210176497697830200e-01
1.977602541446685791e-01
2.860041856765747070e-01
-2.232075929641723633e-01
1.018088310956954956e-01
2.586137652397155762e-01
3.805932998657226562e-01
-1.399392634630203247e-01
-2.264212071895599365e-01
-2.495979964733123779e-01
9.408371150493621826e-02
2.518214099109172821e-02
2.912678420543670654e-01
1.503418982028961182e-01
5.595143437385559082e-01
7.751402854919433594e-01
7.362005710601806641e-01
1.148775458335876465e+00
1.198825955390930176e+00
1.645743727684020996e+00
1.832901835441589355e+00
1.734821438789367676e+00
1.825908422470092773e+00
1.572089552879333496e+00
1.620621681213378906e+00
1.330162167549133301e+00
1.483717441558837891e+00
1.443102717399597168e+00
1.418951511383056641e+00
1.275969028472900391e+00
1.048018693923950195e+00
1.252363562583923340e+00
9.674377441406250000e-01
6.897950768470764160e-01
7.065699696540832520e-01
5.903453230857849121e-01
3.599640727043151855e-01
5.875163078308105469e-01
2.800596952438354492e-01
5.922205448150634766e-01
7.381598651409149170e-02
1.260741353034973145e-01
7.858788967132568359e-02
2.537832856178283691e-01
-1.399538815021514893e-01
8.661831729114055634e-03
-2.836793661117553711e-01
-4.970075562596321106e-02
-5.079011917114257812e-01
-5.313155651092529297e-01
-4.524465203285217285e-01
-3.952463567256927490e-01
-6.184290051460266113e-01
-3.923245072364807129e-01
-4.077421724796295166e-01
-1.624621003866195679e-01
-3.594556450843811035e-01
-2.306612133979797363e-01
-1.575008630752563477e-01
-1.272496730089187622e-01
-3.028569221496582031e-01
8.916167169809341431e-02
-4.097718894481658936e-01
4.988760501146316528e-02
-2.517766356468200684e-01
