-7.486849208362400532e-04
-1.020400691777467728e-02
-1.505260542035102844e-02
-2.604582346975803375e-02
-3.703495860099792480e-02
-3.872708976268768311e-02
-3.043475188314914703e-02
-6.449115928262472153e-03
5.648792255669832230e-03
-1.882061176002025604e-02
-5.668526142835617065e-02
-5.990656092762947083e-02
-4.989764094352722168e-02
-5.459335818886756897e-02
-8.253688365221023560e-02
-7.940567135810852051e-01
-6.815816760063171387e-01
1.151950843632221222e-02
1.323108188807964325e-02
6.287645082920789719e-03
-3.070797072723507881e-03
-2.027076669037342072e-03
-6.018585059791803360e-03
-5.903061479330062866e-03
-7.811276242136955261e-03
-7.365339901298284531e-03
-9.338044561445713043e-03
-3.469298128038644791e-03
-9.013733826577663422e-03
-6.624386180192232132e-03
-7.665803190320730209e-03
-1.653033192269504070e-03
-1.030335668474435806e-02
