-1.096508353948593140e-01
-1.212476938962936401e-01
-1.463518738746643066e-01
-1.211952194571495056e-01
-1.173229515552520752e-01
-1.062880754470825195e-01
-9.802572429180145264e-02
-8.952407538890838623e-02
-7.506236433982849121e-02
-7.730537652969360352e-02
-7.972399890422821045e-02
-7.190066576004028320e-02
-9.897788614034652710e-02
-6.729389727115631104e-02
1.235885098576545715e-01
-7.986851334571838379e-01
-1.849328756332397461e+00
8.153523802757263184e-01
4.790507256984710693e-01
2.574590146541595459e-01
1.727210432291030884e-01
1.440041810274124146e-01
1.301141083240509033e-01
1.408639401197433472e-01
1.469334065914154053e-01
1.526143550872802734e-01
1.435255855321884155e-01
1.579188853502273560e-01
1.363828480243682861e-01
6.603629887104034424e-02
7.605184614658355713e-02
5.903671309351921082e-02
-1.946816220879554749e-03
