1.521786674857139587e-02
1.449662167578935623e-02
3.003924340009689331e-02
3.868311643600463867e-02
5.173998698592185974e-02
6.755298376083374023e-02
8.654072135686874390e-02
9.986776113510131836e-02
1.203553304076194763e-01
1.415888369083404541e-01
1.691162735223770142e-01
1.825216412544250488e-01
2.272814810276031494e-01
3.484424352645874023e-01
3.903319239616394043e-01
-9.224197268486022949e-01
-1.068803906440734863e+00
-8.840653114020824432e-03
1.366496738046407700e-02
1.517718192189931870e-03
-4.552115872502326965e-02
-9.058862179517745972e-02
-1.111553311347961426e-01
-1.289838254451751709e-01
-9.057917445898056030e-02
-8.509206771850585938e-02
-6.253490597009658813e-02
-5.436382442712783813e-02
-3.594997525215148926e-02
-2.441190555691719055e-02
6.626009009778499603e-03
2.497281134128570557e-02
1.139145158231258392e-02
