-1.358069926500320435e-01
-6.193424388766288757e-02
1.838561333715915680e-02
7.605193555355072021e-02
7.891273126006126404e-03
-6.999801099300384521e-02
-1.780885271728038788e-02
-4.748604819178581238e-02
-3.080086596310138702e-02
-1.703916862607002258e-02
2.171384694520384073e-04
2.708778530359268188e-02
7.507425546646118164e-02
2.296203970909118652e-01
5.664564371109008789e-01
-1.787517070770263672e+00
-2.301035404205322266e+00
9.214694499969482422e-01
4.926798939704895020e-01
2.856691777706146240e-01
1.652432382106781006e-01
1.189747676253318787e-01
9.277498722076416016e-02
9.488829970359802246e-02
6.991133838891983032e-02
4.792013391852378845e-02
4.409774392843246460e-02
3.471583500504493713e-02
3.732158988714218140e-02
3.747242316603660583e-02
3.864566609263420105e-02
3.316117450594902039e-02
3.438261523842811584e-02
