2.209883630275726318e-01
-1.783563047647476196e-01
1.904143989086151123e-01
1.470006909221410751e-02
1.635473221540451050e-01
1.554313600063323975e-01
5.722739174962043762e-02
-4.214774370193481445e-01
-2.947130799293518066e-01
-1.164884865283966064e-01
3.136290907859802246e-01
9.717414379119873047e-01
1.114648580551147461e+00
2.995169460773468018e-01
1.214034080505371094e+00
5.432849526405334473e-01
1.142217874526977539e+00
1.355436682701110840e+00
1.224279046058654785e+00
1.557443857192993164e+00
1.552773237228393555e+00
1.803574204444885254e+00
1.886917471885681152e+00
1.445277094841003418e+00
2.386365234851837158e-01
-9.496938437223434448e-02
2.193277329206466675e-01
3.582445681095123291e-01
1.158007793128490448e-02
-1.170793175697326660e-01
-2.887867987155914307e-01
3.698090910911560059e-01
-8.763693273067474365e-02
