1.244680956006050110e-02
6.733691319823265076e-03
1.196239981800317764e-02
8.173153735697269440e-03
1.080818288028240204e-02
1.572315953671932220e-02
1.499660313129425049e-02
9.522367268800735474e-03
1.059561129659414291e-02
1.078297104686498642e-02
1.846174895763397217e-02
1.340444479137659073e-02
1.831957884132862091e-02
2.260555699467658997e-02
2.187247201800346375e-02
2.363886497914791107e-02
-2.380377147346735001e-03
-1.042610779404640198e-02
-3.026909381151199341e-02
-3.766875714063644409e-02
-5.232957005500793457e-02
-6.048147380352020264e-02
-4.412033036351203918e-02
-2.019660547375679016e-02
1.166523550637066364e-03
2.103096805512905121e-02
3.633546829223632812e-02
3.796836733818054199e-02
3.979921713471412659e-02
2.222114987671375275e-02
-4.028929397463798523e-02
-8.998589515686035156e-01
-7.844560742378234863e-01
1.758665889501571655e-01
2.023770809173583984e-01
1.902666687965393066e-01
1.394135653972625732e-01
8.991670608520507812e-02
5.141714215278625488e-02
2.516251802444458008e-02
1.954376325011253357e-02
1.434378977864980698e-02
1.223562471568584442e-02
9.160757064819335938e-03
1.302203442901372910e-02
1.101383287459611893e-02
1.092859823256731033e-02
1.046409271657466888e-02
9.933304972946643829e-03
3.415560815483331680e-03
7.759968750178813934e-03
9.792696684598922729e-03
-1.620057882973924279e-04
-9.886780026135966182e-05
-1.994791068136692047e-02
-1.437740679830312729e-02
-1.929888501763343811e-02
-2.767962962388992310e-02
-3.081323951482772827e-02
-1.823818683624267578e-02
-8.952361531555652618e-03
-6.385277491062879562e-03
1.091884355992078781e-02
-3.246708074584603310e-03
1.657513086684048176e-03
