6.753342598676681519e-02
-4.270918294787406921e-02
-1.286836266517639160e-01
-3.836539015173912048e-02
1.132164150476455688e-02
-1.684621572494506836e-01
-3.431805968284606934e-02
1.056493446230888367e-01
3.439504802227020264e-01
2.211719155311584473e-01
1.090499609708786011e-01
2.842720411717891693e-02
1.972960680723190308e-01
-2.315738648176193237e-01
-3.865497112274169922e-01
-2.904019653797149658e-01
-6.328374147415161133e-01
-5.850886702537536621e-01
-6.534161567687988281e-01
-6.456503868103027344e-01
-8.690820336341857910e-01
-1.008418560028076172e+00
-3.089202046394348145e-01
1.201411709189414978e-01
9.099370986223220825e-02
1.613565906882286072e-02
-3.738222271203994751e-02
-2.153644114732742310e-01
-1.604336686432361603e-02
-5.062394589185714722e-02
6.649269908666610718e-02
-2.212961316108703613e-01
-1.652740091085433960e-01
