4.859231784939765930e-02
8.870643377304077148e-02
1.275714635848999023e-01
1.588366478681564331e-01
1.700350046157836914e-01
1.915775388479232788e-01
2.314605712890625000e-01
1.953650712966918945e-01
2.164268046617507935e-01
2.157224416732788086e-01
2.436830103397369385e-01
2.635166645050048828e-01
2.959356606006622314e-01
3.725356459617614746e-01
3.730306923389434814e-01
6.921746730804443359e-01
8.750752806663513184e-01
9.966259449720382690e-02
5.607595294713973999e-02
8.969374001026153564e-02
6.883075833320617676e-02
7.517041265964508057e-02
1.031592339277267456e-01
-1.994146779179573059e-02
-2.740674465894699097e-02
-3.644157946109771729e-02
-4.374915361404418945e-02
-4.527544602751731873e-02
-3.513994812965393066e-02
-1.468843687325716019e-02
-1.606147550046443939e-02
-8.512729778885841370e-03
-6.799091119319200516e-03
