1.589156128466129303e-02
3.764315322041511536e-02
5.133342370390892029e-02
6.148096174001693726e-02
8.120919018983840942e-02
9.066690504550933838e-02
1.084306389093399048e-01
1.190850883722305298e-01
1.311546713113784790e-01
1.597666889429092407e-01
1.846630275249481201e-01
2.187318503856658936e-01
2.852520644664764404e-01
3.255890309810638428e-01
2.816299200057983398e-01
-4.980393946170806885e-01
-9.894022345542907715e-01
-8.786164224147796631e-02
-6.317415833473205566e-02
-7.895709574222564697e-02
-9.365084022283554077e-02
-1.553718149662017822e-01
-1.757350414991378784e-01
-1.596626639366149902e-01
-7.311204075813293457e-02
6.655095517635345459e-02
1.625454723834991455e-01
1.779361069202423096e-01
1.662591099739074707e-01
1.092754080891609192e-01
3.817787021398544312e-02
-1.841774210333824158e-03
2.180346660315990448e-02
