-6.744935642927885056e-03
-2.280803397297859192e-02
-2.553534694015979767e-02
-3.587360307574272156e-02
-4.860140383243560791e-02
-6.744647771120071411e-02
-8.900140970945358276e-02
-1.040384247899055481e-01
-1.365512013435363770e-01
-1.590999662876129150e-01
-1.572062075138092041e-01
-1.629956066608428955e-01
-8.240402489900588989e-02
-4.536869470030069351e-03
9.655210375785827637e-02
-1.012898921966552734e+00
-9.689437150955200195e-01
3.273186385631561279e-01
3.507332801818847656e-01
3.317544162273406982e-01
2.768167853355407715e-01
2.268994897603988647e-01
2.002165466547012329e-01
1.667353659868240356e-01
1.528338342905044556e-01
1.399812400341033936e-01
1.320893019437789917e-01
1.221402361989021301e-01
1.180661767721176147e-01
1.022708043456077576e-01
8.482053875923156738e-02
5.998043715953826904e-02
4.971002787351608276e-02
