4.618415143340826035e-03
5.353429820388555527e-03
5.424301140010356903e-03
7.866131141781806946e-03
1.039874181151390076e-02
9.018529206514358521e-03
7.280614227056503296e-03
8.726419880986213684e-03
1.025799103081226349e-02
7.720097433775663376e-03
8.217269554734230042e-03
6.128460634499788284e-03
5.998987704515457153e-03
7.725563365966081619e-03
1.774964481592178345e-02
9.546569548547267914e-03
9.185863658785820007e-03
1.275701448321342468e-02
1.205530855804681778e-02
1.153039187192916870e-02
1.084704790264368057e-02
1.160420570522546768e-02
9.165015071630477905e-03
7.615397218614816666e-03
8.282544440589845181e-04
4.477886017411947250e-03
1.748761860653758049e-03
-1.071625016629695892e-02
-4.365833476185798645e-02
-1.607832312583923340e-01
-3.706204593181610107e-01
1.108945012092590332e+00
1.541353583335876465e+00
-6.788362860679626465e-01
-3.585349917411804199e-01
-1.994842141866683960e-01
-1.344811022281646729e-01
-9.804732352495193481e-02
-7.171837240457534790e-02
-5.777167528867721558e-02
-4.358694702386856079e-02
-3.977714106440544128e-02
-3.623611852526664734e-02
-2.983615174889564514e-02
-2.600575424730777740e-02
-2.409569360315799713e-02
-2.402373403310775757e-02
-1.951356790959835052e-02
-1.665801741182804108e-02
-1.976742967963218689e-02
-2.025112695991992950e-02
-1.757100783288478851e-02
-1.492000650614500046e-02
-1.417630258947610855e-02
-1.008734107017517090e-02
-1.761131547391414642e-02
-1.305141765624284744e-02
-1.202974747866392136e-02
-1.017832942306995392e-02
-1.050372608006000519e-02
-6.684699561446905136e-03
-6.030623335391283035e-03
-5.167354363948106766e-03
-4.967649467289447784e-03
-7.898648269474506378e-03
