9.943216573446989059e-04
-1.440365612506866455e-02
-2.143939584493637085e-02
-5.342444404959678650e-02
-1.224829107522964478e-01
-6.412845104932785034e-02
-7.153742015361785889e-02
-3.628725558519363403e-02
-4.206966608762741089e-02
-3.183655440807342529e-02
-1.930027641355991364e-02
1.025868672877550125e-02
1.549365464597940445e-02
2.344061434268951416e-02
3.961696103215217590e-02
4.655980691313743591e-02
4.957288503646850586e-02
4.854207485914230347e-02
4.212225973606109619e-02
2.467794343829154968e-02
8.797517046332359314e-03
-1.386851258575916290e-02
-3.706114739179611206e-02
-5.679100379347801208e-02
-7.131709158420562744e-02
-8.825494349002838135e-02
-1.159742027521133423e-01
-1.809440702199935913e-01
-3.000770211219787598e-01
-4.623542726039886475e-01
-4.759325087070465088e-01
2.716082381084561348e-03
1.044023111462593079e-01
-2.876453399658203125e-01
-2.569557726383209229e-01
-1.213857829570770264e-01
-2.883300185203552246e-02
6.643873173743486404e-03
2.589553035795688629e-02
2.026411890983581543e-02
1.184081006795167923e-02
-1.972851343452930450e-03
-1.813636720180511475e-02
-3.859781473875045776e-02
-5.309678986668586731e-02
-5.895905196666717529e-02
-6.445711106061935425e-02
-5.431364476680755615e-02
-3.785289824008941650e-02
-1.296057086437940598e-02
1.676450669765472412e-02
-3.980488399975001812e-04
-1.296223513782024384e-02
1.214034110307693481e-02
3.639562055468559265e-02
3.673654049634933472e-02
2.192138461396098137e-03
4.192188009619712830e-02
7.603240199387073517e-03
-1.116535589098930359e-01
1.493364721536636353e-01
-2.458277903497219086e-02
-1.643728837370872498e-02
-1.645934432744979858e-01
-5.102278199046850204e-03
