5.529532674700021744e-03
1.435354235582053661e-03
2.702291123569011688e-03
-4.697998519986867905e-03
9.361943230032920837e-03
1.294882409274578094e-02
1.143242977559566498e-02
-2.201389893889427185e-02
-2.059876359999179840e-02
-6.760449148714542389e-03
-6.286338903009891510e-04
1.568214269354939461e-03
-1.795338653028011322e-02
-5.046449601650238037e-02
5.722796544432640076e-02
3.290915787220001221e-01
5.617983937263488770e-01
-1.191063821315765381e-01
-5.799392983317375183e-02
-1.031501144170761108e-01
-4.743060097098350525e-02
-5.544879008084535599e-03
-3.533601062372326851e-03
-1.478899177163839340e-02
-1.109973713755607605e-02
-1.577840559184551239e-02
-1.711869798600673676e-02
-1.061637885868549347e-02
-9.322520345449447632e-03
-8.399789221584796906e-03
-5.749979987740516663e-03
-2.523247385397553444e-03
-6.340536754578351974e-03
