6.766052916646003723e-03
1.485992595553398132e-02
3.909048624336719513e-03
3.689094737637788057e-04
-9.182498790323734283e-03
2.192788990214467049e-03
5.283081438392400742e-03
3.674564941320568323e-04
6.115677300840616226e-03
9.657829068601131439e-03
1.542142685502767563e-02
9.432368911802768707e-03
1.505237352102994919e-02
1.262113079428672791e-02
1.623870991170406342e-02
1.658120751380920410e-02
1.777063868939876556e-02
1.692540757358074188e-02
2.596376277506351471e-02
2.876302227377891541e-02
2.977574430406093597e-02
4.013574868440628052e-02
4.077890887856483459e-02
3.845290839672088623e-02
3.665646910667419434e-02
2.770094200968742371e-02
2.574376948177814484e-02
9.041350334882736206e-03
-2.613642811775207520e-02
-9.574987739324569702e-02
-2.836894690990447998e-01
9.623140692710876465e-01
1.381425619125366211e+00
-6.286151409149169922e-01
-3.260475397109985352e-01
-1.839647591114044189e-01
-1.226287111639976501e-01
-9.145668894052505493e-02
-7.147108763456344604e-02
-6.473529338836669922e-02
-5.507171154022216797e-02
-5.249415710568428040e-02
-5.026805773377418518e-02
-5.220000073313713074e-02
-4.592213779687881470e-02
-4.114963114261627197e-02
-3.940226882696151733e-02
-3.625831007957458496e-02
-3.308313339948654175e-02
-3.170066699385643005e-02
-3.198773041367530823e-02
-2.385029010474681854e-02
-2.301413193345069885e-02
-2.055566012859344482e-02
-1.896168105304241180e-02
-1.913071610033512115e-02
-2.416543290019035339e-02
-1.390979439020156860e-02
-1.640365645289421082e-02
-1.342570967972278595e-02
-1.256282161921262741e-02
-1.163683831691741943e-02
-6.958833895623683929e-03
-7.848491892218589783e-03
-1.891741994768381119e-03
