3.578799217939376831e-02
6.034477800130844116e-02
1.960954964160919189e-01
-4.107190072536468506e-01
-9.182870388031005859e-03
4.175622016191482544e-02
9.443379007279872894e-03
-4.647056013345718384e-02
5.901343747973442078e-02
2.815932333469390869e-01
-4.809772074222564697e-01
-2.153254002332687378e-01
-9.196982532739639282e-02
-2.859610915184020996e-01
8.959355950355529785e-02
-1.366145759820938110e-01
2.888142466545104980e-01
2.704074084758758545e-01
9.326878190040588379e-02
5.976620316505432129e-02
-1.591345071792602539e-01
5.036290884017944336e-01
9.158357381820678711e-01
1.300149798393249512e+00
1.872711062431335449e+00
1.820608258247375488e+00
1.438406348228454590e+00
1.905444264411926270e+00
1.230855226516723633e+00
1.194925904273986816e+00
1.244502425193786621e+00
1.387306928634643555e+00
1.134703755378723145e+00
1.593092203140258789e+00
1.608632206916809082e+00
8.762060403823852539e-01
7.763352990150451660e-01
1.665033221244812012e+00
8.627675175666809082e-01
6.828663349151611328e-01
6.246447563171386719e-01
7.242858409881591797e-01
3.291052877902984619e-01
3.235812485218048096e-01
6.563874427229166031e-03
1.176074799150228500e-02
7.111384999006986618e-03
1.550456881523132324e-01
9.272310137748718262e-02
2.436055988073348999e-01
1.779006123542785645e-01
-6.905492395162582397e-02
-1.649225205183029175e-01
1.197046563029289246e-01
5.770379304885864258e-02
-2.571853250265121460e-02
-1.580029875040054321e-01
2.344431728124618530e-02
1.356504485011100769e-02
4.894807562232017517e-02
2.256631255149841309e-01
1.756686121225357056e-01
-1.832836866378784180e-01
-2.492037266492843628e-01
2.885847985744476318e-01
