5.026522651314735413e-02
5.999222770333290100e-02
4.483851790428161621e-02
1.392663456499576569e-02
-5.972361564636230469e-02
-1.200823113322257996e-01
-1.663731760345399380e-03
-1.770593225955963135e-02
-7.385177165269851685e-02
-4.207358881831169128e-02
-4.418754205107688904e-02
3.950728476047515869e-02
-8.697797893546521664e-04
3.520856425166130066e-02
-5.021850112825632095e-03
8.586651086807250977e-02
6.540350615978240967e-02
1.094645075500011444e-02
4.188753291964530945e-02
-9.261894971132278442e-02
-2.497543841600418091e-01
-2.816925346851348877e-01
-2.282369285821914673e-01
-1.515167355537414551e-01
1.400370150804519653e-01
1.559626907110214233e-01
2.299886196851730347e-02
1.236508972942829132e-02
5.040656402707099915e-02
-1.784935146570205688e-01
-2.948032021522521973e-01
-3.049978427588939667e-02
3.701704144477844238e-01
4.331216216087341309e-01
6.240527033805847168e-01
5.785833597183227539e-01
4.909340739250183105e-01
4.318333268165588379e-01
5.626294016838073730e-01
4.640539884567260742e-01
1.837274581193923950e-01
1.094702538102865219e-02
-2.116340398788452148e-01
-2.185209542512893677e-01
-2.256338298320770264e-01
-5.925713852047920227e-02
9.177570790052413940e-02
8.958277106285095215e-02
8.777325041592121124e-03
1.703002490103244781e-02
3.928913548588752747e-02
6.667140871286392212e-02
1.841614395380020142e-02
7.558576017618179321e-02
4.432909563183784485e-02
6.368985772132873535e-02
4.605283588171005249e-02
-2.774281054735183716e-02
5.077115818858146667e-02
-3.520256606861948967e-03
1.322768977843225002e-03
-9.524665772914886475e-02
3.561623767018318176e-02
6.911680102348327637e-02
-6.775426119565963745e-02
