-1.157744973897933960e-01
-5.279836058616638184e-02
1.567359268665313721e-02
6.483355909585952759e-02
6.827047560364007950e-03
-1.695320904254913330e-01
2.190588973462581635e-02
-1.849048435688018799e-01
-5.310226231813430786e-02
9.649285674095153809e-02
1.325526535511016846e-01
-3.479965031147003174e-02
7.480066269636154175e-02
-7.787892967462539673e-02
1.055266112089157104e-01
-1.346878707408905029e-01
-2.257503196597099304e-02
1.349231135100126266e-02
-2.214464917778968811e-02
4.169921204447746277e-02
2.836733162403106689e-01
1.777814179658889771e-01
1.225627139210700989e-01
3.900896012783050537e-01
5.572387576103210449e-01
1.136270761489868164e-01
3.700828254222869873e-01
2.239247709512710571e-01
-6.537213921546936035e-03
-3.716465532779693604e-01
-3.461651802062988281e-01
-7.401295900344848633e-01
-7.620956897735595703e-01
-1.004750013351440430e+00
-1.008318185806274414e+00
-1.321383953094482422e+00
-1.321676969528198242e+00
-1.603347659111022949e+00
-1.688674926757812500e+00
-1.770644903182983398e+00
-1.622658252716064453e+00
-1.066948175430297852e+00
-1.466295003890991211e+00
-1.051617026329040527e+00
-7.040373086929321289e-01
-5.450169444084167480e-01
-1.357206143438816071e-02
-9.219443798065185547e-02
8.759948611259460449e-02
1.568115800619125366e-01
7.430060207843780518e-02
-2.832516096532344818e-02
3.844648301601409912e-01
1.909026801586151123e-01
-8.794736862182617188e-02
2.612540423870086670e-01
1.035633608698844910e-01
-2.373216003179550171e-01
-2.382228523492813110e-01
-2.722200751304626465e-01
2.326036095619201660e-01
-8.532730489969253540e-02
5.934206768870353699e-02
1.838412880897521973e-01
5.740513280034065247e-02
