-1.330028939992189407e-02
-1.352246403694152832e-01
2.923695556819438934e-02
-8.847334422171115875e-03
2.063509970903396606e-01
2.945579029619693756e-02
-2.115946561098098755e-01
1.571832746267318726e-01
-2.186579629778862000e-02
1.110525056719779968e-02
-2.255077809095382690e-01
-1.021009981632232666e-01
3.139842301607131958e-02
-4.125674962997436523e-01
-9.968346357345581055e-02
1.013794913887977600e-01
-3.259864449501037598e-02
-1.061089634895324707e-01
3.276046812534332275e-01
4.586361050605773926e-01
3.239943981170654297e-01
-1.642218604683876038e-02
-2.762818038463592529e-01
-6.598072499036788940e-02
-5.465931892395019531e-01
-3.339899480342864990e-01
-3.010162115097045898e-01
-5.480516701936721802e-02
-1.654854863882064819e-01
-1.271708756685256958e-01
-3.673168122768402100e-01
-4.259552061557769775e-01
-4.270298480987548828e-01
-4.812583625316619873e-01
-7.609508633613586426e-01
-4.610449969768524170e-01
-7.374424934387207031e-01
-5.568196177482604980e-01
-8.634912967681884766e-01
-7.671604156494140625e-01
-1.052103519439697266e+00
-9.898200035095214844e-01
-8.911496996879577637e-01
-8.848391175270080566e-01
-7.342448830604553223e-01
-6.886577010154724121e-01
-4.947065114974975586e-01
-4.811827242374420166e-01
-1.610900908708572388e-01
-2.943567931652069092e-01
-7.246550917625427246e-02
-1.371957808732986450e-01
7.384246418951079249e-05
-1.227463260293006897e-01
1.212221235036849976e-01
1.409859978593885899e-03
2.528677461668848991e-03
-1.534579545259475708e-01
1.200020834803581238e-01
-6.196480616927146912e-02
1.551146060228347778e-02
4.055614173412322998e-01
-7.554789632558822632e-02
1.311429738998413086e-01
1.915414482355117798e-01
