-1.229099184274673462e-01
-2.685247920453548431e-03
3.940764665603637695e-01
2.858699262142181396e-01
5.205729231238365173e-02
-6.346523761749267578e-02
4.417105615139007568e-01
-1.148914769291877747e-01
-4.567251205444335938e-01
-1.823710054159164429e-01
2.629507184028625488e-01
9.383654594421386719e-01
1.167966127395629883e+00
1.298715949058532715e+00
1.100687146186828613e+00
1.193416595458984375e+00
6.870996952056884766e-01
6.854037642478942871e-01
5.535563826560974121e-01
-1.127643231302499771e-02
-8.107548952102661133e-02
1.295158360153436661e-02
-5.521134138107299805e-01
-6.739630103111267090e-01
-2.141882777214050293e-01
3.179809078574180603e-02
-9.872545301914215088e-02
-2.650057375431060791e-01
-9.462794405408203602e-04
5.488895997405052185e-02
6.797029078006744385e-02
-2.041516639292240143e-02
-6.640727818012237549e-02
