3.194838995113968849e-03
3.318595513701438904e-02
6.656685471534729004e-02
8.499255776405334473e-02
9.544983506202697754e-02
1.038484573364257812e-01
1.081304028630256653e-01
9.602038562297821045e-02
1.250116229057312012e-01
1.449136137962341309e-01
2.204470634460449219e-01
2.712881565093994141e-01
3.591939210891723633e-01
5.127849578857421875e-01
6.754580140113830566e-01
-1.339653372764587402e+00
-1.188766241073608398e+00
-1.581833511590957642e-01
-4.491421952843666077e-02
-5.694536119699478149e-02
-3.949086740612983704e-02
-6.098978221416473389e-03
-1.637900434434413910e-02
-5.321492627263069153e-02
-1.128429025411605835e-01
-1.134894043207168579e-01
-9.624854475259780884e-02
-8.173618465662002563e-02
-6.965781003236770630e-02
-6.820853799581527710e-02
-6.472159177064895630e-02
-5.288507416844367981e-02
-4.262787103652954102e-02
