-1.013588160276412964e-02
5.154823884367942810e-04
1.541075203567743301e-02
-8.709041401743888855e-03
-1.627202704548835754e-02
-2.062911354005336761e-02
-2.377558872103691101e-02
-2.436810731887817383e-02
-3.387460485100746155e-02
-3.877866640686988831e-02
-3.894208744168281555e-02
-4.507818073034286499e-02
-3.657241538166999817e-02
-4.743378609418869019e-02
-4.356760159134864807e-02
-4.492290318012237549e-02
-3.841020911931991577e-02
-4.062806069850921631e-02
-4.329570755362510681e-02
-4.319324716925621033e-02
-4.758053645491600037e-02
-4.697060585021972656e-02
-5.093006044626235962e-02
-5.720264464616775513e-02
-6.099447235465049744e-02
-6.851492077112197876e-02
-7.993926852941513062e-02
-1.024895533919334412e-01
-1.470948457717895508e-01
-2.508031129837036133e-01
-4.611219465732574463e-01
1.212860107421875000e+00
7.365095615386962891e-01
-1.764098256826400757e-01
-5.363557487726211548e-02
-7.951048202812671661e-03
7.416539359837770462e-03
1.626013591885566711e-02
3.293938934803009033e-02
5.046166107058525085e-02
5.181197449564933777e-02
4.366979748010635376e-02
3.909308090806007385e-02
3.621041774749755859e-02
3.458941727876663208e-02
3.329024091362953186e-02
3.700213134288787842e-02
4.019487649202346802e-02
4.765075817704200745e-02
4.749708250164985657e-02
4.725437983870506287e-02
4.881270602345466614e-02
5.077870935201644897e-02
4.627716168761253357e-02
3.350160270929336548e-02
3.127556666731834412e-02
1.411115564405918121e-02
6.881305947899818420e-03
-2.183136297389864922e-03
-2.796462178230285645e-02
-3.253846988081932068e-02
-4.836995899677276611e-02
-2.237233705818653107e-02
-4.984322190284729004e-02
-3.640685975551605225e-02
