-2.802596928649634142e-44
-2.942726775082115849e-44
-3.643376007244524384e-44
-3.222986467947079263e-44
-3.222986467947079263e-44
3.503246160812042677e-44
-4.764414778704378041e-44
8.961975690908730030e-04
3.015905991196632385e-02
2.548304572701454163e-02
1.605168916285037994e-02
1.579894311726093292e-02
1.601642183959484100e-02
1.377480756491422653e-02
1.944765821099281311e-02
1.978704519569873810e-02
2.383776940405368805e-02
2.314440906047821045e-02
2.693303860723972321e-02
2.950589172542095184e-02
3.327193483710289001e-02
3.914715722203254700e-02
4.641507938504219055e-02
5.464782938361167908e-02
6.336877495050430298e-02
7.592064142227172852e-02
1.043618768453598022e-01
1.445974111557006836e-01
2.333843111991882324e-01
4.448981285095214844e-01
8.852653503417968750e-01
-2.586173772811889648e+00
-1.604911208152770996e+00
4.736650586128234863e-01
1.936114728450775146e-01
7.744897902011871338e-02
4.448577761650085449e-02
2.863395214080810547e-02
1.498016063123941422e-02
1.551601942628622055e-02
7.826359011232852936e-03
1.009082049131393433e-02
9.950202889740467072e-03
8.380956016480922699e-03
8.153462782502174377e-03
4.578500520437955856e-03
4.195082001388072968e-03
2.167334780097007751e-03
1.366944750770926476e-03
9.109686943702399731e-04
-7.491491851396858692e-04
-4.092252347618341446e-03
-1.736132893711328506e-03
-1.282331999391317368e-03
-3.106760559603571892e-03
-5.350715015083551407e-03
-1.778137520886957645e-03
-4.583539441227912903e-03
-4.587184172123670578e-03
-2.927521243691444397e-03
-2.883136970922350883e-03
-9.392824140377342701e-04
-4.328119102865457535e-04
-3.416420193389058113e-03
-1.131825847551226616e-03
