6.961890310049057007e-02
-4.291597008705139160e-02
-1.348105370998382568e-01
-5.328821390867233276e-02
-4.863689653575420380e-03
-1.693114489316940308e-01
-2.671925164759159088e-02
9.201908856630325317e-02
3.137700855731964111e-01
2.567174732685089111e-01
1.268845200538635254e-01
-4.851026833057403564e-02
3.386884927749633789e-01
-8.400868624448776245e-02
-4.496925473213195801e-01
-1.808270812034606934e-01
-6.066610813140869141e-01
-6.376202702522277832e-01
-6.177655458450317383e-01
-6.855322122573852539e-01
-9.558579325675964355e-01
-1.116691827774047852e+00
-4.282090365886688232e-01
1.147920936346054077e-01
1.437251567840576172e-01
3.108464553952217102e-02
-1.917287707328796387e-02
-1.843589395284652710e-01
-5.931311752647161484e-04
-4.482258111238479614e-02
6.580868363380432129e-02
-2.170865088701248169e-01
-1.622493267059326172e-01
