8.194179274141788483e-03
6.574673112481832504e-03
3.657433902844786644e-03
7.214019540697336197e-03
-9.479800355620682240e-04
-5.476026330143213272e-03
-6.448266562074422836e-03
1.979796914383769035e-03
1.790757477283477783e-02
1.494513731449842453e-02
2.354774856939911842e-03
-9.436390362679958344e-03
-2.926063258200883865e-03
-4.342298954725265503e-02
9.234914928674697876e-02
6.752996444702148438e-01
4.849558472633361816e-01
4.133587703108787537e-02
3.811105340719223022e-02
3.581159189343452454e-02
3.865241631865501404e-02
2.825056202709674835e-02
1.797450147569179535e-02
1.354798953980207443e-02
1.139897387474775314e-02
8.984284475445747375e-03
1.671293750405311584e-02
1.223689876496791840e-02
1.674130745232105255e-02
1.222059037536382675e-02
1.279349904507398605e-02
4.434088710695505142e-03
6.854687351733446121e-03
