9.942730516195297241e-02
-1.490100193768739700e-02
-2.490848302841186523e-03
-2.285043746232986450e-01
-1.554580032825469971e-01
-1.273179799318313599e-01
-1.636877357959747314e-01
7.535853236913681030e-02
1.813164651393890381e-01
-1.371326297521591187e-01
5.031068995594978333e-02
2.074124813079833984e-01
-1.104129925370216370e-01
-1.791600137948989868e-01
-1.046748682856559753e-01
1.230440214276313782e-01
-1.320130079984664917e-01
-1.232613250613212585e-01
-1.287019699811935425e-01
5.284480750560760498e-02
1.477797925472259521e-01
3.050939738750457764e-01
2.932159900665283203e-01
1.786843687295913696e-02
1.884161531925201416e-01
7.708726823329925537e-02
-3.251045048236846924e-01
-5.938335508108139038e-02
-3.501709401607513428e-01
-2.361798137426376343e-01
-4.984796792268753052e-02
-3.948079943656921387e-01
-5.696104168891906738e-01
-5.563026070594787598e-01
-6.526820063591003418e-01
-6.359893679618835449e-01
-6.669657230377197266e-01
-7.088662385940551758e-01
-6.956805586814880371e-01
-8.080095052719116211e-01
-6.282387971878051758e-01
-7.175430059432983398e-01
-4.579009413719177246e-01
-5.476290583610534668e-01
-3.418656885623931885e-01
-2.358365952968597412e-01
-3.779990077018737793e-01
-1.314734518527984619e-01
-2.991347908973693848e-01
1.930440030992031097e-02
1.725952178239822388e-01
-2.697667181491851807e-01
-9.853615611791610718e-02
-2.479526586830615997e-02
1.294990628957748413e-01
-6.504788994789123535e-02
8.944755792617797852e-02
1.127919033169746399e-01
1.075556315481662750e-02
-9.409116953611373901e-02
1.179216653108596802e-01
-4.203962907195091248e-02
-5.823541432619094849e-02
-2.941559068858623505e-02
-2.793866442516446114e-03
