-1.367551237344741821e-01
-6.236672773957252502e-02
1.851402036845684052e-02
7.658302783966064453e-02
7.943691685795783997e-03
-7.056502997875213623e-02
-1.429803110659122467e-02
-5.599214881658554077e-02
-3.634057566523551941e-02
-8.697675168514251709e-02
7.864765357226133347e-04
1.588686741888523102e-02
8.215557038784027100e-02
2.330818921327590942e-01
5.694572925567626953e-01
-1.778502225875854492e+00
-2.289426326751708984e+00
9.147140979766845703e-01
5.328112244606018066e-01
2.833896577358245850e-01
1.628532856702804565e-01
1.055414453148841858e-01
1.053053513169288635e-01
9.773284941911697388e-02
8.158023655414581299e-02
5.454330891370773315e-02
4.323149099946022034e-02
3.426935523748397827e-02
4.145164415240287781e-02
3.793978318572044373e-02
3.916943445801734924e-02
3.141853213310241699e-02
3.198787942528724670e-02
