2.311745425686240196e-03
-1.238700374960899353e-01
-4.114209208637475967e-03
-3.796437755227088928e-02
-4.328766465187072754e-02
-3.733948245644569397e-02
-1.796365901827812195e-02
-2.979014441370964050e-02
-4.229557141661643982e-02
-2.925190143287181854e-02
-6.500796973705291748e-02
-7.793519645929336548e-02
-7.162673026323318481e-02
8.370839990675449371e-03
1.423449367284774780e-01
-7.462530732154846191e-01
-1.535518527030944824e+00
6.623395085334777832e-01
4.032404720783233643e-01
2.457963973283767700e-01
1.625232249498367310e-01
1.346202343702316284e-01
1.252850294113159180e-01
8.150175958871841431e-02
8.765162527561187744e-02
7.106969505548477173e-02
6.171897053718566895e-02
5.060563609004020691e-02
3.863519430160522461e-02
2.919964678585529327e-02
2.378809265792369843e-02
2.354394271969795227e-02
2.034149132668972015e-02
