-1.760164042934775352e-03
-1.034059654921293259e-02
-1.542281825095415115e-03
1.141082867980003357e-02
2.335947565734386444e-02
3.118596225976943970e-02
1.915025152266025543e-02
2.341807819902896881e-02
7.054362446069717407e-02
1.157868281006813049e-01
1.726561337709426880e-01
1.782549917697906494e-01
1.309821158647537231e-01
2.162321470677852631e-02
-4.127151146531105042e-02
8.152138590812683105e-01
5.406861305236816406e-01
-3.117739260196685791e-01
-3.279871940612792969e-01
-2.612325251102447510e-01
-2.148535847663879395e-01
-1.859657913446426392e-01
-1.511278748512268066e-01
-1.096276268362998962e-01
-9.275973588228225708e-02
-7.337505370378494263e-02
-5.301934853196144104e-02
-3.784071281552314758e-02
-3.519311919808387756e-02
-3.854922205209732056e-02
-3.514147177338600159e-02
-3.084275871515274048e-02
-2.169255353510379791e-02
