6.384702865034341812e-04
4.048947244882583618e-03
2.050115494057536125e-03
4.920081701129674911e-03
3.857643809169530869e-03
3.871612716466188431e-03
4.755628760904073715e-03
8.351390250027179718e-03
1.050757896155118942e-02
5.091684870421886444e-03
6.651594303548336029e-03
3.649966325610876083e-03
7.889057509601116180e-03
6.740113254636526108e-03
9.119115769863128662e-03
1.241782028228044510e-02
8.995269425213336945e-03
1.143363863229751587e-02
8.571603335440158844e-03
1.019885856658220291e-02
8.316569030284881592e-03
1.237908098846673965e-02
1.277864258736371994e-02
6.062486208975315094e-03
-2.973327180370688438e-03
1.047865836881101131e-03
1.381238806061446667e-03
-5.843578837811946869e-03
-3.521065413951873779e-02
-1.482547223567962646e-01
-3.453407883644104004e-01
1.070427298545837402e+00
1.578966021537780762e+00
-6.610655188560485840e-01
-3.515397012233734131e-01
-1.907764673233032227e-01
-1.250062733888626099e-01
-8.580795675516128540e-02
-5.851795151829719543e-02
-5.200389027595520020e-02
-4.123460128903388977e-02
-3.419936820864677429e-02
-2.915952168405056000e-02
-2.723354101181030273e-02
-2.284433878958225250e-02
-2.210654877126216888e-02
-1.933263801038265228e-02
-1.924028247594833374e-02
-1.760872639715671539e-02
-2.047297544777393341e-02
-1.686490327119827271e-02
-1.671720854938030243e-02
-1.262434758245944977e-02
-9.709374047815799713e-03
-1.122405380010604858e-02
-1.505731325596570969e-02
-1.005852688103914261e-02
-1.287204492837190628e-02
-9.192552417516708374e-03
-4.941698163747787476e-03
-2.061054343357682228e-03
-2.362011699005961418e-03
1.721263863146305084e-03
-4.033617675304412842e-03
-3.821220947429537773e-03
