-1.865934431552886963e-01
-1.661763153970241547e-02
9.791040420532226562e-02
-2.015189966186881065e-03
5.616813898086547852e-02
-3.910576924681663513e-02
-3.273504599928855896e-02
-1.032831221818923950e-01
-6.673916429281234741e-02
9.465165436267852783e-02
-5.254006385803222656e-02
2.657888457179069519e-03
-1.593321114778518677e-01
3.117282874882221222e-02
-1.689553260803222656e-02
6.295959930866956711e-03
-5.460792407393455505e-02
1.838586479425430298e-02
-1.020738631486892700e-01
1.131881102919578552e-01
6.557800620794296265e-02
1.704235672950744629e-01
1.896175146102905273e-01
1.050342097878456116e-01
-5.049248784780502319e-02
-1.854471117258071899e-01
-3.469898998737335205e-01
-5.714425444602966309e-01
-6.659416556358337402e-01
-7.873533368110656738e-01
-8.275370001792907715e-01
-6.733277440071105957e-01
-6.385331749916076660e-01
-3.531242311000823975e-01
-2.127445936203002930e-01
1.011587157845497131e-01
1.879973411560058594e-01
2.743802070617675781e-01
3.586817085742950439e-01
3.969631493091583252e-01
2.993549406528472900e-01
4.405125677585601807e-01
2.994837164878845215e-01
4.066577926278114319e-02
-4.656848311424255371e-02
1.013826765120029449e-02
1.038246750831604004e-01
-7.863702625036239624e-02
-3.950244560837745667e-02
-1.360832154750823975e-01
-8.497541397809982300e-02
-1.359262019395828247e-01
-1.671379953622817993e-01
-8.742370456457138062e-02
-5.170032009482383728e-02
2.210885472595691681e-02
4.902831465005874634e-02
-1.452359408140182495e-01
6.715926527976989746e-02
-1.295185983180999756e-01
-1.170577853918075562e-01
4.167924821376800537e-02
6.457604467868804932e-02
-7.905536144971847534e-02
-4.483285173773765564e-02
