3.419308457523584366e-03
3.563427552580833435e-02
6.330724060535430908e-02
8.091882616281509399e-02
9.219371527433395386e-02
1.009465977549552917e-01
1.059852093458175659e-01
1.123666763305664062e-01
1.280377209186553955e-01
1.552987396717071533e-01
2.090074419975280762e-01
2.637160718441009521e-01
3.638629317283630371e-01
5.082523822784423828e-01
6.713150143623352051e-01
-1.353127956390380859e+00
-1.184331893920898438e+00
-1.467638015747070312e-01
-3.349723294377326965e-02
-3.476010635495185852e-02
-2.230079285800457001e-02
-5.810666829347610474e-03
-2.384865656495094299e-02
-7.533194124698638916e-02
-1.159851551055908203e-01
-1.129368692636489868e-01
-9.443511068820953369e-02
-7.469254732131958008e-02
-7.212281227111816406e-02
-6.714954227209091187e-02
-6.278479844331741333e-02
-4.906757175922393799e-02
-4.528959095478057861e-02
