4.353707283735275269e-02
-2.603839896619319916e-02
3.417817177250981331e-03
2.055905573070049286e-02
1.174451317638158798e-03
1.915934681892395020e-02
3.932785987854003906e-02
2.623350545763969421e-02
-3.234433382749557495e-02
-1.169578656554222107e-01
-8.873530477285385132e-02
-5.664891749620437622e-02
2.760182321071624756e-01
5.630185604095458984e-01
1.691693365573883057e-01
-3.825894594192504883e-01
-1.979936361312866211e-01
-5.314368009567260742e-02
-5.999292135238647461e-01
-3.779822587966918945e-01
3.357324898242950439e-01
3.919069766998291016e-01
1.187208965420722961e-01
2.933900244534015656e-02
-5.766784027218818665e-02
-7.476945966482162476e-02
-1.084303203970193863e-02
2.256089821457862854e-02
1.647771336138248444e-02
1.027044560760259628e-02
1.958818919956684113e-02
1.019626203924417496e-02
-1.150227896869182587e-02
