4.548222292214632034e-03
2.588241128250956535e-03
1.503711193799972534e-02
1.485564000904560089e-02
1.098025869578123093e-02
-3.299476520624011755e-04
4.521069116890430450e-03
6.756738293915987015e-03
6.630526389926671982e-03
3.808077191933989525e-03
-2.915479009971022606e-03
-7.362662348896265030e-03
-1.313463598489761353e-02
-2.046308293938636780e-02
-2.320537157356739044e-02
-2.530570887029170990e-02
-3.128547966480255127e-02
-3.845489025115966797e-02
-4.246504604816436768e-02
-4.804207012057304382e-02
-5.111497268080711365e-02
-5.265850201249122620e-02
-5.563375726342201233e-02
-5.256354063749313354e-02
-5.583595484495162964e-02
-5.601041764020919800e-02
-6.555510312318801880e-02
-8.726180344820022583e-02
-1.485806852579116821e-01
-2.509661614894866943e-01
-3.821968436241149902e-01
4.114412069320678711e-01
9.278216361999511719e-01
-1.374872922897338867e-01
-8.137546479701995850e-02
-3.996951133012771606e-02
-2.693901536986231804e-03
3.292738646268844604e-02
4.105504229664802551e-02
4.803844168782234192e-02
4.785589128732681274e-02
4.340757057070732117e-02
4.295727238059043884e-02
4.138350114226341248e-02
3.964985534548759460e-02
3.431931138038635254e-02
2.928510308265686035e-02
2.354101650416851044e-02
1.124230958521366119e-02
5.200169514864683151e-03
-1.208296976983547211e-03
-6.953326519578695297e-03
-1.213078666478395462e-02
-1.008010189980268478e-02
-1.349732000380754471e-02
-1.360723096877336502e-02
-1.314858626574277878e-02
-1.496945042163133621e-02
-1.479045301675796509e-02
-1.188367139548063278e-02
-1.147433556616306305e-02
-1.522328006103634834e-03
6.552285049110651016e-03
3.207827219739556313e-03
1.344318385235965252e-03
