-5.574890971183776855e-02
-8.087451010942459106e-02
7.857179641723632812e-02
-1.265354920178651810e-02
2.853026380762457848e-03
3.541210293769836426e-02
-4.513173177838325500e-02
1.527679059654474258e-02
1.160994730889797211e-02
-3.486652672290802002e-02
1.170469895005226135e-01
1.335521489381790161e-01
5.620997771620750427e-02
1.523105893284082413e-02
2.184849381446838379e-01
1.276753246784210205e-01
2.371887266635894775e-01
7.666205614805221558e-02
2.628848850727081299e-01
1.557113677263259888e-01
7.044258713722229004e-02
-5.815922468900680542e-02
-5.153836682438850403e-02
-1.095110997557640076e-01
-8.789946138858795166e-02
-1.369418650865554810e-01
-1.438824832439422607e-01
-2.251904755830764771e-01
-1.301918923854827881e-01
3.290160894393920898e-01
1.743908524513244629e-01
1.137027293443679810e-01
2.911129593849182129e-01
2.453743368387222290e-01
3.899921476840972900e-01
4.962717294692993164e-01
3.612329661846160889e-01
4.350200295448303223e-01
6.725887656211853027e-01
8.129945397377014160e-01
6.979031562805175781e-01
5.729429125785827637e-01
1.777722537517547607e-01
-1.036352850496768951e-02
-8.216689527034759521e-02
-3.851253911852836609e-02
-4.605257883667945862e-02
-7.064205408096313477e-02
1.154997795820236206e-01
1.293198466300964355e-01
3.395147621631622314e-02
1.639203913509845734e-02
-9.307889849878847599e-04
5.565885081887245178e-02
8.564645051956176758e-02
-6.097844988107681274e-02
5.431916192173957825e-02
1.277217119932174683e-01
1.327824890613555908e-01
-2.181051112711429596e-02
6.288676057010889053e-03
-4.354374483227729797e-02
-2.410006336867809296e-02
1.094652712345123291e-01
-7.061725854873657227e-02
