5.484414286911487579e-03
6.105551146902143955e-04
-1.242724247276782990e-02
-1.479488518089056015e-02
-1.439933031797409058e-01
3.014440881088376045e-04
-2.684556879103183746e-02
8.949588984251022339e-02
-6.436512805521488190e-03
5.893896147608757019e-02
1.255999226123094559e-02
3.568369522690773010e-02
-4.017802700400352478e-02
-3.050281479954719543e-02
4.036536440253257751e-03
5.943879485130310059e-02
-2.655950933694839478e-02
4.812239110469818115e-02
6.178157776594161987e-02
-7.149733603000640869e-02
4.333610646426677704e-03
4.106997698545455933e-02
1.605549156665802002e-01
1.915489882230758667e-01
1.673547625541687012e-01
2.256843000650405884e-01
-1.044918149709701538e-01
-3.552969396114349365e-01
-2.517321407794952393e-01
-2.028038911521434784e-02
-9.108772873878479004e-02
2.718550264835357666e-01
3.791632950305938721e-01
3.735699653625488281e-01
6.672514677047729492e-01
5.668181180953979492e-01
6.649978756904602051e-01
7.000329494476318359e-01
5.886590480804443359e-01
4.800423383712768555e-01
2.095869779586791992e-01
1.615124642848968506e-01
2.359406277537345886e-02
-1.181729286909103394e-01
-7.679715007543563843e-02
-1.825879700481891632e-02
-7.680822908878326416e-02
1.913400888442993164e-01
9.837713837623596191e-02
1.046490594744682312e-01
-2.502001635730266571e-02
4.185913875699043274e-02
-1.153252497315406799e-01
-8.304846286773681641e-02
1.799713075160980225e-02
-3.670723363757133484e-02
-5.638521537184715271e-02
5.306146666407585144e-02
1.524152699857950211e-02
3.488994017243385315e-02
9.387176483869552612e-03
-1.946837268769741058e-02
1.082629486918449402e-01
-2.111051045358181000e-02
7.316676527261734009e-02
