-2.850291877985000610e-02
5.968173500150442123e-03
-1.336175352334976196e-01
6.441063247621059418e-03
1.232924535870552063e-01
-1.319341510534286499e-01
3.058952838182449341e-02
-6.019192561507225037e-02
2.241003513336181641e-01
6.723098456859588623e-02
-3.565378114581108093e-02
7.160179316997528076e-02
1.060411483049392700e-01
4.228219855576753616e-03
3.726590052247047424e-02
2.021843045949935913e-01
1.109753698110580444e-01
-1.075611561536788940e-01
-1.601988226175308228e-01
-3.489964008331298828e-01
-4.975337982177734375e-01
-5.647078752517700195e-01
-7.674869894981384277e-01
-6.076911687850952148e-01
-8.842808008193969727e-01
-7.934200167655944824e-01
-7.993979454040527344e-01
-8.039273023605346680e-01
-7.437039613723754883e-01
-7.285922765731811523e-01
-6.183502674102783203e-01
-7.022671103477478027e-01
-4.490418434143066406e-01
-4.056890904903411865e-01
-3.757649362087249756e-01
-3.131496310234069824e-01
-1.025671437382698059e-01
-1.215985044836997986e-01
-1.019470691680908203e-01
1.966209411621093750e-01
1.399561017751693726e-01
1.667370498180389404e-01
2.361227571964263916e-02
1.996594518423080444e-01
1.284571923315525055e-02
2.831319719552993774e-02
1.776290833950042725e-01
-6.862594187259674072e-02
1.117730736732482910e-01
-1.342726647853851318e-01
1.901118010282516479e-01
-5.881059914827346802e-02
-4.016695916652679443e-02
2.723167836666107178e-02
3.354298695921897888e-02
4.307828843593597412e-02
1.058600619435310364e-01
-1.844261735677719116e-01
-1.399086415767669678e-01
1.848571188747882843e-02
7.348216325044631958e-02
-5.846444144845008850e-02
-4.039783030748367310e-02
6.603503227233886719e-02
1.664869487285614014e-01
