-9.005402214825153351e-03
-8.551825769245624542e-03
-7.917665876448154449e-03
-2.461637742817401886e-02
-1.498153246939182281e-02
-2.417479641735553741e-02
-1.644690334796905518e-02
1.370964664965867996e-02
3.164102137088775635e-02
3.607365861535072327e-02
5.335390940308570862e-02
9.390383958816528320e-02
1.405565887689590454e-01
1.996043622493743896e-01
2.696526050567626953e-01
8.039875626564025879e-01
1.155088067054748535e+00
5.909870266914367676e-01
5.637489557266235352e-01
5.356063246726989746e-01
4.817591011524200439e-01
4.440108239650726318e-01
4.178718328475952148e-01
3.940393030643463135e-01
3.736338317394256592e-01
3.465868234634399414e-01
3.111638426780700684e-01
2.867731153964996338e-01
2.599034011363983154e-01
2.282198965549468994e-01
2.033785432577133179e-01
1.199510991573333740e-01
4.544631764292716980e-02
