4.474150389432907104e-02
7.544151693582534790e-02
2.451539933681488037e-01
-5.134714841842651367e-01
-1.145395357161760330e-02
5.260029435157775879e-02
1.454523485153913498e-02
-4.713259264826774597e-02
1.079602167010307312e-01
4.734083712100982666e-01
-1.338159590959548950e-01
1.008186697959899902e+00
2.076259613037109375e+00
2.025951147079467773e+00
1.477435946464538574e+00
8.175319433212280273e-01
1.814987301826477051e+00
1.227269053459167480e+00
9.638571739196777344e-01
1.257811903953552246e+00
7.765092253684997559e-01
7.466621994972229004e-01
6.891186535358428955e-02
2.351116389036178589e-01
2.509532570838928223e-01
3.216227889060974121e-01
1.688706576824188232e-01
3.164140582084655762e-01
-2.416230179369449615e-02
2.696792967617511749e-02
4.314646124839782715e-02
2.182044535875320435e-01
5.384813547134399414e-01
