1.701629012823104858e-01
-1.373361647129058838e-01
1.466227769851684570e-01
1.132432650774717331e-02
1.260669380426406860e-01
1.217838302254676819e-01
6.230085715651512146e-02
-2.424426525831222534e-01
-2.684714272618293762e-02
1.694284230470657349e-01
2.145227342844009399e-01
4.800130054354667664e-02
-6.286834180355072021e-02
-3.157167136669158936e-01
2.701016962528228760e-01
-2.543525993824005127e-01
-4.687291383743286133e-02
1.635122001171112061e-01
3.897025063633918762e-02
-6.242973729968070984e-02
-3.165648579597473145e-01
5.619906783103942871e-01
6.383978128433227539e-01
8.816427588462829590e-01
7.238411903381347656e-01
6.409139037132263184e-01
7.525836825370788574e-01
7.198935151100158691e-01
7.597427368164062500e-01
7.762851715087890625e-01
9.767491817474365234e-01
7.864387631416320801e-01
9.522095322608947754e-01
1.316921234130859375e+00
1.221742391586303711e+00
1.172587275505065918e+00
1.352970838546752930e+00
1.451358318328857422e+00
1.344208955764770508e+00
1.578702092170715332e+00
1.588437676429748535e+00
1.516412496566772461e+00
1.653745293617248535e+00
1.721396446228027344e+00
1.338094830513000488e+00
9.346571564674377441e-01
4.297712445259094238e-01
6.398124694824218750e-01
3.291019797325134277e-01
-1.353188604116439819e-01
1.215248648077249527e-02
6.272331625223159790e-02
6.406971067190170288e-02
-2.950472235679626465e-01
2.910873591899871826e-01
-7.429152727127075195e-03
5.018755421042442322e-02
8.154743909835815430e-02
-8.591145277023315430e-02
-8.055552095174789429e-02
1.462941914796829224e-01
-1.084535717964172363e-01
6.116291135549545288e-02
-1.873544305562973022e-01
-6.607384420931339264e-03
