9.241476655006408691e-02
3.955772891640663147e-02
4.872273281216621399e-02
6.034001708030700684e-02
6.605371087789535522e-02
5.088298767805099487e-02
4.702306911349296570e-02
3.357931599020957947e-02
1.605276204645633698e-02
-7.184071000665426254e-03
3.186943009495735168e-02
1.198737695813179016e-01
2.357948273420333862e-01
2.601437568664550781e-01
3.179104924201965332e-01
-7.363113164901733398e-01
-5.043721199035644531e-01
3.166344389319419861e-02
9.162487089633941650e-02
-1.303610578179359436e-02
-1.293351799249649048e-01
-1.341847330331802368e-01
-7.721576839685440063e-02
-4.267772287130355835e-02
-7.446453440934419632e-03
2.797446772456169128e-02
4.439292848110198975e-02
4.440568760037422180e-02
-1.401263871230185032e-04
-8.909394592046737671e-02
1.956114731729030609e-02
-5.250033736228942871e-02
3.775328397750854492e-02
