5.716326646506786346e-03
1.290976069867610931e-02
2.072829380631446838e-02
2.980162575840950012e-02
2.591001428663730621e-02
7.218171842396259308e-03
-2.016210928559303284e-02
-5.105040594935417175e-02
-7.877404987812042236e-02
-1.188791692256927490e-01
-1.494726389646530151e-01
-1.359748095273971558e-01
-4.492048919200897217e-02
6.766425818204879761e-02
3.107847087085247040e-02
-6.839725375175476074e-01
-6.458806395530700684e-01
2.985723614692687988e-01
3.387807905673980713e-01
2.825101912021636963e-01
1.928531676530838013e-01
1.285128444433212280e-01
9.559426456689834595e-02
1.112280562520027161e-01
1.039457097649574280e-01
8.784453570842742920e-02
6.885126233100891113e-02
6.862655282020568848e-02
6.139918789267539978e-02
4.846587777137756348e-02
4.074816778302192688e-02
2.944762259721755981e-02
1.208916865289211273e-02
