4.015643149614334106e-02
6.771037727594375610e-02
2.200324535369873047e-01
-4.608552455902099609e-01
-1.026865094900131226e-02
4.027122631669044495e-03
5.168164893984794617e-02
1.170160397887229919e-01
-2.469564788043498993e-02
-9.508930146694183350e-02
-1.764650046825408936e-01
-2.544628381729125977e-01
-3.521312475204467773e-01
-5.002827048301696777e-01
-5.657567381858825684e-01
1.864805817604064941e+00
2.501485347747802734e+00
-4.890170991420745850e-01
-3.374214470386505127e-01
-1.092741861939430237e-01
7.411384582519531250e-02
5.373019352555274963e-02
8.564869314432144165e-02
7.447170466184616089e-02
3.272090479731559753e-02
2.871465384960174561e-01
1.513878554105758667e-01
2.839780449867248535e-01
-2.168653719127178192e-02
2.420442551374435425e-02
3.872475773096084595e-02
1.958446204662322998e-01
4.833014607429504395e-01
