1.017580479383468628e-01
-5.721661821007728577e-02
6.793288048356771469e-03
4.088056460022926331e-02
-1.048356760293245316e-02
1.287399046123027802e-02
3.342961147427558899e-02
2.768974937498569489e-02
1.531552989035844803e-02
-4.531976208090782166e-02
6.648249179124832153e-02
-6.598309148102998734e-03
3.820575401186943054e-02
2.539272792637348175e-02
1.423798874020576477e-02
-1.064663939177989960e-02
-4.427580907940864563e-02
1.572114974260330200e-02
-8.512454479932785034e-02
-7.759438455104827881e-02
7.756389677524566650e-02
1.854485720396041870e-01
4.304180145263671875e-01
3.970146179199218750e-01
2.412072867155075073e-01
4.755771160125732422e-02
-7.666381448507308960e-02
5.736958235502243042e-03
-2.286526262760162354e-01
-4.165000319480895996e-01
-5.059387087821960449e-01
-5.590043663978576660e-01
-2.408599555492401123e-01
2.884708940982818604e-01
2.489140927791595459e-01
2.946436172351241112e-03
6.126625929027795792e-03
-1.023202762007713318e-01
-2.050815522670745850e-01
-4.132049158215522766e-02
-1.056086495518684387e-01
-2.475532144308090210e-01
-8.549144119024276733e-02
7.535813748836517334e-02
1.280483752489089966e-01
9.883440285921096802e-02
7.338676601648330688e-02
2.121019735932350159e-02
-7.068333029747009277e-02
-6.194186210632324219e-02
-8.344344049692153931e-02
-5.164835136383771896e-03
-3.265726147219538689e-03
-6.762653589248657227e-02
-1.782575063407421112e-02
-2.186420559883117676e-02
-2.772291749715805054e-02
5.092603713274002075e-02
4.426347091794013977e-02
2.126231603324413300e-02
-2.375730872154235840e-02
6.326428055763244629e-02
-3.120327368378639221e-02
5.592626333236694336e-02
-1.051711570471525192e-02
