2.322287671267986298e-02
-2.530967295169830322e-01
-1.763254702091217041e-01
1.156972125172615051e-01
7.466278970241546631e-02
1.894505769014358521e-01
-2.185297310352325439e-01
1.067299619317054749e-01
-1.511508375406265259e-01
1.715123839676380157e-02
9.648505598306655884e-02
-1.004847045987844467e-02
-8.170299232006072998e-02
-3.915002453140914440e-04
1.402900815010070801e-01
-9.450410306453704834e-02
1.652145236730575562e-01
6.233608350157737732e-02
4.392514824867248535e-01
4.872149229049682617e-01
6.513651013374328613e-01
8.678522706031799316e-01
7.897135019302368164e-01
8.713673353195190430e-01
7.554950118064880371e-01
6.682876348495483398e-01
6.913290023803710938e-01
4.554505348205566406e-01
4.184958636760711670e-01
5.261117815971374512e-01
2.713381648063659668e-01
3.628960549831390381e-01
2.176920622587203979e-01
2.482032328844070435e-01
2.043439745903015137e-01
1.356708705425262451e-01
2.245212793350219727e-01
1.200554221868515015e-01
-2.846462130546569824e-01
-4.255927801132202148e-01
-3.434977829456329346e-01
-3.079308569431304932e-01
-2.634881734848022461e-01
1.632278859615325928e-01
4.374565482139587402e-01
3.910847008228302002e-01
4.450543969869613647e-02
3.004690706729888916e-01
9.212525188922882080e-02
1.219273731112480164e-01
-6.180160120129585266e-02
7.670973241329193115e-02
-1.086005866527557373e-01
-1.768041551113128662e-01
-1.650029122829437256e-01
-4.494662955403327942e-02
1.866296827793121338e-01
-4.668987169861793518e-02
8.601990342140197754e-02
7.915308699011802673e-03
1.116503402590751648e-01
-1.519531011581420898e-01
-7.676222920417785645e-02
-6.280160043388605118e-03
-2.406321652233600616e-02
