8.263564854860305786e-02
8.784779161214828491e-02
1.048119589686393738e-01
1.094704270362854004e-01
1.226307526230812073e-01
1.251545399427413940e-01
1.438252925872802734e-01
1.495349407196044922e-01
1.643206477165222168e-01
1.783257275819778442e-01
1.924391388893127441e-01
2.261495292186737061e-01
2.390857338905334473e-01
2.076857686042785645e-01
1.569207310676574707e-01
8.376046419143676758e-01
6.953173279762268066e-01
7.420901209115982056e-02
5.250185728073120117e-02
6.758055184036493301e-03
6.741337128914892673e-04
-2.542751654982566833e-02
-1.351345516741275787e-02
-2.258173190057277679e-03
-1.619901135563850403e-02
-2.345058694481849670e-02
-3.708110377192497253e-02
-1.987116038799285889e-02
-1.788572524674236774e-03
1.732154004275798798e-02
2.080222964286804199e-02
2.069316245615482330e-02
7.408441044390201569e-03
