2.963192574679851532e-02
-2.957002222537994385e-01
-2.035407721996307373e-01
1.440915018320083618e-01
1.002083644270896912e-01
2.463629245758056641e-01
-2.056484073400497437e-01
2.424756735563278198e-01
7.425509858876466751e-03
2.262065708637237549e-01
3.015085756778717041e-01
1.343493908643722534e-01
-1.883714646100997925e-01
-3.770151436328887939e-01
-3.621372207999229431e-02
-4.756746813654899597e-02
3.068068921566009521e-01
6.737747192382812500e-01
8.508272767066955566e-01
7.509017586708068848e-01
7.577212452888488770e-01
6.844975352287292480e-01
6.070466041564941406e-01
4.283379614353179932e-01
-8.643361926078796387e-02
-6.425383687019348145e-02
-7.518812268972396851e-02
1.182807311415672302e-01
6.014170870184898376e-02
9.011528454720973969e-03
-8.693265914916992188e-02
3.348584175109863281e-01
-8.452222682535648346e-03
