2.596492646262049675e-03
1.408135285601019859e-03
1.483236439526081085e-03
-3.696608837344683707e-05
7.925818790681660175e-04
8.376839832635596395e-05
3.827827516943216324e-03
-5.086383782327175140e-03
2.264968818053603172e-03
5.516236647963523865e-03
5.129991332069039345e-04
-1.114375609904527664e-02
5.382053088396787643e-03
4.266921430826187134e-03
4.979030229151248932e-03
4.098579753190279007e-03
-7.557280361652374268e-03
-1.889806799590587616e-02
-1.204284373670816422e-02
-4.164456855505704880e-03
1.211753580719232559e-03
8.884785696864128113e-03
1.475374400615692139e-02
1.497706212103366852e-02
1.609877683222293854e-02
5.587583407759666443e-03
-1.279644574970006943e-02
-2.856106497347354889e-02
-2.926009148359298706e-02
2.970484551042318344e-03
5.334402620792388916e-02
6.246607899665832520e-01
3.672449886798858643e-01
-1.619981229305267334e-02
-6.480548530817031860e-02
-7.075251638889312744e-02
-4.630762338638305664e-02
-2.207530662417411804e-02
-9.646208956837654114e-03
-6.030757911503314972e-03
-4.569959826767444611e-03
-4.252780694514513016e-03
-6.665412802249193192e-03
-3.674843814224004745e-03
-5.209623835980892181e-03
-4.027375020086765289e-03
-2.897578757256269455e-03
6.248310091905295849e-05
-5.788133130408823490e-04
1.800277619622647762e-03
-1.359646790660917759e-03
-1.640267088077962399e-03
-6.934209377504885197e-04
-3.028057049959897995e-03
1.007921644486486912e-03
1.635125838220119476e-03
3.879528027027845383e-03
-4.296114668250083923e-03
2.294212114065885544e-03
-4.150793829467147589e-04
-6.861946894787251949e-04
7.251265342347323895e-04
-2.055519726127386093e-03
4.045637324452400208e-03
3.515809541568160057e-03
