5.247367662377655506e-04
8.349586860276758671e-04
3.028076142072677612e-03
6.588850519619882107e-04
-2.517677145078778267e-03
-4.516253713518381119e-03
9.849202819168567657e-03
1.524174469523131847e-03
2.630612347275018692e-03
2.184573328122496605e-03
7.259862497448921204e-03
6.366305984556674957e-03
6.508398801088333130e-03
6.057483609765768051e-03
7.119510322809219360e-03
6.407371256500482559e-03
3.168651834130287170e-03
3.665703348815441132e-03
4.608164541423320770e-03
5.071607418358325958e-03
4.404533188790082932e-03
3.542384365573525429e-03
2.341457584407180548e-04
5.565956234931945801e-04
1.813784911064431071e-04
5.828779656440019608e-03
1.868066936731338501e-02
4.596429690718650818e-02
7.267486304044723511e-02
8.111633360385894775e-02
6.479948014020919800e-02
-3.301001787185668945e-01
-6.260026097297668457e-01
-3.669462725520133972e-02
-2.798993512988090515e-02
-1.561334729194641113e-02
8.640252053737640381e-03
2.430268563330173492e-02
2.343593724071979523e-02
1.416254229843616486e-02
-1.579672563821077347e-03
-1.244211290031671524e-02
-1.842646859586238861e-02
-1.644345931708812714e-02
-6.095925346016883850e-03
6.208415143191814423e-04
4.033881705254316330e-03
2.181316958740353584e-03
-1.933670253492891788e-03
-5.396699998527765274e-03
-7.384604308754205704e-03
3.964809700846672058e-03
-2.316944999620318413e-03
3.957239445298910141e-03
4.377848468720912933e-03
-1.285021193325519562e-03
-2.603476634249091148e-03
-8.751876885071396828e-04
1.187933026812970638e-03
-5.845241248607635498e-03
-6.889743730425834656e-03
-7.028142455965280533e-03
-5.267699249088764191e-03
-2.323199150850996375e-04
9.876014664769172668e-04
