-1.758610713295638561e-03
-2.863419707864522934e-03
-2.115229843184351921e-03
-1.050118706189095974e-03
8.861568756401538849e-03
8.754655718803405762e-04
-2.788542769849300385e-02
-2.384831011295318604e-02
1.372894179075956345e-02
5.847182869911193848e-02
1.745227724313735962e-02
-4.861508682370185852e-02
3.549293428659439087e-02
-7.295672595500946045e-02
1.268111318349838257e-01
3.918635249137878418e-01
3.141449093818664551e-01
1.204176023602485657e-01
6.507058441638946533e-02
1.116669997572898865e-01
8.741265535354614258e-02
5.330098047852516174e-02
1.467211637645959854e-02
1.743023516610264778e-03
1.055091060698032379e-02
1.775412261486053467e-02
4.527764022350311279e-02
5.057586729526519775e-02
9.464360028505325317e-02
9.241402894258499146e-02
4.843628033995628357e-03
-4.956023022532463074e-02
-2.323227189481258392e-02
