9.239933639764785767e-02
-2.013973891735076904e-02
3.801206499338150024e-02
6.096882000565528870e-02
7.553734630346298218e-02
3.996739163994789124e-02
2.327889204025268555e-02
-8.073027431964874268e-02
-1.859883428551256657e-03
-1.550796627998352051e-02
1.934805214405059814e-01
5.701275467872619629e-01
4.971554577350616455e-01
-3.609901368618011475e-01
-3.590044081211090088e-01
-4.269109293818473816e-02
-1.908004879951477051e-01
-5.014981031417846680e-01
-1.505270451307296753e-01
-5.532008409500122070e-02
-4.376797974109649658e-01
-5.204563140869140625e-01
-2.482087612152099609e-01
-3.352197259664535522e-02
4.525938071310520172e-03
-7.677541673183441162e-02
6.719567626714706421e-02
4.440797120332717896e-02
7.286969106644392014e-03
-5.623724311590194702e-02
5.129973590373992920e-02
-3.483254462480545044e-02
4.111302271485328674e-02
