-1.653726994991302490e-01
-1.559232175350189209e-01
1.161012724041938782e-01
3.223240748047828674e-02
7.177428901195526123e-02
-5.239573493599891663e-02
5.555612221360206604e-02
4.201411828398704529e-02
-7.211962714791297913e-03
-4.839482903480529785e-02
-1.588461399078369141e-01
-6.115842610597610474e-02
2.779304049909114838e-02
5.021788552403450012e-02
5.281425639986991882e-02
2.176668122410774231e-02
1.292830426245927811e-02
1.635329797863960266e-02
8.188812993466854095e-03
7.802695035934448242e-03
8.005069568753242493e-03
1.721343025565147400e-02
2.588127739727497101e-02
2.399960160255432129e-02
2.626374736428260803e-02
3.259048238396644592e-02
5.513806268572807312e-02
1.076747179031372070e-01
2.195084542036056519e-01
3.400950133800506592e-01
2.938200235366821289e-01
-4.147374927997589111e-01
-3.569861352443695068e-01
2.882119715213775635e-01
4.001709818840026855e-02
1.518521308898925781e-01
9.245621412992477417e-02
-6.279620807617902756e-03
-7.900314778089523315e-02
-9.005564451217651367e-02
-4.846535623073577881e-02
5.842356011271476746e-03
5.350296944379806519e-02
7.082182168960571289e-02
6.011125817894935608e-02
2.533619105815887451e-02
-2.349833585321903229e-02
-6.877437233924865723e-02
-1.126632988452911377e-01
-1.239248663187026978e-01
-7.068268209695816040e-02
2.850923500955104828e-02
9.121407568454742432e-02
1.193293631076812744e-01
1.113427877426147461e-01
2.865297161042690277e-02
5.446137487888336182e-02
1.567314267158508301e-01
6.600210815668106079e-02
1.958532258868217468e-02
-9.452536702156066895e-02
-1.867666244506835938e-01
-1.180436238646507263e-01
-4.007935523986816406e-02
-1.494389921426773071e-01
