-3.564126556739211082e-03
1.941257528960704803e-02
1.217870227992534637e-02
1.105866953730583191e-02
1.356540527194738388e-02
1.198777277022600174e-02
8.921683765947818756e-03
1.718701794743537903e-03
2.768448321148753166e-03
1.852047513239085674e-03
-3.386652329936623573e-03
1.040260307490825653e-02
-3.465788904577493668e-03
3.760246094316244125e-03
1.964791910722851753e-03
2.771006664261221886e-03
-3.003064077347517014e-03
-1.363273058086633682e-02
-1.363595575094223022e-02
-1.954800635576248169e-02
-1.839613914489746094e-02
-1.462311204522848129e-02
-9.654095396399497986e-03
3.283523023128509521e-03
1.144501846283674240e-02
1.113120373338460922e-02
1.345572294667363167e-03
-1.163972914218902588e-02
-1.548666786402463913e-02
1.785912550985813141e-02
6.518531590700149536e-02
-6.316662430763244629e-01
-5.851110816001892090e-01
1.993425488471984863e-01
1.315983235836029053e-01
6.117429211735725403e-02
2.110421098768711090e-02
1.358065754175186157e-02
2.804475091397762299e-02
3.976117447018623352e-02
5.083991214632987976e-02
4.937385395169258118e-02
3.670327737927436829e-02
2.242523059248924255e-02
2.442069817334413528e-03
-1.499195583164691925e-02
-2.882345207035541534e-02
-2.994766645133495331e-02
-3.169010952115058899e-02
-2.935506217181682587e-02
-1.247568614780902863e-02
-8.204441517591476440e-03
7.420486304908990860e-03
1.677675917744636536e-02
2.031535655260086060e-02
1.304012071341276169e-02
1.498044747859239578e-02
1.460469793528318405e-02
1.484847441315650940e-02
3.182875225320458412e-03
6.320528220385313034e-03
1.784504391252994537e-02
1.357958931475877762e-02
1.934594847261905670e-02
8.815810084342956543e-03
