-4.764414778704378041e-44
-4.624284932271896334e-44
-4.624284932271896334e-44
-4.203895392974451213e-44
-4.624284932271896334e-44
4.624284932271896334e-44
-4.344025239406932920e-44
5.324934164434304870e-44
4.203895392974451213e-44
-4.764414778704378041e-44
-8.217787561548561825e-11
2.249831892549991608e-02
-1.604456454515457153e-02
2.397338394075632095e-03
1.727990992367267609e-02
1.211974117904901505e-02
1.252625882625579834e-02
6.355034653097391129e-03
5.278338212519884109e-03
5.824615247547626495e-03
8.374116732738912106e-04
-2.702632918953895569e-03
-1.104836631566286087e-02
-6.511332932859659195e-03
-1.790682040154933929e-02
-2.315146848559379578e-02
-3.219994530081748962e-02
-6.268712878227233887e-02
-1.222088336944580078e-01
-2.751896381378173828e-01
-5.988776683807373047e-01
1.560299992561340332e+00
2.591555833816528320e+00
-1.068430662155151367e+00
-5.215276479721069336e-01
-2.760145962238311768e-01
-1.727665215730667114e-01
-1.206865012645721436e-01
-9.021665900945663452e-02
-7.282697409391403198e-02
-5.327681452035903931e-02
-4.525990784168243408e-02
-3.971687331795692444e-02
-3.473024815320968628e-02
-3.597716242074966431e-02
-3.201619908213615417e-02
-2.516716159880161285e-02
-3.250400722026824951e-02
-2.973789907991886139e-02
-2.421585097908973694e-02
-3.284798189997673035e-02
-3.104235045611858368e-02
4.222577521537704206e-27
5.605193857299268284e-44
-5.465064010866786577e-44
-4.344025239406932920e-44
4.344025239406932920e-44
4.344025239406932920e-44
-4.344025239406932920e-44
-4.344025239406932920e-44
-4.624284932271896334e-44
4.484155085839414627e-44
-4.344025239406932920e-44
4.904544625136859748e-44
-4.203895392974451213e-44
