-1.766093224287033081e-01
-1.473384797573089600e-01
1.194051578640937805e-01
1.442007068544626236e-02
7.393299788236618042e-02
-7.824109494686126709e-02
5.467977374792098999e-02
6.015944108366966248e-02
1.482803653925657272e-02
-1.505277119576931000e-02
-2.087844163179397583e-01
-8.486581593751907349e-02
7.080542296171188354e-02
4.652810096740722656e-02
1.565623283386230469e-01
-4.229561612010002136e-02
1.346846576780080795e-02
6.409163028001785278e-02
3.782204538583755493e-02
9.615775942802429199e-02
-1.218318641185760498e-01
4.916001483798027039e-02
7.290907204151153564e-02
2.164106070995330811e-02
-1.863019354641437531e-02
1.138190031051635742e-01
6.595277041196823120e-02
-4.342000186443328857e-02
-7.604553550481796265e-02
-1.206168234348297119e-01
-2.383987158536911011e-01
-1.928184628486633301e-01
-2.604682445526123047e-01
-2.326539456844329834e-01
-5.334420204162597656e-01
-3.150238990783691406e-01
-2.732409238815307617e-01
-3.456458747386932373e-01
-6.032786369323730469e-01
-5.350053310394287109e-01
-3.868990540504455566e-01
-1.776990294456481934e-01
1.502512842416763306e-01
1.121270582079887390e-01
1.695903837680816650e-01
-5.299185961484909058e-02
1.121850386261940002e-01
-4.284480214118957520e-02
-1.089119240641593933e-01
-1.593890041112899780e-01
-9.268452972173690796e-02
7.536321133375167847e-02
1.253106594085693359e-01
1.195292547345161438e-01
1.151044070720672607e-01
-2.124626375734806061e-02
4.963437560945749283e-03
1.854648143053054810e-01
5.530811846256256104e-02
3.978336229920387268e-02
-8.135955780744552612e-02
-1.925018280744552612e-01
-1.069582775235176086e-01
-2.782825194299221039e-02
-1.611599475145339966e-01
