4.004696756601333618e-02
6.752566248178482056e-02
2.194329500198364258e-01
-4.595995247364044189e-01
-1.024461165070533752e-02
8.877091109752655029e-03
5.246876925230026245e-02
2.302870154380798340e-02
-2.096904441714286804e-02
-1.058230325579643250e-01
-1.862863898277282715e-01
-2.804881334304809570e-01
-3.849372863769531250e-01
-5.215801000595092773e-01
-5.717222094535827637e-01
1.860293149948120117e+00
2.491649150848388672e+00
-4.842683672904968262e-01
-3.270192444324493408e-01
-7.423630356788635254e-02
9.308365732431411743e-02
7.513109594583511353e-02
2.389782294631004333e-02
1.193718798458576202e-02
3.032904863357543945e-02
2.863624095916748047e-01
1.509750336408615112e-01
2.832041084766387939e-01
-2.162743918597698212e-02
2.413847483694553375e-02
3.861913457512855530e-02
1.953109651803970337e-01
4.819838702678680420e-01
