1.494802255183458328e-02
1.742556318640708923e-02
2.101312763988971710e-02
3.900083899497985840e-02
4.767397791147232056e-02
6.101431325078010559e-02
6.028997898101806641e-02
5.552476271986961365e-02
6.534094363451004028e-02
7.393918186426162720e-02
9.069178253412246704e-02
7.609976828098297119e-02
3.719803318381309509e-02
-6.267778575420379639e-02
-2.452885359525680542e-01
9.843484759330749512e-01
1.674531340599060059e+00
-6.778662800788879395e-01
-4.509187936782836914e-01
-2.436280995607376099e-01
-2.139755338430404663e-01
-1.533664166927337646e-01
-1.292302608489990234e-01
-1.015671044588088989e-01
-5.929856374859809875e-02
-4.370946809649467468e-02
-3.638646751642227173e-02
-3.568840771913528442e-02
-3.175035864114761353e-02
-3.275234252214431763e-02
-2.897518873214721680e-02
-2.499379962682723999e-02
-4.469320923089981079e-02
