-1.786562800407409668e-01
3.477936144918203354e-03
1.289637982845306396e-01
3.272804617881774902e-02
9.842768311500549316e-02
1.878402754664421082e-02
4.435077682137489319e-02
-4.365048184990882874e-02
-1.525252033025026321e-02
1.278573721647262573e-01
-2.073485553264617920e-01
-4.095954298973083496e-01
-6.555497646331787109e-01
-4.506708979606628418e-01
-5.694031119346618652e-01
-5.523141622543334961e-01
-5.064640641212463379e-01
-4.155236855149269104e-02
-5.498078092932701111e-02
-1.694664806127548218e-01
3.332432508468627930e-01
7.093436717987060547e-01
1.753869056701660156e-01
2.601334638893604279e-02
4.513702914118766785e-02
1.251115202903747559e-01
-1.139955744147300720e-01
-2.571766376495361328e-01
-1.748475432395935059e-01
-6.598496809601783752e-03
1.422434896230697632e-01
-2.374458312988281250e-02
-3.980192169547080994e-02
