6.120027974247932434e-03
3.184806182980537415e-02
6.635434180498123169e-02
8.088946342468261719e-02
8.631514012813568115e-02
9.813881665468215942e-02
9.552803635597229004e-02
1.036865636706352234e-01
1.280798017978668213e-01
1.511259078979492188e-01
2.134497165679931641e-01
2.529416382312774658e-01
3.507013618946075439e-01
5.019075870513916016e-01
6.636980175971984863e-01
-1.360938429832458496e+00
-1.174932837486267090e+00
-1.328663676977157593e-01
-3.807848691940307617e-02
-4.142250120639801025e-02
-4.441855847835540771e-02
-1.411895174533128738e-02
-2.217091247439384460e-02
-6.787863373756408691e-02
-1.060526072978973389e-01
-1.158714666962623596e-01
-9.548772871494293213e-02
-7.396163046360015869e-02
-6.661884486675262451e-02
-6.313414871692657471e-02
-5.477839708328247070e-02
-4.677077010273933411e-02
-4.484261944890022278e-02
