-2.356410399079322815e-02
2.047003619372844696e-02
2.590303719043731689e-01
5.128189921379089355e-03
-1.848019845783710480e-02
-4.202057421207427979e-02
1.747907139360904694e-02
-4.948797170072793961e-03
5.805812776088714600e-02
-5.478734523057937622e-02
-7.417777925729751587e-02
3.486260771751403809e-02
-4.191192612051963806e-02
1.085069850087165833e-01
-7.267285138368606567e-02
-5.544014740735292435e-03
1.014188211411237717e-02
1.762907393276691437e-02
4.788443446159362793e-02
1.935167983174324036e-02
-6.577964872121810913e-02
2.065349742770195007e-02
-4.149170964956283569e-02
-1.396213620901107788e-01
-2.596003711223602295e-01
-4.541977345943450928e-01
-5.386879444122314453e-01
-5.140368342399597168e-01
-4.311737120151519775e-01
-3.773971498012542725e-01
-4.068351984024047852e-01
-2.552689015865325928e-01
-2.925449609756469727e-01
-1.375165730714797974e-01
-2.619427144527435303e-01
2.338339947164058685e-02
-7.432850543409585953e-05
1.984990835189819336e-01
9.402419626712799072e-02
6.330457050353288651e-03
-2.998178265988826752e-02
-1.749170869588851929e-01
-2.179869562387466431e-01
-6.133195385336875916e-02
1.625722050666809082e-01
-1.335969269275665283e-01
1.329517364501953125e-01
-1.089307963848114014e-01
-3.802220523357391357e-02
5.808504670858383179e-02
-1.025184914469718933e-01
-7.727096229791641235e-02
1.386225130409002304e-02
-1.585336029529571533e-01
-3.920739144086837769e-02
3.338216245174407959e-02
7.077941298484802246e-02
2.679051086306571960e-02
1.195115074515342712e-01
-4.179239273071289062e-02
9.143131971359252930e-02
-2.131476812064647675e-02
1.164691224694252014e-01
-7.978870719671249390e-02
1.795597560703754425e-02
