-1.568509787321090698e-01
-7.153140008449554443e-02
2.123516052961349487e-02
8.784864842891693115e-02
9.390153922140598297e-03
-2.291962951421737671e-01
2.587587945163249969e-02
-2.724926769733428955e-01
-5.571777373552322388e-02
3.245942592620849609e-01
5.006831884384155273e-01
2.885394990444183350e-01
5.273967385292053223e-01
3.861019611358642578e-01
1.365025937557220459e-01
-7.642656564712524414e-01
-7.413446307182312012e-01
-1.059756875038146973e+00
-1.304232001304626465e+00
-1.953035235404968262e+00
-1.641791343688964844e+00
-1.622840523719787598e+00
-1.378189682960510254e+00
-8.822351694107055664e-01
-2.387821525335311890e-01
8.718407154083251953e-02
-3.755125999450683594e-01
7.160735130310058594e-02
1.001569032669067383e-01
-8.430284261703491211e-02
3.054114282131195068e-01
-6.820366531610488892e-02
4.080232381820678711e-01
