-3.054201370105147362e-03
-1.294030901044607162e-02
-3.298659576103091240e-03
1.059248857200145721e-02
1.933076791465282440e-02
1.713033393025398254e-02
2.653651684522628784e-02
2.595697157084941864e-02
6.295942515134811401e-02
1.259600371122360229e-01
1.706995517015457153e-01
1.909167766571044922e-01
1.230158209800720215e-01
3.781743720173835754e-02
-2.538792323321104050e-03
8.686406016349792480e-01
4.981746673583984375e-01
-3.140116035938262939e-01
-3.434096574783325195e-01
-2.934988737106323242e-01
-2.391807734966278076e-01
-2.166992723941802979e-01
-1.621473729610443115e-01
-1.197289004921913147e-01
-1.225869357585906982e-01
-9.635084867477416992e-02
-5.839328095316886902e-02
-4.133072867989540100e-02
-4.095524176955223083e-02
-3.728421032428741455e-02
-3.983059898018836975e-02
-3.315613791346549988e-02
-1.992755942046642303e-02
