8.473659306764602661e-02
8.926159143447875977e-02
1.078792288899421692e-01
1.145687401294708252e-01
1.291674077510833740e-01
1.266499906778335571e-01
1.414984166622161865e-01
1.534992903470993042e-01
1.675244718790054321e-01
1.772750318050384521e-01
1.934549659490585327e-01
2.184244245290756226e-01
2.344469279050827026e-01
1.924976706504821777e-01
1.270263046026229858e-01
8.161458373069763184e-01
6.912271976470947266e-01
6.332170218229293823e-02
5.216273665428161621e-02
1.026361901313066483e-02
-3.721557557582855225e-03
-2.513321861624717712e-02
-1.799195073544979095e-02
-1.736709475517272949e-02
-1.346704363822937012e-02
-2.803364396095275879e-02
-4.096382111310958862e-02
-2.022373490035533905e-02
-1.984951552003622055e-03
8.781817741692066193e-03
2.357841469347476959e-02
2.147487923502922058e-02
5.936006549745798111e-03
