1.797068491578102112e-02
2.810446172952651978e-02
3.695828095078468323e-02
5.842218175530433655e-02
6.680439412593841553e-02
8.167640119791030884e-02
8.266169577836990356e-02
8.732605725526809692e-02
1.068278178572654724e-01
1.503398567438125610e-01
1.098498404026031494e-01
1.442895084619522095e-01
1.576299220323562622e-01
3.037492632865905762e-01
4.314956963062286377e-01
-1.423380613327026367e+00
-1.571064591407775879e+00
3.175369501113891602e-01
1.295975595712661743e-01
-6.742604542523622513e-03
-5.543777719140052795e-02
-5.516789853572845459e-02
-6.531475484371185303e-02
-5.353862047195434570e-02
-4.367710277438163757e-02
-3.543727844953536987e-02
-2.628520131111145020e-02
-1.903632655739784241e-02
-2.011877484619617462e-02
-6.907332222908735275e-03
-8.222020231187343597e-03
-1.039610523730516434e-02
-9.441731497645378113e-03
