1.721428036689758301e-01
-2.311643064022064209e-01
2.321190014481544495e-02
-6.670690327882766724e-02
2.400994300842285156e-02
1.404839567840099335e-03
1.086074486374855042e-02
-5.019914824515581131e-04
-3.995965700596570969e-03
-1.787074143067002296e-03
-2.711076987907290459e-03
5.578846205025911331e-03
1.216047792695462704e-03
2.603776985779404640e-03
-4.599075764417648315e-03
5.572686437517404556e-03
1.889033359475433826e-03
-1.151971984654664993e-03
1.190389413386583328e-02
1.840713433921337128e-02
1.877748407423496246e-02
2.463691681623458862e-02
2.639068476855754852e-02
2.953775413334369659e-02
2.665561251342296600e-02
2.604224905371665955e-02
2.379777282476425171e-02
1.914033293724060059e-02
-1.185066252946853638e-02
-1.128656193614006042e-01
-2.716925144195556641e-01
9.837530255317687988e-01
1.415442943572998047e+00
-6.279345750808715820e-01
-3.175419270992279053e-01
-1.715356856584548950e-01
-1.156522259116172791e-01
-8.280400931835174561e-02
-6.528825312852859497e-02
-5.282460525631904602e-02
-4.587473720312118530e-02
-4.118961840867996216e-02
-3.316677361726760864e-02
-3.302354738116264343e-02
-2.769730798900127411e-02
-3.027550317347049713e-02
-3.883425146341323853e-02
-4.135772958397865295e-02
-4.288919270038604736e-02
-4.191912338137626648e-02
-4.233301058411598206e-02
-3.995954245328903198e-02
-4.361763224005699158e-02
-3.125042468309402466e-02
-2.083924598991870880e-02
5.515776108950376511e-03
5.602638237178325653e-03
1.906711980700492859e-02
3.772576525807380676e-02
5.553057044744491577e-02
5.786481872200965881e-02
9.152784198522567749e-02
2.328790538012981415e-02
1.165185645222663879e-01
1.545890420675277710e-01
