2.407907135784626007e-02
3.917067125439643860e-02
5.683187767863273621e-02
7.327365875244140625e-02
7.488588243722915649e-02
7.636269927024841309e-02
6.795363873243331909e-02
6.108385324478149414e-02
8.795794099569320679e-02
9.835529327392578125e-02
9.288027137517929077e-02
8.866332471370697021e-02
6.392227858304977417e-02
1.963186077773571014e-02
-9.884855151176452637e-02
8.382319211959838867e-01
1.526308536529541016e+00
-6.153244376182556152e-01
-3.669357597827911377e-01
-2.205901890993118286e-01
-1.814342886209487915e-01
-1.447620838880538940e-01
-1.480803340673446655e-01
-1.246351525187492371e-01
-1.238954365253448486e-01
-1.412697583436965942e-01
-9.340006858110427856e-02
-7.347213476896286011e-02
-5.391340702772140503e-02
-2.759705856442451477e-02
-8.634674362838268280e-03
-4.057368263602256775e-03
-2.847515861503779888e-04
