8.187709003686904907e-02
-2.249023178592324257e-03
3.940727561712265015e-02
7.784554362297058105e-02
1.071757078170776367e-01
1.019646152853965759e-01
1.153530254960060120e-01
1.294187456369400024e-01
1.263807117938995361e-01
1.207555606961250305e-01
9.311974793672561646e-02
7.177291065454483032e-02
4.284854605793952942e-02
-7.297016680240631104e-02
-1.421328932046890259e-01
6.726832389831542969e-01
1.566212654113769531e+00
-6.225986480712890625e-01
-3.776263296604156494e-01
-2.310611009597778320e-01
-1.689288169145584106e-01
-1.637854427099227905e-01
-1.740851104259490967e-01
-1.686379015445709229e-01
-1.734251230955123901e-01
-1.597924977540969849e-01
-1.562775522470474243e-01
-1.158085614442825317e-01
-8.858100324869155884e-02
-6.102442741394042969e-02
-3.267006948590278625e-02
-2.027273923158645630e-02
-1.121646352112293243e-02
