-2.462609261274337769e-01
-2.053939849138259888e-01
1.655611246824264526e-01
1.880194246768951416e-02
1.009445711970329285e-01
-1.098809689283370972e-01
7.809578627347946167e-02
8.741173893213272095e-02
2.076614461839199066e-02
-2.164478041231632233e-02
-2.480130046606063843e-01
6.130618229508399963e-02
4.741198718547821045e-01
5.422596335411071777e-01
6.271058917045593262e-01
2.565147876739501953e-01
2.538180947303771973e-01
2.318371385335922241e-01
-3.175432384014129639e-01
9.336508228443562984e-04
1.638062149286270142e-01
1.329256445169448853e-01
-1.888443529605865479e-01
-1.183716952800750732e-01
2.743701040744781494e-01
4.948965087532997131e-02
3.466635644435882568e-01
1.936247795820236206e-01
2.204815894365310669e-01
-1.139672696590423584e-01
1.140621006488800049e-01
-8.758495748043060303e-02
-6.140320003032684326e-02
