4.552603885531425476e-02
7.676444947719573975e-02
2.494528442621231079e-01
-5.224724411964416504e-01
-1.165119931101799011e-02
5.360197648406028748e-02
1.548924483358860016e-02
-4.459465667605400085e-02
1.226151958107948303e-01
5.378387570381164551e-01
7.507506757974624634e-02
1.406516909599304199e+00
2.268050432205200195e+00
1.974038600921630859e+00
1.630423545837402344e+00
1.018695473670959473e+00
1.812761425971984863e+00
1.204366207122802734e+00
1.145331740379333496e+00
1.321707963943481445e+00
7.578585743904113770e-01
1.007520556449890137e+00
3.202188313007354736e-01
3.314442038536071777e-01
2.674437761306762695e-01
3.263430893421173096e-01
1.714957654476165771e-01
3.219386041164398193e-01
-2.458664961159229279e-02
2.744079381227493286e-02
4.390291497111320496e-02
2.220304459333419800e-01
5.479233264923095703e-01
