1.167668681591749191e-02
1.044227480888366699e-01
1.999201066792011261e-02
-6.608367897570133209e-03
-7.843027124181389809e-04
-8.678340911865234375e-02
-2.647196315228939056e-02
-6.764594465494155884e-02
-1.616220176219940186e-01
-1.473725140094757080e-01
-1.813594102859497070e-01
-3.452740609645843506e-02
-1.349101811647415161e-01
-4.181986749172210693e-01
-3.889779448509216309e-01
-3.045629858970642090e-01
2.179602980613708496e-01
1.910450123250484467e-02
-5.656257867813110352e-01
-1.102576255798339844e-01
3.894062340259552002e-01
2.818443179130554199e-01
9.364008158445358276e-02
-2.529689967632293701e-01
-2.226011455059051514e-01
-7.883635163307189941e-02
-1.047723591327667236e-01
-7.511799782514572144e-02
2.455353736877441406e-02
-2.791929058730602264e-02
4.577188566327095032e-02
2.031673118472099304e-02
-3.234880790114402771e-02
