-4.184792190790176392e-02
5.403064936399459839e-02
3.897412717342376709e-01
-1.483749970793724060e-02
-3.260244056582450867e-02
-7.060072571039199829e-02
2.777549028396606445e-01
1.046338528394699097e-01
-7.413432747125625610e-02
1.581290066242218018e-01
1.931361705064773560e-01
4.402774274349212646e-01
2.272937819361686707e-02
-3.223719298839569092e-01
-6.385150551795959473e-01
-4.946647286415100098e-01
-6.853721737861633301e-01
-9.883421659469604492e-01
-6.085203289985656738e-01
-9.753515124320983887e-01
-1.318406939506530762e+00
-9.412895441055297852e-01
-5.386678576469421387e-01
-7.664727419614791870e-02
4.533877223730087280e-02
-1.133289113640785217e-01
8.377574384212493896e-02
-1.684044152498245239e-01
7.460235804319381714e-02
1.278052628040313721e-01
-2.368446737527847290e-01
2.405661856755614281e-03
1.304261088371276855e-01
