-8.099505123797442670e-43
-8.463842724521895108e-43
-5.310921179791056699e-43
7.230700075916056086e-43
-7.609050661283756695e-43
-8.589959586311128645e-43
-7.903323338791968280e-43
7.945362292721712792e-43
1.015941386635492376e-42
8.477855709165143279e-43
7.777206477002734744e-43
-2.914700805795619508e-43
2.039151731878519058e-03
-2.037172764539718628e-01
-1.976820267736911774e-02
-3.288643062114715576e-02
-2.770519629120826721e-02
-3.046687133610248566e-02
-3.190328925848007202e-02
-3.903353959321975708e-02
-3.711576759815216064e-02
-4.522899165749549866e-02
-5.731372162699699402e-02
-6.527654826641082764e-02
-6.913181394338607788e-02
-8.495175093412399292e-02
-1.033014431595802307e-01
-1.455620676279067993e-01
-2.361046671867370605e-01
-4.795418679714202881e-01
-9.399812817573547363e-01
2.494899749755859375e+00
1.982702851295471191e+00
-4.741404354572296143e-01
-1.863358765840530396e-01
-6.493105739355087280e-02
-3.168650716543197632e-02
-8.394019678235054016e-03
-8.297528256662189960e-04
-1.261475030332803726e-03
2.427493920549750328e-03
1.124981418251991272e-02
1.506177522242069244e-02
2.477357536554336548e-02
2.911050058901309967e-02
3.346005827188491821e-02
3.006443753838539124e-02
3.290429338812828064e-02
2.607597596943378448e-02
2.685618773102760315e-02
2.202258259057998657e-02
1.796395145356655121e-02
2.313003502786159515e-02
1.970977708697319031e-02
2.824301458895206451e-02
3.679059445858001709e-02
3.876939415931701660e-02
2.981024980545043945e-02
3.500558063387870789e-02
5.225690826773643494e-02
4.978173598647117615e-02
5.171098560094833374e-02
4.735365882515907288e-02
1.726847258396446705e-04
-3.193624615669250488e-01
