2.931170538067817688e-02
-2.791288197040557861e-01
-1.908082365989685059e-01
1.398724466562271118e-01
9.691905975341796875e-02
2.347954064607620239e-01
-1.811546534299850464e-01
2.883366644382476807e-01
9.455224871635437012e-02
2.292727231979370117e-01
1.597893089056015015e-01
3.497136384248733521e-02
-1.975119560956954956e-01
-4.883059561252593994e-01
-1.637185215950012207e-01
-1.663003861904144287e-01
2.909877300262451172e-01
8.255051970481872559e-01
9.918370246887207031e-01
9.241519570350646973e-01
7.460906505584716797e-01
6.845079064369201660e-01
7.932043075561523438e-01
5.057623982429504395e-01
-1.426511406898498535e-01
-9.999226778745651245e-02
-9.081311523914337158e-02
8.234005421400070190e-02
3.315780684351921082e-02
1.612047781236469746e-03
-8.000230789184570312e-02
3.222775757312774658e-01
-5.802269559353590012e-03
