5.826760083436965942e-03
6.166697014123201370e-03
1.194607373327016830e-02
6.573810242116451263e-03
7.971836254000663757e-03
1.191979460418224335e-02
1.580540277063846588e-02
2.106508240103721619e-02
2.447295933961868286e-02
2.474620006978511810e-02
3.044597990810871124e-02
5.345208942890167236e-02
6.770712882280349731e-02
5.741733312606811523e-02
-1.415580045431852341e-02
-6.954346895217895508e-01
-3.753662109375000000e-01
-2.383565343916416168e-02
5.542085692286491394e-02
-8.179076947271823883e-03
-1.418142463080585003e-03
1.794424839317798615e-02
1.851666346192359924e-02
-2.379649551585316658e-03
-5.936712026596069336e-03
-5.929920356720685959e-03
-2.946459571830928326e-04
2.968429587781429291e-03
7.850104942917823792e-03
8.584802970290184021e-03
5.348681472241878510e-03
1.466600224375724792e-02
-6.574119470315054059e-05
