6.113868206739425659e-02
8.079176396131515503e-02
1.583975404500961304e-01
7.794714719057083130e-02
1.943812370300292969e-01
2.099548578262329102e-01
1.504466533660888672e-01
1.586093157529830933e-01
1.325838118791580200e-01
1.668507903814315796e-01
1.744324862957000732e-01
2.176597863435745239e-01
2.380353957414627075e-01
2.199672311544418335e-01
2.036819010972976685e-01
9.182481169700622559e-01
7.398845553398132324e-01
7.651181519031524658e-02
3.958302736282348633e-02
-9.287814609706401825e-03
-6.020465865731239319e-02
-2.383311092853546143e-02
-1.019682968035340309e-03
-7.019157987087965012e-03
-3.123014420270919800e-02
1.216420996934175491e-02
-7.285724580287933350e-02
-1.313994266092777252e-02
1.696669869124889374e-02
2.779157087206840515e-02
5.804240703582763672e-02
-4.535704851150512695e-03
-1.101308129727840424e-02
