-1.212915312498807907e-02
-4.619626852218061686e-04
-5.182003136724233627e-03
-2.192631363868713379e-03
-6.657327525317668915e-03
-8.587578311562538147e-03
-8.392901159822940826e-03
-1.252990029752254486e-02
-1.488082483410835266e-02
-1.276001706719398499e-02
-1.436340622603893280e-02
-1.623730361461639404e-02
-1.785648055374622345e-02
-2.254873141646385193e-02
-9.089059196412563324e-03
-5.570499226450920105e-03
1.166157331317663193e-02
1.728880405426025391e-02
2.442951314151287079e-02
2.691121399402618408e-02
6.381645798683166504e-03
-1.951606571674346924e-02
-3.853267431259155273e-02
-4.074404761195182800e-02
-3.653987124562263489e-02
-3.007417172193527222e-02
-2.699820883572101593e-02
-4.815089702606201172e-02
-8.086033165454864502e-02
-1.097348853945732117e-01
-1.129163056612014771e-01
5.964505076408386230e-01
7.339608669281005859e-01
-2.014322951436042786e-02
-3.907587006688117981e-02
-3.791389241814613342e-02
-1.501013617962598801e-02
1.417039893567562103e-02
3.263928368687629700e-02
3.570548817515373230e-02
2.474412694573402405e-02
1.834252476692199707e-02
8.901883848011493683e-03
1.822546240873634815e-03
-7.266933098435401917e-04
-3.964836243540048599e-03
-1.575775211676955223e-03
1.509616151452064514e-03
5.422007292509078979e-03
1.767212525010108948e-03
-4.888270050287246704e-03
-6.290051969699561596e-04
4.193221684545278549e-03
2.741390606388449669e-03
5.134721752256155014e-03
6.165789818624034524e-05
4.414998402353376150e-04
3.363349605933763087e-05
-2.633555792272090912e-03
1.051667844876646996e-03
-1.454366487450897694e-03
-2.352435985812917352e-04
-3.749821567907929420e-03
4.914949182420969009e-03
-1.878135844890493900e-05
