-2.832278609275817871e-02
3.581423545256257057e-03
-1.411261260509490967e-01
-2.867208793759346008e-03
1.121693477034568787e-01
-1.485783010721206665e-01
1.458896789699792862e-02
-7.745504379272460938e-02
2.081562280654907227e-01
4.203312471508979797e-02
-7.384409755468368530e-02
2.412586286664009094e-02
5.352131277322769165e-02
-4.552961885929107666e-02
-1.939805923029780388e-03
1.680213063955307007e-01
9.058295935392379761e-02
-7.617399841547012329e-02
-4.344295710325241089e-02
-1.525568217039108276e-01
-2.859030961990356445e-01
-4.087576568126678467e-01
-6.732083559036254883e-01
-5.495380163192749023e-01
-8.277346491813659668e-01
-7.195130586624145508e-01
-7.129859924316406250e-01
-7.156177759170532227e-01
-6.531013250350952148e-01
-6.252110004425048828e-01
-5.755077600479125977e-01
-6.776185631752014160e-01
-4.279329478740692139e-01
-3.872244060039520264e-01
-3.659937977790832520e-01
-4.024408459663391113e-01
-1.548877805471420288e-01
-1.962710022926330566e-01
-2.180120646953582764e-01
8.104234933853149414e-02
-1.344456244260072708e-02
3.481622412800788879e-02
-1.643237099051475525e-02
1.949329972267150879e-01
-3.697791695594787598e-02
-7.622923702001571655e-03
2.008222490549087524e-01
-2.914764918386936188e-02
1.337466388940811157e-01
-1.289144754409790039e-01
1.965987533330917358e-01
-5.893922969698905945e-02
-3.636550903320312500e-02
4.211236909031867981e-02
5.501839891076087952e-02
6.304034590721130371e-02
1.184645816683769226e-01
-1.843123137950897217e-01
-1.452268213033676147e-01
1.172831282019615173e-02
6.377984583377838135e-02
-7.395920157432556152e-02
-5.836204066872596741e-02
4.862339794635772705e-02
1.509135514497756958e-01
