-5.235394835472106934e-02
-1.564300209283828735e-01
-1.917172074317932129e-01
2.463075965642929077e-01
8.550642430782318115e-02
-1.325990408658981323e-01
5.479073524475097656e-02
6.887824088335037231e-02
-1.289314478635787964e-01
-2.813985012471675873e-02
-1.469648033380508423e-01
-1.003510802984237671e-01
-1.766596436500549316e-01
2.400902807712554932e-01
-2.266513556241989136e-02
-9.205403178930282593e-02
-1.659935116767883301e-01
-1.247529536485671997e-01
1.845202147960662842e-01
1.422601193189620972e-01
1.612713932991027832e-01
1.606675386428833008e-01
4.742599129676818848e-01
5.771663784980773926e-01
9.320564866065979004e-01
9.483637213706970215e-01
1.027978777885437012e+00
8.580622673034667969e-01
1.036876082420349121e+00
1.091439127922058105e+00
9.042654633522033691e-01
1.157648563385009766e+00
1.024435400962829590e+00
7.345405817031860352e-01
8.667763471603393555e-01
5.466313362121582031e-01
3.275617659091949463e-01
5.483461022377014160e-01
6.856967508792877197e-02
-3.288410604000091553e-01
-4.447733759880065918e-01
-5.032487511634826660e-01
-2.892395853996276855e-01
-3.209339380264282227e-01
2.309161238372325897e-03
7.089261710643768311e-02
3.993955552577972412e-01
2.866649329662322998e-01
3.158255219459533691e-01
2.359750270843505859e-01
5.344574525952339172e-02
-7.628925889730453491e-02
1.586435586214065552e-01
-7.213452458381652832e-02
9.594354033470153809e-02
-4.022275283932685852e-02
6.597880274057388306e-02
1.978017855435609818e-03
5.157028511166572571e-02
-4.746838659048080444e-02
1.333125084638595581e-01
-2.247550785541534424e-01
-4.015579447150230408e-02
2.169305384159088135e-01
-2.372430413961410522e-01
