1.092643365263938904e-01
-2.849229238927364349e-02
4.059340432286262512e-02
7.181145250797271729e-02
1.002482622861862183e-01
7.177148014307022095e-02
6.457389146089553833e-02
-2.744035050272941589e-02
1.252042353153228760e-01
8.844915777444839478e-02
4.701998829841613770e-02
5.657689645886421204e-02
1.603581011295318604e-01
-3.395944461226463318e-02
6.113317236304283142e-02
-9.354464709758758545e-02
-1.547410152852535248e-02
3.353833779692649841e-02
1.697905808687210083e-01
3.287174180150032043e-02
1.754227839410305023e-02
-1.050684880465269089e-02
8.386086672544479370e-02
-1.048705503344535828e-01
-3.471531271934509277e-01
-4.491830170154571533e-01
-6.433557271957397461e-01
-3.645637929439544678e-01
-4.273105859756469727e-01
-5.186991691589355469e-01
-2.097281515598297119e-01
-2.489532530307769775e-01
-3.702060282230377197e-01
-2.648020982742309570e-01
9.054435789585113525e-02
2.024716585874557495e-01
-2.921421267092227936e-02
-1.098761186003684998e-01
-4.812079668045043945e-02
1.015642136335372925e-01
3.013949394226074219e-01
9.019961208105087280e-02
1.452737301588058472e-01
1.040766201913356781e-02
-6.942658871412277222e-02
-1.453729569911956787e-01
-9.196133352816104889e-03
-9.931419789791107178e-02
-9.940963983535766602e-02
-1.029310300946235657e-01
-4.699529334902763367e-02
1.263939891941845417e-03
-7.288912683725357056e-02
-2.035208977758884430e-02
3.003712184727191925e-02
4.785490408539772034e-02
1.709301769733428955e-02
-9.004453569650650024e-02
-7.818772643804550171e-02
9.425951540470123291e-02
-2.605458535254001617e-02
1.185639109462499619e-02
5.814513564109802246e-02
-1.893028803169727325e-02
4.762376472353935242e-02
