2.407135218381881714e-01
4.365460574626922607e-02
-1.027642935514450073e-01
2.428796291351318359e-01
5.895719304680824280e-02
7.877970486879348755e-02
1.075887829065322876e-01
2.083663195371627808e-01
2.632140815258026123e-01
3.415066301822662354e-01
4.428141117095947266e-01
5.503713488578796387e-01
7.205327153205871582e-01
9.967132806777954102e-01
1.219600915908813477e+00
-1.607042908668518066e+00
-2.183925628662109375e+00
-1.275251656770706177e-01
2.848280668258666992e-01
2.124522477388381958e-01
1.176469698548316956e-01
1.213228181004524231e-01
1.284311115741729736e-01
9.633684158325195312e-02
1.067567169666290283e-01
9.326303750276565552e-02
7.379926741123199463e-02
5.693592131137847900e-02
2.766347117722034454e-02
-7.259667664766311646e-02
2.269989810883998871e-02
2.858645468950271606e-02
1.548330336809158325e-01
