-1.695610955357551575e-02
2.394829690456390381e-02
-9.395406581461429596e-03
3.252630308270454407e-02
-3.283295780420303345e-02
-3.119449876248836517e-02
-2.815228141844272614e-02
-8.678146637976169586e-03
-5.049956589937210083e-02
-2.613733522593975067e-02
-5.048970133066177368e-02
-6.599526386708021164e-03
-2.426456846296787262e-02
8.058363571763038635e-03
-6.678016483783721924e-02
-3.324661254882812500e-01
-1.139382421970367432e-01
2.121897488832473755e-01
1.958460658788681030e-01
-7.365972548723220825e-02
1.366928517818450928e-01
1.402440220117568970e-01
-3.355627181008458138e-03
1.725095510482788086e-01
-6.963887810707092285e-02
-6.782595068216323853e-02
8.883965760469436646e-02
-1.920839212834835052e-02
-8.435237221419811249e-03
-2.615466117858886719e-01
2.577831596136093140e-02
2.065499126911163330e-01
-1.777876168489456177e-01
