3.189683586701796969e-11
-3.416891986365855338e-12
6.094988633783587048e-24
-1.641286278431462278e-20
8.075470664620307965e-15
4.012657227840795912e-15
4.909940956032685280e-22
-1.266029225899245603e-10
-1.309028344325511497e-20
-1.212145076152915113e-13
-2.212047905958414162e-11
5.207761947499717673e-27
-1.641251333057880402e-02
-2.535097301006317139e-01
-8.191990107297897339e-02
-3.928111866116523743e-02
-3.814104199409484863e-02
-3.823658451437950134e-02
-3.683715686202049255e-02
-3.800292685627937317e-02
-4.270840808749198914e-02
-4.460285976529121399e-02
-5.619560927152633667e-02
-6.936231255531311035e-02
-7.793888449668884277e-02
-8.861532807350158691e-02
-1.147954538464546204e-01
-1.606616377830505371e-01
-2.599754333496093750e-01
-5.406761169433593750e-01
-1.020701885223388672e+00
2.164244651794433594e+00
1.939790844917297363e+00
-5.121104121208190918e-01
-1.686133593320846558e-01
-4.908060654997825623e-02
-2.038473449647426605e-02
-5.083062220364809036e-03
-3.078347770497202873e-03
4.296205472201108932e-03
7.312102243304252625e-03
5.541624501347541809e-03
1.869991235435009003e-02
2.609815821051597595e-02
3.550675511360168457e-02
3.148404136300086975e-02
3.323271498084068298e-02
3.115437366068363190e-02
2.998024784028530121e-02
2.831340394914150238e-02
2.467851899564266205e-02
2.248411253094673157e-02
2.215362340211868286e-02
1.771112717688083649e-02
-5.636119470000267029e-02
-8.938627690076828003e-02
-9.303569793701171875e-02
-1.051959991455078125e-01
-1.121641024947166443e-01
-9.600178897380828857e-02
-5.662436038255691528e-02
7.716704159975051880e-02
2.598497271537780762e-01
4.686815202603611397e-07
-3.518345355987548828e-01
