8.067006617784500122e-02
-9.341692924499511719e-02
2.148456498980522156e-02
2.697982452809810638e-02
3.141045570373535156e-02
3.026599064469337463e-02
3.003173321485519409e-02
3.255824372172355652e-02
3.470354899764060974e-02
3.073077462613582611e-02
5.171437188982963562e-02
4.818455502390861511e-02
4.185655154287815094e-03
-1.050057262182235718e-01
-2.119717001914978027e-01
6.477051377296447754e-01
2.013332605361938477e+00
-8.361055850982666016e-01
-4.833992123603820801e-01
-2.241874039173126221e-01
-1.424862593412399292e-01
-4.751769453287124634e-02
-8.815568685531616211e-02
-9.564870595932006836e-02
-5.468571558594703674e-02
-3.220524638891220093e-02
-3.897076845169067383e-02
-3.141446039080619812e-02
-2.615832723677158356e-02
-2.601473592221736908e-02
-1.773056760430335999e-02
-2.704796753823757172e-02
-2.632039412856101990e-02
