2.240772591903805733e-03
-1.200685650110244751e-01
2.458968199789524078e-03
5.679998546838760376e-02
-3.732440248131752014e-02
9.946051985025405884e-02
-1.048455163836479187e-01
1.983356475830078125e-01
-3.204521238803863525e-01
-3.595785424113273621e-02
3.819845244288444519e-02
-1.392981112003326416e-01
-1.640300615690648556e-03
1.275390386581420898e-01
-5.491869524121284485e-02
-3.293987810611724854e-01
-1.887517273426055908e-01
-2.114538848400115967e-01
-2.324888855218887329e-02
-1.454407116398215294e-03
-4.092803969979286194e-02
3.209412395954132080e-01
1.731306463479995728e-01
3.164986371994018555e-01
6.990366429090499878e-02
-2.168231457471847534e-01
-3.149025887250900269e-02
-3.109993338584899902e-01
-3.632541596889495850e-01
-3.740374147891998291e-01
-4.605513811111450195e-01
-6.071192622184753418e-01
-4.654749631881713867e-01
-7.125266194343566895e-01
-6.212449073791503906e-01
-6.543643474578857422e-01
-8.351047039031982422e-01
-7.193362712860107422e-01
-9.361708164215087891e-01
-9.345080852508544922e-01
-9.471032023429870605e-01
-1.022607564926147461e+00
-9.301496148109436035e-01
-6.325742006301879883e-01
-7.593746185302734375e-01
-5.648922324180603027e-01
-5.589369535446166992e-01
-2.836180031299591064e-01
-2.411047965288162231e-01
9.258718788623809814e-02
-1.224286109209060669e-01
-5.304075777530670166e-02
-1.126692816615104675e-01
8.758808672428131104e-02
-6.598373502492904663e-02
5.964375659823417664e-02
1.587602496147155762e-01
-5.044852942228317261e-02
-6.026952527463436127e-03
-1.911460608243942261e-01
1.905825175344944000e-02
9.691665321588516235e-02
2.090543657541275024e-01
1.086297817528247833e-02
5.839838832616806030e-02
