-2.281859517097473145e-03
-9.762364439666271210e-03
-1.739748381078243256e-02
-2.531730383634567261e-02
-4.215391725301742554e-02
-3.142939507961273193e-02
-2.648213319480419159e-02
-7.098440546542406082e-03
6.802320946007966995e-03
-2.193046361207962036e-02
-5.400564894080162048e-02
-6.081480905413627625e-02
-4.989659786224365234e-02
-5.258161202073097229e-02
-7.603747397661209106e-02
-7.834498882293701172e-01
-6.965056657791137695e-01
8.240453898906707764e-03
1.852156780660152435e-02
8.325011469423770905e-03
-2.776778303086757660e-03
-2.040969440713524818e-03
-7.953198626637458801e-03
-6.570272147655487061e-03
-9.605250321328639984e-03
-6.514482665807008743e-03
-1.052042283117771149e-02
-5.292655900120735168e-03
-7.382392883300781250e-03
7.317756535485386848e-04
-6.034605205059051514e-03
-5.000744946300983429e-03
-5.259709898382425308e-03
