2.365760877728462219e-02
3.780717402696609497e-02
1.246387958526611328e-01
5.051226913928985596e-02
4.653408378362655640e-02
4.733789339661598206e-02
5.571516603231430054e-02
5.782246589660644531e-02
8.908396959304809570e-02
1.147320568561553955e-01
1.345914304256439209e-01
2.218318283557891846e-01
3.249880671501159668e-01
5.760800242424011230e-01
1.037844896316528320e+00
-2.388039350509643555e+00
-1.291926622390747070e+00
4.393779337406158447e-01
1.758073121309280396e-01
6.102941185235977173e-02
3.056255169212818146e-02
1.259163487702608109e-02
4.208019934594631195e-03
-2.326705493032932281e-02
-1.697736978530883789e-02
1.756425648927688599e-01
-4.408327639102935791e-01
-9.724470973014831543e-02
1.952363997697830200e-01
-3.898800313472747803e-01
1.335600763559341431e-01
2.254311926662921906e-02
-2.260184884071350098e-01
