-1.300250589847564697e-01
8.588325977325439453e-02
-3.828991437330842018e-03
-5.031497776508331299e-02
5.807160586118698120e-02
-2.303548529744148254e-02
8.868193626403808594e-02
-1.575233042240142822e-01
1.185994148254394531e-01
-2.242361009120941162e-01
5.800949037075042725e-02
4.182814620435237885e-03
-1.339916139841079712e-01
1.578114554286003113e-02
4.300348460674285889e-02
-1.942465454339981079e-01
-1.368396580219268799e-01
-4.457642734050750732e-01
-2.602670192718505859e-01
-5.087566971778869629e-01
-2.947103977203369141e-01
-3.614947497844696045e-01
-3.979287445545196533e-01
-2.567538619041442871e-01
-1.355512440204620361e-01
5.281723737716674805e-01
4.364385306835174561e-01
3.773676156997680664e-01
4.333279132843017578e-01
5.351163148880004883e-01
5.276823639869689941e-01
7.005112767219543457e-01
6.434181928634643555e-01
8.134603500366210938e-01
6.769660711288452148e-01
8.138728737831115723e-01
9.747432470321655273e-01
8.836403489112854004e-01
9.772557616233825684e-01
8.672301769256591797e-01
9.422835111618041992e-01
6.516036987304687500e-01
8.226240277290344238e-01
5.842021703720092773e-01
5.270191431045532227e-01
2.679221630096435547e-01
2.791743576526641846e-01
2.155195772647857666e-01
-2.192406542599201202e-02
-4.170205071568489075e-02
-5.489752441644668579e-02
2.976142466068267822e-01
7.678791135549545288e-02
1.750954687595367432e-01
-6.150488555431365967e-02
9.390460699796676636e-02
1.257604062557220459e-01
1.285443902015686035e-01
8.514082059264183044e-03
-1.200881004333496094e-01
-4.761906340718269348e-02
-8.828178048133850098e-02
2.105881571769714355e-01
3.012446500360965729e-02
5.919627472758293152e-02
