1.188357099890708923e-01
5.173809081315994263e-02
3.058986552059650421e-02
7.270552963018417358e-02
1.484614238142967224e-02
-5.581200122833251953e-02
6.652978807687759399e-02
2.825409173965454102e-02
-6.531899422407150269e-02
5.974318087100982666e-02
-8.024214208126068115e-02
-1.129284352064132690e-01
-1.183681264519691467e-01
-1.425017882138490677e-02
-5.938670039176940918e-02
-6.742615997791290283e-02
5.625052377581596375e-02
-9.247832000255584717e-02
1.147049739956855774e-01
5.819295346736907959e-02
1.416952461004257202e-01
1.260039359331130981e-01
1.857012957334518433e-01
2.877698242664337158e-01
2.684730589389801025e-01
4.425218701362609863e-01
6.467725038528442383e-01
4.407195448875427246e-01
5.014243721961975098e-01
4.348169863224029541e-01
3.263027667999267578e-01
3.881606757640838623e-01
4.446127712726593018e-01
3.066396415233612061e-01
1.339827477931976318e-01
1.362692266702651978e-01
3.892048597335815430e-01
4.204966425895690918e-01
1.456578969955444336e-01
-5.787837132811546326e-02
-3.829181194305419922e-01
-7.325034737586975098e-01
-6.328538060188293457e-01
-4.111248850822448730e-01
-5.192854255437850952e-02
1.394079774618148804e-01
1.412761807441711426e-01
1.466465145349502563e-01
1.984084844589233398e-01
1.372897624969482422e-01
1.270126849412918091e-01
-5.696744471788406372e-02
7.006727159023284912e-02
1.300370227545499802e-02
-1.867817342281341553e-02
-1.090273335576057434e-01
3.125484287738800049e-02
-1.067946255207061768e-01
1.400522589683532715e-01
3.581579774618148804e-02
-9.333871304988861084e-02
-1.956247352063655853e-02
3.568532690405845642e-02
1.520783454179763794e-01
-5.861625447869300842e-02
