-1.387245859950780869e-02
-7.225245703011751175e-03
1.113198101520538330e-01
1.713641583919525146e-01
-2.555122673511505127e-01
6.428989022970199585e-02
-1.801005005836486816e-02
-5.549221858382225037e-02
4.786706715822219849e-02
-3.731101006269454956e-02
-7.838328927755355835e-02
3.380795568227767944e-02
-3.160745278000831604e-02
-9.895946085453033447e-02
1.055116299539804459e-02
7.948335260152816772e-02
-3.155406937003135681e-02
-1.215962395071983337e-01
-5.401182174682617188e-02
8.734796941280364990e-02
-9.328741580247879028e-02
-9.099926054477691650e-02
-1.615372300148010254e-01
-2.072416990995407104e-01
-4.454660713672637939e-01
-5.690090656280517578e-01
-6.839575767517089844e-01
-7.681824564933776855e-01
-6.056122183799743652e-01
-5.429692268371582031e-01
-5.049801468849182129e-01
-4.610308706760406494e-01
-3.184984326362609863e-01
-2.194727212190628052e-01
-1.797722578048706055e-01
1.001695077866315842e-02
-1.244013477116823196e-02
4.016192629933357239e-02
1.038216054439544678e-01
1.444271206855773926e-01
1.761255562305450439e-01
8.696407079696655273e-02
3.006226122379302979e-01
-2.158365212380886078e-02
8.851826936006546021e-02
-3.714745491743087769e-02
-4.061735048890113831e-02
-1.405336558818817139e-01
-1.230805143713951111e-01
-2.827345207333564758e-02
-1.333009451627731323e-01
-7.300480455160140991e-02
3.348822891712188721e-02
-3.665555268526077271e-04
5.169226974248886108e-02
1.664938032627105713e-02
-7.509780116379261017e-03
1.481056809425354004e-01
-2.556883171200752258e-02
-6.605073809623718262e-02
5.819317698478698730e-02
1.785572767257690430e-01
-3.358673676848411560e-02
4.644703119993209839e-02
6.574283540248870850e-02
