3.343032300472259521e-02
-2.755371108651161194e-02
2.798816002905368805e-02
-2.794026769697666168e-02
1.167056336998939514e-02
1.497565116733312607e-02
2.615316957235336304e-02
-2.574166283011436462e-02
6.348979077301919460e-04
1.346973888576030731e-02
5.638290941715240479e-02
1.836175285279750824e-02
1.758768595755100250e-02
9.886507876217365265e-03
1.679288409650325775e-02
1.128625776618719101e-02
1.546194404363632202e-02
4.449312016367912292e-02
8.873793482780456543e-02
1.934373402036726475e-03
-1.292384266853332520e-01
-1.819109469652175903e-01
-1.797742545604705811e-01
-7.190307974815368652e-02
7.942957431077957153e-02
3.898620903491973877e-01
7.168100476264953613e-01
6.878268122673034668e-01
3.091747164726257324e-01
6.949073076248168945e-02
8.793246001005172729e-02
3.752429485321044922e-01
3.699236512184143066e-01
7.114145904779434204e-02
-2.524048984050750732e-01
-3.096018135547637939e-01
-3.091349638998508453e-02
2.870480716228485107e-01
2.234842330217361450e-01
1.389089226722717285e-01
-5.871842429041862488e-02
-1.153328642249107361e-01
-7.907973974943161011e-02
-3.855638206005096436e-02
1.141020376235246658e-02
-1.952445716597139835e-03
-1.180434506386518478e-02
-3.504770249128341675e-02
7.402895949780941010e-03
1.677218638360500336e-02
-1.950584352016448975e-02
4.787699785083532333e-03
-3.101311391219496727e-03
5.748582631349563599e-02
6.553374230861663818e-02
-2.531277248635888100e-03
1.387436222285032272e-02
-1.195879839360713959e-02
4.581820964813232422e-02
1.904429309070110321e-02
6.960220634937286377e-03
-2.985855378210544586e-02
5.161065235733985901e-02
-4.725188761949539185e-02
8.305510133504867554e-02
