-1.036355178803205490e-02
-1.290017087012529373e-02
-2.611796930432319641e-02
-3.281669318675994873e-02
-4.579826071858406067e-02
-5.514505133032798767e-02
-7.301308959722518921e-02
-8.248364925384521484e-02
-9.961309283971786499e-02
-1.254007816314697266e-01
-1.456951051950454712e-01
-2.088046222925186157e-01
-2.676231861114501953e-01
-3.853156864643096924e-01
-3.696955442428588867e-01
9.593395590782165527e-01
9.784972071647644043e-01
-9.348336607217788696e-03
3.090134821832180023e-02
5.791654065251350403e-02
8.668415248394012451e-02
1.250187903642654419e-01
1.362636983394622803e-01
1.138619557023048401e-01
9.195850789546966553e-02
7.343295216560363770e-02
5.185028538107872009e-02
4.679981991648674011e-02
3.803031891584396362e-02
2.582084387540817261e-02
1.856298185884952545e-02
1.184201147407293320e-02
1.583335176110267639e-02
