1.205257773399353027e-01
3.585002198815345764e-02
1.843412779271602631e-02
9.780965745449066162e-02
7.125298678874969482e-02
2.210462093353271484e-02
1.759994328022003174e-01
9.319258481264114380e-02
-5.765720084309577942e-02
7.330676913261413574e-02
-2.138574123382568359e-01
-3.288859426975250244e-01
-2.509728670120239258e-01
6.612543016672134399e-02
1.201609373092651367e-01
3.004312142729759216e-02
4.213059246540069580e-01
5.609315037727355957e-01
4.965681433677673340e-01
5.295751690864562988e-01
5.490173101425170898e-01
3.330433368682861328e-01
-4.013053327798843384e-02
-6.860414892435073853e-02
-2.130344212055206299e-01
-2.128896266222000122e-01
-6.207518279552459717e-02
-6.438492238521575928e-02
-7.531700539402663708e-04
4.234037175774574280e-02
-3.186041489243507385e-02
-6.753665208816528320e-02
-7.384105771780014038e-02
