-1.637403853237628937e-02
1.997903585433959961e-01
-4.726215824484825134e-02
1.433648616075515747e-01
8.530575782060623169e-03
7.113312184810638428e-02
-8.138716965913772583e-02
-1.935822516679763794e-02
-5.179261788725852966e-02
2.271032780408859253e-01
2.659806609153747559e-01
3.003803789615631104e-01
3.282255828380584717e-01
1.271588802337646484e-01
-1.539840847253799438e-01
-5.561233311891555786e-02
-6.567403674125671387e-01
-7.261964678764343262e-01
-5.144854784011840820e-01
-7.993469834327697754e-01
-6.299816966056823730e-01
-2.604822814464569092e-01
-7.786245644092559814e-02
3.147302940487861633e-02
1.519951671361923218e-01
1.540219038724899292e-01
4.131025075912475586e-02
-1.881250441074371338e-01
5.241676699370145798e-03
-5.037468671798706055e-02
-3.327515348792076111e-02
-1.730390079319477081e-02
1.661037094891071320e-02
