-1.500973254442214966e-01
2.509188055992126465e-01
3.787812590599060059e-01
9.680213779211044312e-02
-4.527438059449195862e-02
-3.254993259906768799e-01
-7.684737909585237503e-03
7.421756535768508911e-02
1.014480367302894592e-01
-5.318036675453186035e-01
-3.598046302795410156e-01
-3.040770292282104492e-01
-1.365890055894851685e-01
3.650431036949157715e-01
5.370707511901855469e-01
4.887386262416839600e-01
5.039098262786865234e-01
8.299478888511657715e-01
6.362706422805786133e-01
8.293133974075317383e-01
7.993509769439697266e-01
8.843461871147155762e-01
2.827274799346923828e-01
4.099119901657104492e-01
1.480877697467803955e-01
-1.541154980659484863e-01
-7.064924389123916626e-02
9.945308417081832886e-02
-9.367606788873672485e-02
-3.183076083660125732e-01
-1.845730245113372803e-01
3.406438045203685760e-03
-3.093216754496097565e-02
