3.595599904656410217e-03
-8.198556490242481232e-03
-1.273504178971052170e-02
-2.458124049007892609e-02
1.692335307598114014e-02
-1.560974866151809692e-02
2.697864174842834473e-02
6.781947612762451172e-02
-2.895713597536087036e-02
-1.673758774995803833e-01
-2.535973489284515381e-01
2.635495923459529877e-02
4.191384017467498779e-01
4.012475609779357910e-01
-3.008946031332015991e-02
-5.300713181495666504e-01
-3.191460072994232178e-01
5.760135129094123840e-02
6.406275555491447449e-03
-3.926004469394683838e-01
-5.304325222969055176e-01
-4.927149713039398193e-01
-2.221422493457794189e-01
-7.391509413719177246e-02
-1.304186880588531494e-01
-9.647724777460098267e-02
-5.315027385950088501e-02
-4.194666072726249695e-02
-2.313255704939365387e-02
2.075141482055187225e-02
-8.933523297309875488e-02
4.480644688010215759e-02
2.381334640085697174e-02
