1.235119923949241638e-01
6.842862069606781006e-02
-2.051434069871902466e-01
2.822238020598888397e-02
-1.603666990995407104e-01
-2.925738133490085602e-02
1.108358353376388550e-01
-4.305043816566467285e-02
-8.655956387519836426e-02
1.636565476655960083e-01
1.482124030590057373e-01
2.071921676397323608e-01
2.256143093109130859e-02
6.112625449895858765e-02
-1.847467422485351562e-01
-1.424939632415771484e-01
-3.862342238426208496e-01
-2.083077132701873779e-01
-2.250126004219055176e-01
-7.157593369483947754e-01
-5.297119021415710449e-01
-1.120644435286521912e-01
4.762788861989974976e-02
-2.115701884031295776e-02
-1.124296411871910095e-01
-7.706975936889648438e-02
-6.249138712882995605e-02
-1.026404574513435364e-01
7.666613906621932983e-02
-6.268318742513656616e-02
9.722961485385894775e-02
1.706148684024810791e-01
-6.361421942710876465e-02
