-3.932487219572067261e-02
-1.652074307203292847e-01
1.098203882575035095e-01
1.055457517504692078e-01
-2.277105152606964111e-01
-2.879624068737030029e-02
-9.591492265462875366e-02
-1.111821755766868591e-01
-2.421282697468996048e-03
-8.911085873842239380e-02
-2.139986753463745117e-01
-1.921636760234832764e-01
-1.132729724049568176e-01
-3.447094261646270752e-01
-2.605503797531127930e-01
-1.884379982948303223e-01
-1.076859012246131897e-01
1.193377189338207245e-02
9.958043694496154785e-02
2.003087848424911499e-01
-1.337519139051437378e-01
2.399222403764724731e-01
3.718196153640747070e-01
-6.756144016981124878e-02
1.366282105445861816e-01
-1.405045837163925171e-01
-2.908718585968017578e-01
-3.331517279148101807e-01
-5.991586446762084961e-01
-5.203635096549987793e-01
-5.859353542327880859e-01
-6.900897622108459473e-01
-8.367382287979125977e-01
-7.851642966270446777e-01
-1.180567622184753418e+00
-1.254742145538330078e+00
-8.682237863540649414e-01
-1.451223731040954590e+00
-1.232519745826721191e+00
-1.436779022216796875e+00
-1.449663281440734863e+00
-1.465026497840881348e+00
-1.495220303535461426e+00
-1.874461174011230469e+00
-1.670164704322814941e+00
-1.041944503784179688e+00
-1.014417886734008789e+00
-8.031799793243408203e-01
-5.407887697219848633e-01
-1.506199985742568970e-01
-3.985312879085540771e-01
-1.827043294906616211e-02
-4.977322518825531006e-01
-7.658678293228149414e-02
-3.013730347156524658e-01
-8.229143172502517700e-02
-1.353115439414978027e-01
-1.473429650068283081e-01
2.489303648471832275e-01
-2.936652675271034241e-02
-2.512837946414947510e-01
2.210083901882171631e-01
1.996844261884689331e-01
-3.301999270915985107e-01
-1.333496123552322388e-01
