9.688805043697357178e-02
-1.644361577928066254e-02
5.887656658887863159e-02
-1.343556195497512817e-01
2.245079725980758667e-02
-3.942801430821418762e-02
-3.541678935289382935e-02
-4.652576148509979248e-02
-5.360785871744155884e-03
-5.960260517895221710e-03
-4.444936662912368774e-02
-5.587251111865043640e-02
-5.714154243469238281e-02
-3.421612456440925598e-02
5.263523384928703308e-02
3.259346634149551392e-02
6.317257136106491089e-02
3.006539493799209595e-02
2.317525297403335571e-01
1.709615439176559448e-01
1.853843331336975098e-01
8.492143452167510986e-02
-1.126814186573028564e-01
-8.726239949464797974e-02
5.432274937629699707e-02
1.052998006343841553e-01
-2.681934460997581482e-02
-2.207824289798736572e-01
-1.666882075369358063e-02
-4.327599890530109406e-03
-3.550907075405120850e-01
-3.706601560115814209e-01
2.100243121385574341e-01
5.127925872802734375e-01
6.061166524887084961e-01
5.022492408752441406e-01
1.769035607576370239e-01
1.818132400512695312e-01
3.382107913494110107e-01
3.098205327987670898e-01
2.812399268150329590e-01
3.528972864151000977e-01
1.238983497023582458e-01
-2.365093864500522614e-02
-5.894758924841880798e-02
-7.411400228738784790e-02
-2.038729637861251831e-01
-1.046101003885269165e-01
-1.078645512461662292e-01
-1.459416151046752930e-01
1.840028166770935059e-02
1.867055334150791168e-02
-7.593023777008056641e-02
-4.548839107155799866e-02
5.636253580451011658e-02
-7.725689210928976536e-04
-4.682584851980209351e-02
-4.142421483993530273e-02
-4.791031777858734131e-02
-7.166543602943420410e-02
-1.369042415171861649e-02
-3.800732549279928207e-03
4.866153746843338013e-02
-5.485366657376289368e-02
-1.895157992839813232e-02
