-3.290238082408905029e-01
-2.937216684222221375e-02
1.497440636157989502e-01
1.385109424591064453e-01
1.270150691270828247e-01
-1.284735798835754395e-01
-1.791950128972530365e-02
3.826093673706054688e-02
4.565998911857604980e-02
-1.002758443355560303e-01
-3.926928043365478516e-01
-9.677016139030456543e-01
-8.428413271903991699e-01
-1.418275356292724609e+00
-6.623821854591369629e-01
-8.670160770416259766e-01
-3.840661644935607910e-01
-5.218762159347534180e-01
-4.023968055844306946e-02
-2.906968444585800171e-02
-2.768367826938629150e-01
-2.230066657066345215e-01
2.238221466541290283e-01
-2.217385768890380859e-01
9.323440492153167725e-03
-7.473942637443542480e-02
5.583047494292259216e-02
3.564039617776870728e-02
-1.745758354663848877e-01
-2.548763155937194824e-01
-7.098056375980377197e-02
-1.305052042007446289e-01
-2.082764916121959686e-02
