1.437621284276247025e-02
8.899656124413013458e-03
-2.961421012878417969e-02
-1.299676671624183655e-02
-2.738698571920394897e-02
-5.766718462109565735e-02
5.368022248148918152e-02
3.328543156385421753e-02
1.100107952952384949e-01
5.412683635950088501e-02
4.427581094205379486e-03
6.686478108167648315e-02
-3.942111507058143616e-03
2.655568905174732208e-02
-1.481212079524993896e-01
2.480870578438043594e-03
-1.068855673074722290e-01
-8.572008460760116577e-02
2.028829418122768402e-02
-1.089182272553443909e-01
-7.483178377151489258e-02
7.895188173279166222e-04
-6.694200634956359863e-02
-1.495341360569000244e-01
-6.548566371202468872e-02
3.785935416817665100e-02
1.794933676719665527e-01
2.303577661514282227e-01
1.886573284864425659e-01
8.629460632801055908e-02
7.590738683938980103e-02
-2.236556261777877808e-02
-1.841484755277633667e-01
-4.308104813098907471e-01
-3.998740613460540771e-01
-6.205562949180603027e-01
-6.780471205711364746e-01
-6.680723428726196289e-01
-5.219455361366271973e-01
-5.162751674652099609e-02
4.376815855503082275e-01
5.363490581512451172e-01
3.251345157623291016e-01
1.908903568983078003e-01
4.608350805938243866e-03
-3.829061612486839294e-02
-4.030257835984230042e-02
-3.265808522701263428e-02
1.218121312558650970e-02
1.296328660100698471e-02
4.755883663892745972e-02
1.195473130792379379e-02
-4.787568375468254089e-02
1.589148491621017456e-02
1.020085532218217850e-02
1.154924184083938599e-02
-3.536579897627234459e-04
1.062721163034439087e-01
5.960049480199813843e-02
-3.296216204762458801e-02
-1.201066281646490097e-02
2.426491305232048035e-02
6.217123195528984070e-02
-1.892223954200744629e-02
-1.545336376875638962e-02
