1.374983787536621094e-01
1.661075353622436523e-01
1.269905120134353638e-01
4.191283881664276123e-02
-1.655502766370773315e-01
-3.373164534568786621e-01
-1.573096774518489838e-02
-6.024606525897979736e-02
-2.005777060985565186e-01
-8.842727541923522949e-02
-8.335827291011810303e-02
1.321108937263488770e-01
-1.453602500259876251e-02
4.410586133599281311e-02
-5.589058250188827515e-02
2.535246908664703369e-01
1.855906844139099121e-01
3.998937606811523438e-01
5.667841434478759766e-01
5.033506155014038086e-01
4.625231921672821045e-01
2.036810517311096191e-01
2.448228895664215088e-01
2.417636290192604065e-02
-1.822464913129806519e-01
1.816857755184173584e-01
-1.128273084759712219e-02
1.285156756639480591e-01
-8.786088228225708008e-02
1.054114755243062973e-02
1.254519224166870117e-01
1.088134758174419403e-02
-2.142194807529449463e-01
