6.773427128791809082e-02
-1.430493965744972229e-02
1.878527365624904633e-02
-6.262958049774169922e-02
-2.154570668935775757e-01
-7.047316431999206543e-02
2.070076316595077515e-01
-1.038527414202690125e-01
7.194131612777709961e-02
1.658371686935424805e-01
1.747203022241592407e-01
-1.055241599678993225e-01
1.090774312615394592e-01
1.387581322342157364e-02
-1.324485242366790771e-01
8.076214045286178589e-02
1.778446254320442677e-03
2.906569838523864746e-02
-2.404473163187503815e-02
-3.896860405802726746e-03
-6.637659668922424316e-02
-2.581127583980560303e-01
-1.257657408714294434e-01
-1.302656978368759155e-01
-8.401498943567276001e-02
-1.344756484031677246e-01
4.499036967754364014e-01
1.654279977083206177e-01
1.789612770080566406e-01
3.031889796257019043e-01
3.915420174598693848e-01
3.827147781848907471e-01
5.893937349319458008e-01
6.196553111076354980e-01
6.372008919715881348e-01
7.706630825996398926e-01
8.436557650566101074e-01
9.672358036041259766e-01
9.826974868774414062e-01
9.162218570709228516e-01
1.132969021797180176e+00
8.687073588371276855e-01
8.227480649948120117e-01
7.362406849861145020e-01
4.066648185253143311e-01
3.778270483016967773e-01
2.101559638977050781e-01
3.066048622131347656e-01
1.239005103707313538e-01
6.796916131861507893e-04
1.457440108060836792e-01
2.425685375928878784e-01
1.874811500310897827e-01
1.247047185897827148e-01
-3.454533219337463379e-02
-1.695002317428588867e-01
-4.566403850913047791e-02
9.739650785923004150e-02
-3.948953747749328613e-02
6.327779591083526611e-02
2.794934213161468506e-01
3.712291270494461060e-02
5.258474871516227722e-02
8.805585652589797974e-02
1.625229120254516602e-01
