8.822312229312956333e-04
7.821138016879558563e-03
8.124286308884620667e-03
9.922634810209274292e-03
1.112329121679067612e-02
1.374867279082536697e-02
1.111456938087940216e-02
1.631381735205650330e-02
2.387878298759460449e-02
2.958009019494056702e-02
4.071297869086265564e-02
6.495664268732070923e-02
1.023702993988990784e-01
1.033733636140823364e-01
1.218576133251190186e-01
-2.910071015357971191e-01
-6.310471892356872559e-01
6.352112442255020142e-02
-5.671290680766105652e-02
-5.156247789273038507e-05
5.491117015480995178e-02
5.421141162514686584e-02
-5.530862137675285339e-03
-5.159153416752815247e-02
-1.445085275918245316e-02
8.784360252320766449e-03
6.692731403745710850e-04
-1.059759408235549927e-02
3.134054830297827721e-03
7.505360525101423264e-03
3.792909206822514534e-03
-2.392452210187911987e-03
-4.315885715186595917e-03
