5.221429164521396160e-04
2.552126534283161163e-03
-1.916733337566256523e-03
-1.726854476146399975e-03
-3.993507940322160721e-03
1.135350554250180721e-03
6.771372165530920029e-03
9.992247214540839195e-05
1.585236866958439350e-03
-1.731881173327565193e-03
-3.693655598908662796e-03
3.140555461868643761e-03
-4.509048070758581161e-03
2.022988395765423775e-03
3.593015950173139572e-03
1.594117726199328899e-03
-2.310672862222418189e-04
-3.210524097084999084e-03
-7.545810658484697342e-03
-1.137409079819917679e-02
-1.307133585214614868e-02
-1.568239741027355194e-02
-1.096030604094266891e-02
3.972614649683237076e-03
1.755085773766040802e-02
2.619299106299877167e-02
2.562461420893669128e-02
1.531875040382146835e-02
-6.005564238876104355e-03
-3.214916586875915527e-02
-5.834090709686279297e-02
-7.112538218498229980e-01
-4.305832684040069580e-01
1.517626084387302399e-02
4.309703782200813293e-02
4.949801042675971985e-02
4.356005787849426270e-02
3.084405325353145599e-02
1.940067671239376068e-02
1.134050823748111725e-02
7.929425686597824097e-03
7.856231182813644409e-03
7.130893878638744354e-03
7.916742935776710510e-03
5.185656249523162842e-03
3.657355904579162598e-03
2.278721425682306290e-03
4.435006063431501389e-03
5.092186853289604187e-03
2.244730014353990555e-03
9.921672753989696503e-04
2.617523306980729103e-03
5.465381313115358353e-03
4.894280573353171349e-04
3.358443267643451691e-03
2.821560017764568329e-03
9.734214399941265583e-04
-1.215651980601251125e-03
-6.484909099526703358e-04
2.172042382881045341e-03
1.354487729258835316e-03
-3.625690005719661713e-03
-2.888676244765520096e-03
3.964686300605535507e-03
-2.323706867173314095e-03
