-4.342366009950637817e-02
-1.316509325988590717e-03
2.951640635728836060e-02
-5.400747433304786682e-02
2.885449118912220001e-02
3.739579766988754272e-02
3.477743268013000488e-02
-2.534305863082408905e-02
8.570336550474166870e-02
-2.816554717719554901e-02
-1.257264614105224609e-02
-1.821494661271572113e-02
2.283863723278045654e-02
6.844077259302139282e-02
2.097867429256439209e-03
1.135651990771293640e-01
3.612006455659866333e-02
8.599647134542465210e-02
6.718435138463973999e-02
3.211387619376182556e-02
-1.569899022579193115e-01
-3.373786807060241699e-01
-2.822231948375701904e-01
-2.777045965194702148e-01
-2.250941544771194458e-01
-1.892987191677093506e-01
4.052078351378440857e-02
1.104003787040710449e-01
-1.464333981275558472e-01
8.870391175150871277e-03
3.906570076942443848e-01
2.557238638401031494e-01
2.682409882545471191e-01
1.930603682994842529e-01
3.169322758913040161e-02
1.219906359910964966e-01
2.855795025825500488e-01
4.436010718345642090e-01
8.839332461357116699e-01
7.923431992530822754e-01
5.139768719673156738e-01
1.533187329769134521e-01
1.022866740822792053e-01
1.076761856675148010e-01
3.356700763106346130e-02
1.023707091808319092e-01
1.432611048221588135e-02
-1.755651272833347321e-02
-7.187084108591079712e-02
4.422818869352340698e-02
-5.293699353933334351e-02
-6.603797664865851402e-04
5.000196862965822220e-03
-1.214107591658830643e-02
7.206874340772628784e-02
-1.141831511631608009e-03
4.461378976702690125e-02
5.927620828151702881e-02
4.556108266115188599e-02
-2.322190068662166595e-02
3.083391860127449036e-02
-1.875002868473529816e-02
5.854978226125240326e-03
-3.331721201539039612e-02
-9.121051058173179626e-03
