-9.800011292099952698e-03
-6.724251899868249893e-03
-1.426048390567302704e-02
-1.846193894743919373e-02
-1.287733204662799835e-02
-1.290832832455635071e-02
-1.715105958282947540e-02
-1.750409975647926331e-02
-1.765584945678710938e-02
-2.026990428566932678e-02
-2.083050459623336792e-02
-1.977872662246227264e-02
-1.623509451746940613e-02
-1.414737105369567871e-02
-8.933824487030506134e-03
-6.921235471963882446e-03
-7.608167361468076706e-03
-8.535912260413169861e-03
-8.656850084662437439e-03
-8.211905136704444885e-03
-2.557244896888732910e-02
-3.534615039825439453e-02
-4.776287078857421875e-02
-4.520298913121223450e-02
-3.882589191198348999e-02
-2.477909997105598450e-02
-2.534650824964046478e-02
-5.068780481815338135e-02
-1.023332327604293823e-01
-1.447005122900009155e-01
-1.153282150626182556e-01
6.193563342094421387e-01
6.717882156372070312e-01
-1.388607770204544067e-01
-1.604575067758560181e-01
-1.005164012312889099e-01
-3.256707265973091125e-02
2.658330090343952179e-02
6.178897619247436523e-02
5.946128815412521362e-02
4.262699931859970093e-02
2.284490875899791718e-02
9.096433408558368683e-03
-1.136789680458605289e-03
-7.571009453386068344e-03
-8.809808641672134399e-03
-9.622570942156016827e-04
2.521840156987309456e-03
1.579402945935726166e-02
2.934638597071170807e-02
2.203244343400001526e-02
1.518615987151861191e-02
6.411461159586906433e-03
7.341166492551565170e-03
6.015921477228403091e-03
1.153158303350210190e-02
7.260645739734172821e-03
1.046673208475112915e-02
-1.359112648060545325e-04
-9.607561863958835602e-03
-7.026513339951634407e-04
3.780203769565559924e-05
-4.797117318958044052e-03
-7.440371438860893250e-03
4.549063276499509811e-03
