3.685108944773674011e-02
5.181559920310974121e-02
5.404513701796531677e-02
5.744537338614463806e-02
7.086807489395141602e-02
7.314921915531158447e-02
8.186185359954833984e-02
9.351073950529098511e-02
7.961837202310562134e-02
1.113922074437141418e-01
1.687551289796829224e-01
2.459272295236587524e-01
2.799882590770721436e-01
4.700182676315307617e-01
7.573236227035522461e-01
-1.711688160896301270e+00
-1.105179905891418457e+00
2.372958697378635406e-02
-5.660595744848251343e-02
-7.523664087057113647e-02
-6.259134411811828613e-02
-6.841342151165008545e-02
-6.396633386611938477e-02
-7.378049939870834351e-02
-7.205995172262191772e-02
-4.615584015846252441e-02
-3.725823760032653809e-02
-3.195393085479736328e-02
-2.083954028785228729e-02
-8.394584059715270996e-02
-2.119074761867523193e-02
-1.218869388103485107e-01
-1.946641132235527039e-02
