-2.208968624472618103e-02
-1.071817055344581604e-01
-9.632994979619979858e-02
-1.680432260036468506e-02
3.760737180709838867e-02
1.178852543234825134e-01
9.812540560960769653e-02
-8.105608820915222168e-02
6.925089657306671143e-02
2.081221900880336761e-03
-2.386567294597625732e-01
-6.611683964729309082e-01
-6.838564872741699219e-01
-3.228616416454315186e-01
-1.654777377843856812e-01
-4.718815684318542480e-01
-1.437393724918365479e-01
-4.919409751892089844e-02
-2.596274912357330322e-01
1.341028511524200439e-01
2.710960805416107178e-01
2.483822107315063477e-01
-1.999824866652488708e-02
-7.072341442108154297e-02
-1.553499996662139893e-01
-2.332146167755126953e-01
-3.238902240991592407e-02
-1.076637357473373413e-01
-7.385406177490949631e-03
1.312272250652313232e-01
1.147553920745849609e-01
-1.961478963494300842e-02
6.488055735826492310e-02
