9.917891584336757660e-03
-4.790914431214332581e-02
-6.620338559150695801e-02
5.050163343548774719e-02
-2.608705312013626099e-02
-4.476764053106307983e-02
-4.391980171203613281e-02
-1.477877795696258545e-01
-3.695470094680786133e-01
-2.533759176731109619e-01
-8.281866461038589478e-02
9.512296319007873535e-02
-2.359566278755664825e-02
-2.049011439085006714e-01
4.373869299888610840e-01
2.365825772285461426e-01
-5.405831336975097656e-01
-4.512647688388824463e-01
3.375741839408874512e-02
-1.978675723075866699e-01
-4.928834438323974609e-01
-2.866871654987335205e-01
-4.718944057822227478e-02
-9.710884094238281250e-02
1.976307108998298645e-02
1.342498790472745895e-02
1.696625500917434692e-01
-2.517010457813739777e-02
-2.519207820296287537e-02
-1.058932095766067505e-01
-3.185315802693367004e-02
-2.116344869136810303e-02
5.236793309450149536e-02
