1.609073951840400696e-02
1.630189456045627594e-02
1.985446177423000336e-02
1.136689167469739914e-02
1.754642650485038757e-02
2.032708190381526947e-02
7.250593509525060654e-03
-2.571006305515766144e-03
-1.521316263824701309e-02
-5.688646808266639709e-03
2.831421419978141785e-02
3.271976113319396973e-02
-3.751919046044349670e-02
2.175980992615222931e-02
6.236018612980842590e-02
8.967285752296447754e-01
3.023877739906311035e-01
5.749377235770225525e-02
4.973669350147247314e-02
5.801707133650779724e-02
5.014310777187347412e-02
3.893967717885971069e-02
3.359648957848548889e-02
2.873441204428672791e-02
2.333278954029083252e-02
2.072960510849952698e-02
2.240463718771934509e-02
1.785226911306381226e-02
1.784976944327354431e-02
1.319263316690921783e-02
1.087861787527799606e-02
5.098627880215644836e-03
9.390810504555702209e-03
