-6.132125109434127808e-02
-9.785635769367218018e-02
-3.777195466682314873e-03
2.272177673876285553e-02
-1.187644004821777344e-01
-3.051977790892124176e-02
-4.609131440520286560e-02
5.454004928469657898e-02
3.588711470365524292e-02
1.455180794000625610e-01
-8.641980588436126709e-03
1.219013035297393799e-01
7.864909619092941284e-02
4.515133053064346313e-02
-9.207490086555480957e-02
-8.632218837738037109e-02
-3.630867972970008850e-02
-6.489548832178115845e-02
-1.113015338778495789e-01
-8.552955836057662964e-02
-1.107674241065979004e-01
3.786899149417877197e-02
1.007596850395202637e-01
2.550563216209411621e-01
3.157173097133636475e-01
1.116240397095680237e-02
-5.800748467445373535e-01
-6.321984529495239258e-01
-5.069045424461364746e-01
-1.198770403861999512e-01
-4.627459868788719177e-02
-2.994422018527984619e-01
-8.377009630203247070e-02
-1.212085932493209839e-01
-8.414805680513381958e-02
-1.766163408756256104e-01
1.230584010481834412e-01
3.462003767490386963e-01
3.175081014633178711e-01
-8.049636334180831909e-02
-1.142282560467720032e-01
-1.103730499744415283e-01
-2.195336669683456421e-02
1.033092588186264038e-01
2.991912700235843658e-02
3.640438243746757507e-02
5.189900752156972885e-03
-1.171879172325134277e-01
-5.563230067491531372e-02
-1.747340895235538483e-02
2.011957345530390739e-03
-1.055160537362098694e-02
-3.924691304564476013e-02
-1.151943281292915344e-01
7.411684095859527588e-02
2.702857926487922668e-02
-3.179746493697166443e-02
2.642955631017684937e-02
2.295029163360595703e-02
5.694605782628059387e-02
-5.448970571160316467e-02
-2.932529523968696594e-02
-1.211100257933139801e-03
-1.147520821541547775e-02
2.162358164787292480e-02
