-1.708962582051753998e-02
1.268741637468338013e-01
-2.310388907790184021e-02
-1.256263442337512970e-02
-7.207432389259338379e-02
2.850314974784851074e-01
7.752562314271926880e-02
1.050656586885452271e-01
-1.052310541272163391e-01
7.801970466971397400e-03
-1.324195414781570435e-02
-3.614815324544906616e-02
3.062495961785316467e-02
-3.511441871523857117e-02
-1.149958223104476929e-01
9.175067394971847534e-02
-3.205428272485733032e-02
1.714326143264770508e-01
1.193067133426666260e-01
1.120621263980865479e-01
2.732331156730651855e-01
1.854793131351470947e-01
-6.115910783410072327e-02
-4.712643101811408997e-02
9.101837873458862305e-02
-1.382270306348800659e-01
-1.568761914968490601e-01
-1.197161078453063965e-01
-1.926149427890777588e-01
-1.068272516131401062e-01
-3.735302090644836426e-01
-1.963119655847549438e-01
-2.586009204387664795e-01
-4.284773170948028564e-01
-2.145882248878479004e-01
-4.349524676799774170e-01
-4.725913703441619873e-01
-5.897722244262695312e-01
-4.189037382602691650e-01
-5.219395756721496582e-01
-3.563469946384429932e-01
-2.303491234779357910e-01
-3.424381613731384277e-01
-3.754335343837738037e-01
-2.524695694446563721e-01
-2.541010975837707520e-01
-2.498509585857391357e-01
-2.166422456502914429e-01
-1.912618614733219147e-02
-1.991209834814071655e-01
-4.174550995230674744e-02
-1.524981409311294556e-01
1.094305813312530518e-01
-4.741292446851730347e-02
-7.020149379968643188e-03
1.404156088829040527e-01
1.700544208288192749e-01
-5.284544825553894043e-02
-2.684512175619602203e-02
-8.419012278318405151e-02
-5.346662923693656921e-02
8.588294684886932373e-02
7.375025749206542969e-02
1.229186821728944778e-02
-1.140309423208236694e-01
