3.487908244132995605e-01
-3.119561672210693359e-01
7.993777841329574585e-02
-1.269159317016601562e-01
2.344780564308166504e-01
2.272404283285140991e-01
-1.160557847470045090e-02
-1.292645186185836792e-01
-1.591930985450744629e-01
-1.640280634164810181e-01
-1.911931037902832031e-01
-2.753981053829193115e-01
-3.403343558311462402e-01
-5.575731992721557617e-01
-9.248546361923217773e-01
2.722032546997070312e+00
1.304358124732971191e+00
-2.563395500183105469e-01
-1.161377429962158203e-01
-2.362371422350406647e-02
2.875134535133838654e-02
5.162418261170387268e-02
1.122011169791221619e-01
6.752064079046249390e-02
1.016190275549888611e-01
1.069303750991821289e-01
1.037983000278472900e-01
1.172726005315780640e-01
9.994669258594512939e-02
7.561883330345153809e-02
9.486251324415206909e-02
8.672552555799484253e-02
4.977521300315856934e-02
