7.236883789300918579e-02
-1.315671298652887344e-02
-8.060823380947113037e-02
-1.024879142642021179e-02
2.521951682865619659e-02
-1.265940964221954346e-01
-4.064808785915374756e-02
2.463462948799133301e-02
1.425693929195404053e-01
-2.547335810959339142e-02
-1.979985274374485016e-02
6.521937251091003418e-02
9.714982658624649048e-02
-1.157005876302719116e-01
4.479842633008956909e-02
6.522190291434526443e-03
-1.195725500583648682e-01
9.215090423822402954e-02
-1.572791300714015961e-02
1.005434617400169373e-01
-1.001448780298233032e-01
6.079251319169998169e-02
-1.414759606122970581e-01
-8.436121046543121338e-02
6.473787594586610794e-03
1.330794095993041992e-01
-1.556136459112167358e-01
-2.885606586933135986e-01
-4.179407954216003418e-01
-1.552700102329254150e-01
-5.904006958007812500e-01
-3.148151338100433350e-01
-7.273754477500915527e-01
-5.531019568443298340e-01
-7.049049735069274902e-01
-6.230652332305908203e-01
-7.549321055412292480e-01
-8.602616190910339355e-01
-7.349754571914672852e-01
-8.536649942398071289e-01
-9.076586365699768066e-01
-7.378119826316833496e-01
-5.805644989013671875e-01
-5.562491416931152344e-01
-2.874227464199066162e-01
-8.359032124280929565e-02
3.297275900840759277e-01
2.118547409772872925e-01
4.674769639968872070e-01
3.675278127193450928e-01
-2.031672559678554535e-02
1.312246620655059814e-01
2.861829996109008789e-01
1.145806908607482910e-02
8.376062661409378052e-02
-2.935755439102649689e-02
7.364746183156967163e-02
1.986284255981445312e-01
-2.347141876816749573e-02
8.933173492550849915e-03
-5.016332119703292847e-02
1.924065053462982178e-01
2.735695801675319672e-02
9.829160571098327637e-02
-7.596711069345474243e-02
