6.541190296411514282e-02
7.092198729515075684e-02
4.263487830758094788e-02
-5.959862377494573593e-03
-1.032945439219474792e-01
-1.795586049556732178e-01
-4.149132221937179565e-02
-5.077638849616050720e-02
-5.631702020764350891e-02
9.200628101825714111e-02
1.513195484876632690e-01
1.521650403738021851e-01
-2.305143624544143677e-01
-3.337768316268920898e-01
-1.050714328885078430e-01
1.675353646278381348e-01
1.972837895154953003e-01
3.493954539299011230e-01
5.786742568016052246e-01
7.032805681228637695e-01
3.787226676940917969e-01
-7.058475166559219360e-02
-7.225857675075531006e-02
-7.552495598793029785e-02
-1.148818135261535645e-01
5.299134552478790283e-02
-1.839022152125835419e-02
5.519087612628936768e-02
-3.108244761824607849e-02
6.298322696238756180e-03
5.102428421378135681e-02
2.767134690657258034e-03
-9.376794099807739258e-02
