1.226648986339569092e-01
5.224809050559997559e-02
3.040049783885478973e-02
7.496251165866851807e-02
1.488935668021440506e-02
-5.791382119059562683e-02
7.336407899856567383e-02
3.726757690310478210e-02
-5.861533433198928833e-02
7.116886228322982788e-02
-7.925049215555191040e-02
-1.183486133813858032e-01
-1.275587528944015503e-01
-1.464875787496566772e-02
-5.319344252347946167e-02
-5.898903682827949524e-02
6.341059505939483643e-02
-9.593674540519714355e-02
1.279110312461853027e-01
7.439465820789337158e-02
1.642972975969314575e-01
1.539052277803421021e-01
2.067503631114959717e-01
2.885577380657196045e-01
2.574492096900939941e-01
4.366669952869415283e-01
6.355143189430236816e-01
4.184093177318572998e-01
4.738270342350006104e-01
4.123895764350891113e-01
3.260976374149322510e-01
3.616512417793273926e-01
4.194995760917663574e-01
2.897903323173522949e-01
1.289345473051071167e-01
1.141440272331237793e-01
3.547585308551788330e-01
3.986796438694000244e-01
1.149407774209976196e-01
-6.861099600791931152e-02
-3.555942177772521973e-01
-6.707412600517272949e-01
-5.449016094207763672e-01
-3.361358940601348877e-01
-1.679737865924835205e-02
1.408416032791137695e-01
1.172563955187797546e-01
1.091117933392524719e-01
1.658485382795333862e-01
1.149706020951271057e-01
1.182613447308540344e-01
-6.650771945714950562e-02
6.976258754730224609e-02
1.142672728747129440e-02
-2.118318341672420502e-02
-1.160324215888977051e-01
3.114141337573528290e-02
-1.127344891428947449e-01
1.468240916728973389e-01
3.819968178868293762e-02
-9.687072783708572388e-02
-1.956993155181407928e-02
3.831425681710243225e-02
1.602318137884140015e-01
-6.077227368950843811e-02
