1.956503838300704956e-01
3.548210859298706055e-02
-8.352687209844589233e-02
1.975854188203811646e-01
-1.287453621625900269e-01
-9.738042950630187988e-02
-6.824694573879241943e-02
2.538170218467712402e-01
9.062704443931579590e-02
2.117533683776855469e-01
-2.006072364747524261e-02
-2.832883782684803009e-02
-6.496880948543548584e-02
-1.128524839878082275e-01
-2.604945302009582520e-01
8.668539673089981079e-02
-2.847041785717010498e-01
-5.038214325904846191e-01
-8.392758369445800781e-01
-1.816670417785644531e+00
-1.436229228973388672e+00
-1.706601858139038086e+00
-1.604909658432006836e+00
-1.192860603332519531e+00
-1.328755974769592285e+00
-1.259330630302429199e+00
-1.148431539535522461e+00
-1.096620678901672363e+00
-1.221001625061035156e+00
-7.896233797073364258e-01
-1.008358716964721680e+00
-7.296099066734313965e-01
-3.551163971424102783e-01
-7.456538677215576172e-01
-6.246460080146789551e-01
-5.132338404655456543e-01
-3.273718655109405518e-01
-4.712370336055755615e-01
-1.579487323760986328e-02
-5.316452980041503906e-01
9.827412664890289307e-03
7.292448729276657104e-02
2.752972841262817383e-01
1.346449553966522217e-01
1.916281729936599731e-01
-2.401664555072784424e-01
2.924073636531829834e-01
-8.029735088348388672e-02
-1.064396426081657410e-01
-3.067751601338386536e-02
-8.825913071632385254e-02
-3.275722861289978027e-01
1.954990476369857788e-01
-2.728651165962219238e-01
6.687807291746139526e-02
1.590903103351593018e-01
-1.757318377494812012e-01
-1.292310804128646851e-01
-8.998771756887435913e-02
1.630041450262069702e-01
2.003092169761657715e-01
-1.831776648759841919e-01
2.254794985055923462e-01
4.873138293623924255e-02
8.324985392391681671e-03
