-1.301664412021636963e-01
8.597651869058609009e-02
-3.833143971860408783e-03
-5.036927014589309692e-02
5.813857167959213257e-02
-2.303609438240528107e-02
8.885576575994491577e-02
-1.575410217046737671e-01
1.190265566110610962e-01
-2.238666117191314697e-01
5.916584655642509460e-02
5.936995148658752441e-03
-1.315529048442840576e-01
1.895178481936454773e-02
4.524343833327293396e-02
-1.961832344532012939e-01
-1.455326080322265625e-01
-4.618796110153198242e-01
-2.803730666637420654e-01
-5.289598703384399414e-01
-3.119413852691650391e-01
-3.695418536663055420e-01
-3.885570466518402100e-01
-2.516977190971374512e-01
-1.437531560659408569e-01
5.328358411788940430e-01
4.323472678661346436e-01
3.778184056282043457e-01
4.479765295982360840e-01
5.253930091857910156e-01
5.362482666969299316e-01
7.089557647705078125e-01
6.380409002304077148e-01
8.239185810089111328e-01
6.765320301055908203e-01
8.200424909591674805e-01
9.918975830078125000e-01
8.877706527709960938e-01
9.818552732467651367e-01
8.851701617240905762e-01
9.642202854156494141e-01
6.639561653137207031e-01
8.318906426429748535e-01
5.949625968933105469e-01
5.225561857223510742e-01
2.413391619920730591e-01
2.472788840532302856e-01
1.970798671245574951e-01
-2.226772159337997437e-02
-3.543246537446975708e-02
-5.135375261306762695e-02
2.979762852191925049e-01
7.508872449398040771e-02
1.729944348335266113e-01
-6.386357545852661133e-02
9.193089604377746582e-02
1.241963207721710205e-01
1.273434907197952271e-01
7.521549705415964127e-03
-1.208505034446716309e-01
-4.799084365367889404e-02
-8.850111067295074463e-02
2.107875049114227295e-01
3.015333414077758789e-02
5.926038324832916260e-02
