2.364305220544338226e-02
-2.555861771106719971e-01
-1.780209839344024658e-01
1.171347126364707947e-01
7.577650994062423706e-02
1.918331384658813477e-01
-2.204933166503906250e-01
1.083365380764007568e-01
-1.515582203865051270e-01
1.999314688146114349e-02
1.024018228054046631e-01
-2.078022575005888939e-03
-7.094325870275497437e-02
1.268554292619228363e-02
1.516447067260742188e-01
-9.426321834325790405e-02
1.510219871997833252e-01
2.352393977344036102e-02
3.884495198726654053e-01
4.272455275058746338e-01
5.801013112068176270e-01
7.813231945037841797e-01
6.923534870147705078e-01
8.181983828544616699e-01
7.547262907028198242e-01
6.316214203834533691e-01
6.366619467735290527e-01
4.533836841583251953e-01
4.037541449069976807e-01
5.031521916389465332e-01
2.688292264938354492e-01
3.437107801437377930e-01
2.001730352640151978e-01
2.407813370227813721e-01
1.768126487731933594e-01
1.263362169265747070e-01
2.037636339664459229e-01
3.147008270025253296e-02
-2.522891759872436523e-01
-3.100103735923767090e-01
-3.074614703655242920e-01
-2.842234969139099121e-01
-1.996476948261260986e-01
1.846152991056442261e-01
3.504815995693206787e-01
2.843115925788879395e-01
1.434018928557634354e-02
3.027342855930328369e-01
5.324485898017883301e-02
6.536523252725601196e-02
-9.346715360879898071e-02
7.494032382965087891e-02
-1.026781648397445679e-01
-1.736367493867874146e-01
-1.646148115396499634e-01
-4.377248138189315796e-02
1.907485127449035645e-01
-4.471054300665855408e-02
8.910419791936874390e-02
9.574157185852527618e-03
1.138955578207969666e-01
-1.528238207101821899e-01
-7.710916548967361450e-02
-6.117153912782669067e-03
-2.425140701234340668e-02
