2.934058196842670441e-02
4.355875030159950256e-02
4.662439227104187012e-02
5.257079005241394043e-02
2.961244992911815643e-02
2.553830295801162720e-02
1.676343195140361786e-02
-2.046502754092216492e-02
-8.070755749940872192e-02
-1.246719509363174438e-01
-1.423436403274536133e-01
-8.633986860513687134e-02
4.272097721695899963e-03
3.349954262375831604e-02
1.640000566840171814e-02
-6.190434098243713379e-01
-7.523939013481140137e-01
2.468368858098983765e-01
3.280547559261322021e-01
2.523372769355773926e-01
1.668609380722045898e-01
1.176534369587898254e-01
8.163581043481826782e-02
4.723789170384407043e-02
3.212119266390800476e-02
1.907691545784473419e-02
7.054110057651996613e-03
-8.362454362213611603e-03
-9.143789298832416534e-03
-6.890468299388885498e-03
-1.556367642479017377e-04
4.892425611615180969e-03
6.321301683783531189e-03
