2.626945823431015015e-02
4.030327871441841125e-02
3.864542022347450256e-02
2.808131836354732513e-02
7.475154125131666660e-04
-2.252992615103721619e-02
-4.085336253046989441e-02
-5.311004817485809326e-02
-5.090856179594993591e-02
-4.558384791016578674e-02
-2.714166603982448578e-02
-8.114458061754703522e-03
2.670955844223499298e-02
1.123036891222000122e-01
2.072181999683380127e-01
-6.085199117660522461e-01
-9.101856350898742676e-01
5.282052755355834961e-01
4.075050354003906250e-01
2.236552685499191284e-01
1.176673695445060730e-01
7.410332560539245605e-02
5.699936300516128540e-02
5.497087910771369934e-02
6.371622532606124878e-02
4.032263532280921936e-02
3.387616574764251709e-02
2.572339959442615509e-02
9.826183319091796875e-03
4.338244325481355190e-04
1.336031360551714897e-03
-1.745941862463951111e-02
-1.682459190487861633e-02
