9.519670275039970875e-04
1.134767197072505951e-03
-9.656810434535145760e-04
-2.915600081905722618e-03
1.032167859375476837e-02
8.931597694754600525e-03
2.304382389411330223e-03
-3.087201621383428574e-03
-9.277420118451118469e-03
4.201641306281089783e-03
1.630517281591892242e-02
1.379359886050224304e-02
1.308988779783248901e-03
-2.772622276097536087e-03
-2.476705610752105713e-02
-7.848172783851623535e-01
-1.863898634910583496e-01
7.736106216907501221e-02
4.279617592692375183e-02
8.972145617008209229e-02
4.728087782859802246e-02
1.771468855440616608e-02
1.953967288136482239e-02
2.652068436145782471e-02
2.748209424316883087e-02
2.119583822786808014e-02
1.408466603606939316e-02
1.004422642290592194e-02
9.377598762512207031e-03
1.044657733291387558e-02
7.355739362537860870e-03
8.552459068596363068e-03
3.092330371146090329e-05
