8.342052251100540161e-02
-1.661312580108642578e-02
2.938007749617099762e-02
-5.210513621568679810e-02
-2.062077820301055908e-01
-1.239676587283611298e-02
2.640579938888549805e-01
-2.962729036808013916e-01
-3.463590145111083984e-01
-4.677800834178924561e-01
-5.650437474250793457e-01
-1.094670414924621582e+00
-9.779580831527709961e-01
-8.467930555343627930e-01
-9.996581673622131348e-01
-8.085966110229492188e-01
-9.597523212432861328e-01
-8.404569029808044434e-01
-5.718317627906799316e-01
-4.477762877941131592e-01
-5.051559209823608398e-01
-8.500887453556060791e-02
4.764743745326995850e-01
5.169644355773925781e-01
2.995978295803070068e-01
-9.412091225385665894e-02
-1.237472370266914368e-01
1.064658816903829575e-02
-8.673500269651412964e-02
9.399062395095825195e-02
-7.794642355293035507e-03
1.653771698474884033e-01
1.327328234910964966e-01
