-4.113303963094949722e-03
-5.495996400713920593e-02
-4.184349626302719116e-02
3.857100754976272583e-02
1.384078245609998703e-02
5.929176695644855499e-04
1.022494304925203323e-02
5.316489189863204956e-02
4.710354283452033997e-02
-3.859567688778042793e-03
2.903529256582260132e-02
-2.332781627774238586e-02
1.745768450200557709e-02
-3.262977674603462219e-02
-3.299903497099876404e-02
-8.206582628190517426e-03
-2.437966130673885345e-02
4.267528653144836426e-02
-9.980360977351665497e-03
1.317126601934432983e-01
1.736483126878738403e-01
3.259078860282897949e-01
2.501792907714843750e-01
1.340312063694000244e-01
-7.062128931283950806e-02
-3.025465905666351318e-01
-4.058989882469177246e-01
-4.246174097061157227e-01
-2.255300730466842651e-01
2.880395948886871338e-01
3.723066747188568115e-01
1.123792007565498352e-01
1.233633011579513550e-01
2.334121465682983398e-01
2.668028175830841064e-01
2.085492759943008423e-01
2.550473809242248535e-01
3.428955078125000000e-01
6.995772719383239746e-01
8.185729980468750000e-01
5.786203742027282715e-01
3.466342687606811523e-01
2.108252644538879395e-01
6.007570400834083557e-02
3.619875758886337280e-02
3.220375627279281616e-02
5.890570115298032761e-03
6.269229948520660400e-02
6.852221488952636719e-02
-2.877947874367237091e-02
-2.433893084526062012e-02
2.305875532329082489e-02
5.783096328377723694e-02
-5.631411075592041016e-02
6.894101947546005249e-02
-1.561560947448015213e-02
1.925663277506828308e-02
3.436584025621414185e-02
5.441615357995033264e-02
-2.558264695107936859e-02
-2.281618118286132812e-02
-1.029648724943399429e-02
4.566104710102081299e-02
4.774259775876998901e-02
8.087763562798500061e-03
