5.885453550164231698e-44
5.044674471569341455e-44
-5.745323703731749991e-44
-5.324934164434304870e-44
-4.440127005806357423e-21
-3.096384927630424500e-02
2.434017881751060486e-02
2.624350972473621368e-02
1.051591616123914719e-02
-2.043741941452026367e-02
-1.629895530641078949e-02
-1.992613822221755981e-02
-2.481457591056823730e-02
-1.435258705168962479e-02
-8.168397471308708191e-03
-1.212445180863142014e-02
-1.786837310646660626e-05
-2.945076674222946167e-03
2.139975083991885185e-03
1.076097320765256882e-02
1.767708919942378998e-02
3.068147040903568268e-02
3.522542864084243774e-02
4.545786231756210327e-02
5.608909577131271362e-02
7.118477672338485718e-02
9.855251759290695190e-02
1.188440397381782532e-01
1.674120575189590454e-01
3.036503195762634277e-01
6.072464585304260254e-01
-1.538432955741882324e+00
-9.432235360145568848e-01
2.429033517837524414e-01
7.979556918144226074e-02
7.678814698010683060e-03
-1.585351489484310150e-02
-2.388251572847366333e-02
-3.016882948577404022e-02
-2.608896233141422272e-02
-2.263739705085754395e-02
-2.042939141392707825e-02
-1.852749101817607880e-02
-1.252758502960205078e-02
-8.311692625284194946e-03
-2.513131126761436462e-03
2.327272202819585800e-03
5.776907783001661301e-03
6.284102797508239746e-03
1.040205825120210648e-02
1.868022792041301727e-02
2.124920114874839783e-02
2.832265570759773254e-02
3.142038360238075256e-02
3.538790717720985413e-02
3.939287364482879639e-02
4.756757616996765137e-02
4.411325603723526001e-02
5.357014387845993042e-02
5.320714414119720459e-02
5.902546644210815430e-02
5.883216857910156250e-02
6.030213460326194763e-02
3.042959421873092651e-02
2.686566300690174103e-02
