-8.837997913360595703e-02
1.840446889400482178e-02
7.227084040641784668e-02
9.600488096475601196e-02
-1.218284666538238525e-01
-1.929212920367717743e-02
-2.069425536319613457e-03
-1.062132269144058228e-01
-7.392418384552001953e-02
-2.533741109073162079e-02
-3.157030045986175537e-02
-1.387985516339540482e-02
2.339272946119308472e-02
2.910207025706768036e-02
2.873024530708789825e-02
1.012418419122695923e-02
-1.597212441265583038e-02
-2.500443160533905029e-02
-4.264178127050399780e-02
-4.912570118904113770e-02
-5.885554105043411255e-02
-6.245037168264389038e-02
-5.853311344981193542e-02
-3.725742548704147339e-02
-6.273472681641578674e-03
2.236080542206764221e-02
3.937481343746185303e-02
5.748305842280387878e-02
9.254140406847000122e-02
1.255707293748855591e-01
5.334893986582756042e-02
-7.989775538444519043e-01
-7.717844843864440918e-01
3.272024095058441162e-01
3.219220042228698730e-01
2.986969351768493652e-01
2.023912817239761353e-01
1.134810969233512878e-01
6.598892062902450562e-02
4.142209142446517944e-02
3.347454592585563660e-02
2.983058802783489227e-02
2.907649986445903778e-02
3.213073313236236572e-02
2.867536805570125580e-02
3.248951211571693420e-02
3.061717003583908081e-02
2.636945992708206177e-02
1.578691601753234863e-02
-2.467884216457605362e-03
-1.582638919353485107e-02
-2.039887197315692902e-02
-3.260868787765502930e-02
4.941345006227493286e-02
2.988567948341369629e-02
1.221748441457748413e-02
-4.090827703475952148e-02
-2.198182046413421631e-02
-2.862419784069061279e-01
1.268635038286447525e-02
6.588546186685562134e-02
-1.074475273489952087e-01
2.099050134420394897e-01
1.414440572261810303e-01
2.706795930862426758e-02
