-3.240010887384414673e-02
3.973174467682838440e-02
-1.084455773234367371e-01
5.262961238622665405e-02
5.025563016533851624e-02
1.668056100606918335e-01
7.018149644136428833e-02
-3.446285426616668701e-02
9.098055958747863770e-02
3.689179196953773499e-02
9.898063726723194122e-03
6.067940965294837952e-02
-1.001417711377143860e-01
1.165387406945228577e-01
-1.195855662226676941e-01
1.700731180608272552e-02
3.293792903423309326e-02
-7.190176099538803101e-02
5.606136750429868698e-03
-1.887832581996917725e-02
4.232733510434627533e-03
-5.613939836621284485e-02
-4.064782708883285522e-02
-1.584549397230148315e-01
-4.707198739051818848e-01
-6.922094821929931641e-01
-7.303374409675598145e-01
-5.761182904243469238e-01
-5.291276574134826660e-01
-3.443434536457061768e-01
-6.622848510742187500e-01
-5.279810428619384766e-01
-1.455767750740051270e-01
-4.091726616024971008e-02
-8.351492136716842651e-02
-8.425164967775344849e-02
1.653511226177215576e-01
2.046829313039779663e-01
1.003611311316490173e-01
5.087598040699958801e-02
-3.312985226511955261e-02
1.159862428903579712e-01
6.287570297718048096e-02
-7.647728174924850464e-02
4.096328839659690857e-02
-1.322604566812515259e-01
-7.567005604505538940e-02
-4.550042375922203064e-02
-8.586654067039489746e-02
-3.496312303468585014e-03
3.753199800848960876e-02
-3.861640766263008118e-02
-1.111729186959564686e-03
2.576052583754062653e-02
6.810066848993301392e-02
5.079100653529167175e-02
4.224305972456932068e-02
4.251538589596748352e-02
2.881128340959548950e-02
-1.357880607247352600e-02
-3.090066835284233093e-03
7.723153103142976761e-03
6.786371022462844849e-02
7.299708575010299683e-02
-6.497730314731597900e-02
