-1.953522562980651855e-01
5.091925710439682007e-02
8.829442411661148071e-02
-2.333322353661060333e-02
-7.583237439393997192e-02
7.678037136793136597e-02
1.418820470571517944e-01
2.005665302276611328e-01
1.452704668045043945e-01
3.927552998065948486e-01
5.942931771278381348e-01
4.724256396293640137e-01
4.946875274181365967e-01
7.488666772842407227e-01
6.439686417579650879e-01
6.785367131233215332e-01
7.581450939178466797e-01
3.838411569595336914e-01
6.697601675987243652e-01
3.885574936866760254e-01
-3.185381293296813965e-01
-4.351296126842498779e-01
-2.441854178905487061e-01
-3.930503129959106445e-01
-2.426671683788299561e-01
-3.961953893303871155e-02
7.346595823764801025e-02
5.455422028899192810e-02
8.982305228710174561e-02
-4.307717457413673401e-02
-4.807098209857940674e-02
-2.210973650217056274e-01
2.078542709350585938e-01
