3.124388633295893669e-03
1.887469901703298092e-03
-3.297648858278989792e-03
-2.665271458681672812e-04
-4.890902433544397354e-03
-2.055651973932981491e-03
5.787967238575220108e-04
1.872617052868008614e-03
2.740762662142515182e-03
-1.087520271539688110e-03
1.410095370374619961e-03
-3.718123844009824097e-05
-2.708409447222948074e-04
-3.670785226859152317e-04
-1.785916974768042564e-04
-2.961148042231798172e-03
-1.262984005734324455e-03
2.207838988397270441e-04
2.294877776876091957e-03
-4.355751152615994215e-04
-3.423376241698861122e-03
-8.185293525457382202e-03
-9.589090012013912201e-03
-1.102838013321161270e-02
-6.963639054447412491e-03
-2.243898110464215279e-03
-3.806521883234381676e-03
-3.519097343087196350e-03
1.901352405548095703e-02
6.395303457975387573e-02
3.464628756046295166e-02
-5.709189772605895996e-01
-3.464070260524749756e-01
2.039484828710556030e-01
1.793295741081237793e-01
9.850355982780456543e-02
2.067806757986545563e-02
-1.521331816911697388e-02
-1.938682422041893005e-02
-5.268615204840898514e-04
3.091629967093467712e-02
4.158795997500419617e-02
3.689176216721534729e-02
2.824059315025806427e-02
1.437896862626075745e-02
-1.478606427554041147e-04
-2.495261840522289276e-03
-4.240858368575572968e-03
1.998590538278222084e-03
-1.003892533481121063e-02
-1.014569588005542755e-02
3.873478155583143234e-03
2.918103476986289024e-03
1.496019680052995682e-02
3.156567458063364029e-03
-4.153906833380460739e-03
-9.271213202737271786e-04
4.584301728755235672e-03
-4.034150857478380203e-03
-9.929491207003593445e-04
1.440229476429522038e-03
-8.305964060127735138e-03
8.487873710691928864e-03
-8.093367330729961395e-03
3.251910675317049026e-03
