3.286285325884819031e-02
5.922805145382881165e-02
7.981751859188079834e-02
7.827942073345184326e-02
8.168651908636093140e-02
6.856921315193176270e-02
5.419328063726425171e-02
5.667334422469139099e-02
6.528367847204208374e-02
1.051620915532112122e-01
1.695187538862228394e-01
2.243903875350952148e-01
3.452491164207458496e-01
3.644947111606597900e-01
2.688385248184204102e-01
-6.584887504577636719e-01
-7.998233437538146973e-01
-3.621026501059532166e-02
-2.800193848088383675e-03
-5.577175877988338470e-03
-4.522552341222763062e-02
-7.740647345781326294e-02
-1.035190373659133911e-01
-1.248780563473701477e-01
-1.237824633717536926e-01
-1.038940995931625366e-01
-8.438515663146972656e-02
-7.374346256256103516e-02
-6.102617457509040833e-02
-5.170316249132156372e-02
-3.657685220241546631e-02
-2.732338942587375641e-02
-1.872901245951652527e-02
