-2.167263068258762360e-02
-1.366555597633123398e-02
2.958925673738121986e-03
2.458922192454338074e-02
5.521871894598007202e-02
8.374767005443572998e-02
1.024594083428382874e-01
1.126602441072463989e-01
1.310130804777145386e-01
1.363329142332077026e-01
1.039081588387489319e-01
6.429460644721984863e-02
4.764846712350845337e-02
4.098116233944892883e-02
3.393872082233428955e-02
8.788368105888366699e-01
5.236462354660034180e-01
-1.953130811452865601e-01
-2.876774668693542480e-01
-3.147484958171844482e-01
-2.146773934364318848e-01
-1.381173729896545410e-01
-9.462505578994750977e-02
-8.832992613315582275e-02
-7.605545967817306519e-02
-8.011106401681900024e-02
-6.585132330656051636e-02
-4.626747593283653259e-02
-3.457904607057571411e-02
-2.405040338635444641e-02
-2.253089286386966705e-02
-1.020937506109476089e-02
-8.693112991750240326e-03
