1.548036187887191772e-01
8.474804461002349854e-02
-2.632620930671691895e-01
3.439412638545036316e-02
-2.026391774415969849e-01
-2.762658894062042236e-02
1.628010571002960205e-01
-2.870895154774188995e-02
-9.675870090723037720e-02
1.982510536909103394e-01
1.455512493848800659e-01
1.834639608860015869e-01
-6.387345492839813232e-02
3.051869757473468781e-02
-2.171708345413208008e-01
-1.238881200551986694e-01
-3.997824490070343018e-01
-2.149384021759033203e-01
-2.087595611810684204e-01
-7.070797085762023926e-01
-5.272403359413146973e-01
-1.460213959217071533e-01
1.052280422300100327e-02
-6.629462540149688721e-02
-1.508193463087081909e-01
-8.562054485082626343e-02
-7.051734626293182373e-02
-1.287175118923187256e-01
9.600826352834701538e-02
-8.261878788471221924e-02
1.204234585165977478e-01
2.136968374252319336e-01
-8.433127403259277344e-02
