-1.835627714172005653e-03
-5.337439477443695068e-03
-3.254485549405217171e-03
1.278841285966336727e-03
-8.114157244563102722e-04
2.094534225761890411e-03
-5.169046577066183090e-03
-5.983181297779083252e-03
-5.654630251228809357e-03
-8.728174492716789246e-03
-5.074906628578901291e-03
-5.458579864352941513e-03
-1.868070685304701328e-03
1.372792030451819301e-04
-2.864552894607186317e-03
3.030547173693776131e-03
9.077689610421657562e-03
1.357746031135320663e-02
2.102772146463394165e-02
2.405070699751377106e-02
2.610945142805576324e-02
3.170260414481163025e-02
3.771225363016128540e-02
4.340969026088714600e-02
4.638656601309776306e-02
4.753367230296134949e-02
5.432859808206558228e-02
7.144895195960998535e-02
9.554362297058105469e-02
1.476644873619079590e-01
2.258270680904388428e-01
-9.846282005310058594e-01
-4.809339046478271484e-01
7.653076201677322388e-02
5.107016861438751221e-02
3.508659079670906067e-02
1.552857365459203720e-02
-1.009014062583446503e-02
-3.799393773078918457e-02
-5.632362142205238342e-02
-6.337725371122360229e-02
-5.727106332778930664e-02
-4.435484111309051514e-02
-1.880093663930892944e-02
-4.946809262037277222e-03
1.127297803759574890e-02
2.472764998674392700e-02
3.096727095544338226e-02
3.220787271857261658e-02
4.484527558088302612e-02
4.153658822178840637e-02
4.689319431781768799e-02
4.039293900132179260e-02
2.783324010670185089e-02
2.809937857091426849e-02
1.822051592171192169e-02
1.724925264716148376e-02
9.432604536414146423e-03
3.242859151214361191e-03
-4.529858473688364029e-03
-5.112710408866405487e-03
-2.070370828732848167e-03
-5.554796196520328522e-03
-5.200681742280721664e-03
-8.682157844305038452e-03
