7.496893405914306641e-02
4.672327637672424316e-02
-6.108221411705017090e-02
4.538364335894584656e-02
-4.111047461628913879e-02
1.714342385530471802e-01
-5.116370692849159241e-02
1.456782687455415726e-02
-7.681261049583554268e-04
-9.472781419754028320e-02
3.754214942455291748e-02
5.897882953286170959e-02
-8.299505710601806641e-02
5.541428457945585251e-03
4.986679926514625549e-02
-1.634118854999542236e-01
1.089682057499885559e-02
-4.142206907272338867e-02
-9.198857843875885010e-02
-1.553837805986404419e-01
-4.928437247872352600e-02
7.941810786724090576e-02
3.262986242771148682e-02
-2.458974421024322510e-01
-2.831394076347351074e-01
-4.306806325912475586e-01
-5.116570591926574707e-01
-4.447089731693267822e-01
-1.120373681187629700e-01
1.874008476734161377e-01
1.831812560558319092e-01
5.352381616830825806e-02
-3.558331131935119629e-01
-4.166273772716522217e-01
-3.215399086475372314e-01
3.582269698381423950e-02
-4.710411280393600464e-02
-1.254054754972457886e-01
-4.067179188132286072e-02
1.864732056856155396e-02
-1.263291575014591217e-02
1.966736018657684326e-01
2.031943500041961670e-01
2.147444486618041992e-01
3.174928724765777588e-01
2.293778061866760254e-01
-5.223377794027328491e-02
3.710914403200149536e-02
-2.217472717165946960e-02
-6.163700297474861145e-02
-5.726044997572898865e-03
6.402407586574554443e-02
-4.342030733823776245e-02
4.135891795158386230e-02
-1.138173043727874756e-02
5.709191784262657166e-02
-1.033435165882110596e-01
1.649229377508163452e-01
-1.529402006417512894e-02
1.299986988306045532e-01
3.959760069847106934e-02
1.118896752595901489e-01
-7.366062700748443604e-02
-8.967700414359569550e-03
-1.529134344309568405e-02
