8.469746448099613190e-03
1.381088607013225555e-02
1.462410669773817062e-02
1.877991110086441040e-02
1.431273948401212692e-02
2.406143955886363983e-02
2.535954862833023071e-02
1.898060739040374756e-02
1.644041202962398529e-02
1.623724959790706635e-02
2.039843425154685974e-02
1.583528704941272736e-02
1.735211908817291260e-02
1.658735424280166626e-02
1.627332903444766998e-02
9.993221610784530640e-03
-5.253907293081283569e-03
-1.831221580505371094e-02
-2.624291740357875824e-02
-3.786796331405639648e-02
-4.495769366621971130e-02
-4.623955115675926208e-02
-3.470656648278236389e-02
-1.021947339177131653e-02
1.204323023557662964e-02
2.817650698125362396e-02
3.547046706080436707e-02
3.376020863652229309e-02
2.606225386261940002e-02
2.894528442993760109e-04
-5.821916833519935608e-02
-9.703230857849121094e-01
-7.367806434631347656e-01
1.616126596927642822e-01
1.579613536596298218e-01
1.364960372447967529e-01
1.074385121464729309e-01
7.499034702777862549e-02
4.385814070701599121e-02
2.404703013598918915e-02
1.521756406873464584e-02
1.093856710940599442e-02
7.559492718428373337e-03
8.680732920765876770e-03
1.083788089454174042e-02
6.365288980305194855e-03
6.789833307266235352e-03
3.866319311782717705e-03
7.831824012100696564e-03
1.582618569955229759e-03
1.232043257914483547e-03
3.336132736876606941e-03
3.916773479431867599e-03
7.113018364179879427e-05
4.191458865534514189e-04
-7.657436071895062923e-05
1.852737157605588436e-03
-3.851196379400789738e-05
1.798415207304060459e-03
3.777446458116173744e-03
1.922409515827894211e-03
-4.110359586775302887e-03
4.336080048233270645e-03
4.204312339425086975e-03
5.101206246763467789e-03
