-4.099748656153678894e-02
-2.206555800512433052e-03
2.622153609991073608e-02
-5.149977281689643860e-02
2.565448358654975891e-02
3.333861753344535828e-02
3.044075891375541687e-02
-2.558321319520473480e-02
7.801279425621032715e-02
-2.788062207400798798e-02
-1.403931900858879089e-02
-1.866777800023555756e-02
2.249577827751636505e-02
6.779053807258605957e-02
8.493023924529552460e-03
1.153647825121879578e-01
4.559202492237091064e-02
9.098400175571441650e-02
6.839556246995925903e-02
2.185705490410327911e-02
-1.724231988191604614e-01
-3.540216088294982910e-01
-3.033085763454437256e-01
-2.842750847339630127e-01
-2.242060601711273193e-01
-2.087207138538360596e-01
1.657955907285213470e-02
1.084337309002876282e-01
-1.616875529289245605e-01
1.475074607878923416e-02
3.925676941871643066e-01
2.529576420783996582e-01
2.734803557395935059e-01
1.925169825553894043e-01
2.581321448087692261e-02
1.099506393074989319e-01
2.872210443019866943e-01
4.749011993408203125e-01
9.089459776878356934e-01
8.324376344680786133e-01
5.421887040138244629e-01
1.593793481588363647e-01
8.814717829227447510e-02
7.058156281709671021e-02
-7.621867116540670395e-03
6.812950223684310913e-02
-1.237857650266960263e-04
-2.044527046382427216e-02
-6.800046563148498535e-02
3.952712565660476685e-02
-5.068892240524291992e-02
-9.356572409160435200e-04
5.629326682537794113e-03
-9.985893964767456055e-03
6.785292923450469971e-02
-8.215153939090669155e-04
4.136582091450691223e-02
5.508979037404060364e-02
4.233397170901298523e-02
-2.188802883028984070e-02
2.819987200200557709e-02
-1.813122816383838654e-02
4.815827123820781708e-03
-3.133300691843032837e-02
-8.630536496639251709e-03
