5.411525489762425423e-04
-3.466500900685787201e-03
-2.322709187865257263e-03
2.911525079980492592e-03
3.509022295475006104e-03
-5.169769283384084702e-03
-1.654216786846518517e-03
3.155190031975507736e-03
8.133797091431915760e-04
1.602875301614403725e-03
-2.479716204106807709e-03
1.870797364972531796e-03
4.286333452910184860e-03
2.469939878210425377e-03
4.477861337363719940e-03
2.842522924765944481e-03
6.738055963069200516e-03
5.889408290386199951e-03
4.784502089023590088e-03
5.251674447208642960e-03
5.736113525927066803e-03
-1.013288856483995914e-04
-8.172489702701568604e-03
-8.565978147089481354e-03
-7.428216282278299332e-03
5.156586412340402603e-03
2.208191715180873871e-02
2.283461578190326691e-02
5.499555263668298721e-03
-2.437306009232997894e-02
-5.014620721340179443e-02
-5.915547013282775879e-01
-4.395774602890014648e-01
-7.508555427193641663e-03
2.505878172814846039e-02
4.318143054842948914e-02
4.101277515292167664e-02
2.642355859279632568e-02
1.395560521632432938e-02
7.975131273269653320e-03
6.178250536322593689e-03
6.645826157182455063e-03
5.599957890808582306e-03
4.462272860109806061e-03
4.139219410717487335e-03
1.281095435842871666e-03
2.707168227061629295e-03
1.365722971968352795e-03
-1.329782098764553666e-04
4.641622770577669144e-03
-3.176154277753084898e-04
3.908264450728893280e-03
1.301626092754304409e-03
2.160425530746579170e-03
-3.516244032653048635e-05
3.356881206855177879e-04
8.483484853059053421e-04
-2.692394657060503960e-03
3.355796216055750847e-03
-1.702196779660880566e-03
-1.656332169659435749e-03
-5.125241819769144058e-03
3.543183207511901855e-03
-4.400039091706275940e-03
2.494057407602667809e-03
