1.805110275745391846e-02
-1.279208809137344360e-02
-1.167054548859596252e-01
-1.201708242297172546e-01
2.473288914188742638e-03
1.034047752618789673e-01
-8.593216538429260254e-02
1.577462852001190186e-01
1.136817410588264465e-01
-1.193500310182571411e-01
-5.492353811860084534e-02
2.142134457826614380e-01
3.113027811050415039e-01
3.703149855136871338e-01
5.015844702720642090e-01
4.495043754577636719e-01
2.671444788575172424e-02
2.908958196640014648e-01
-2.032064199447631836e-01
-3.010637760162353516e-01
-6.496508419513702393e-02
1.445027887821197510e-01
2.524514198303222656e-01
8.565065264701843262e-02
-1.394663285464048386e-02
3.950246423482894897e-02
-1.228630691766738892e-01
-3.689335659146308899e-02
-3.153176605701446533e-02
-9.386003762483596802e-02
7.888243347406387329e-02
-5.450162664055824280e-02
-1.103359609842300415e-01
