-4.659735597670078278e-03
4.889486357569694519e-03
4.232825245708227158e-03
-1.634856127202510834e-02
-3.666985780000686646e-03
-1.740053296089172363e-02
-1.043469272553920746e-02
-6.658297963440418243e-03
-7.432436104863882065e-03
-1.454015076160430908e-02
-7.569757290184497833e-03
-3.608718980103731155e-03
-1.899700378999114037e-03
1.180041208863258362e-02
1.114581525325775146e-02
1.452162675559520721e-02
1.847407594323158264e-02
2.465646341443061829e-02
2.719829417765140533e-02
3.374541923403739929e-02
3.435463458299636841e-02
4.077597707509994507e-02
3.756304085254669189e-02
2.922963909804821014e-02
2.602582611143589020e-02
1.501982752233743668e-02
-1.016513351351022720e-02
-1.607982628047466278e-02
-4.702677950263023376e-02
-1.164065152406692505e-01
-2.560755610466003418e-01
9.567185640335083008e-01
1.075390696525573730e+00
-4.234484136104583740e-01
-2.317925244569778442e-01
-1.372234821319580078e-01
-8.931710571050643921e-02
-6.523294746875762939e-02
-5.218845605850219727e-02
-4.840984567999839783e-02
-4.498821496963500977e-02
-4.306155070662498474e-02
-3.095368109643459320e-02
-2.916137129068374634e-02
-2.876140922307968140e-02
-2.652192674577236176e-02
-2.259864099323749542e-02
-2.132041193544864655e-02
-2.207465469837188721e-02
-2.022029459476470947e-02
-1.518739014863967896e-02
-1.880662888288497925e-02
-2.212715893983840942e-02
-1.939675025641918182e-02
-8.170400746166706085e-03
-1.046849228441715240e-02
-7.937142625451087952e-03
1.704233232885599136e-03
1.021159114316105843e-03
4.406920168548822403e-03
9.330277098342776299e-04
-5.443804431706666946e-03
3.827956039458513260e-03
1.333877071738243103e-02
1.193844806402921677e-02
