-1.659354964544945688e-08
-4.484155085839414627e-44
1.365066371571133086e-12
4.764414778704378041e-44
-9.949219096706201204e-44
4.203895392974451213e-44
-3.853611223528230489e-13
2.848824113607406616e-02
-1.662933966144919395e-03
3.279204294085502625e-02
2.143092639744281769e-02
1.113855093717575073e-02
6.875358521938323975e-03
8.626706898212432861e-03
-4.815721884369850159e-03
-4.504761192947626114e-03
-1.461421977728605270e-02
-1.651674322783946991e-02
-2.148727700114250183e-02
-2.290270105004310608e-02
-3.193683177232742310e-02
-4.003281146287918091e-02
-4.945281520485877991e-02
-5.354803055524826050e-02
-6.846992671489715576e-02
-8.803618699312210083e-02
-1.189742088317871094e-01
-1.642407923936843872e-01
-2.630508840084075928e-01
-4.977231919765472412e-01
-9.876319766044616699e-01
1.401503801345825195e+00
1.154589533805847168e+00
-4.142819344997406006e-01
-1.874201595783233643e-01
-9.626880288124084473e-02
-2.719408832490444183e-02
1.098431926220655441e-02
9.220347739756107330e-03
1.332625467330217361e-02
9.072300046682357788e-03
9.059896692633628845e-03
6.760615389794111252e-03
9.123756550252437592e-03
6.041966378688812256e-03
4.391969647258520126e-03
8.339176885783672333e-03
1.331594958901405334e-02
-3.066849429160356522e-03
-1.336408592760562897e-02
-1.371029857546091080e-02
-1.758619025349617004e-02
-1.845673471689224243e-02
-2.743700891733169556e-02
-2.532422356307506561e-02
-2.995182946324348450e-02
-3.458348661661148071e-02
-3.587022051215171814e-02
-2.485489472746849060e-02
-2.382941730320453644e-02
-2.144780755043029785e-02
-1.814816333353519440e-02
-1.957400515675544739e-02
-3.487807139754295349e-02
-6.400967831723392010e-04
