-3.207913367077708244e-03
9.789856150746345520e-03
-4.707977641373872757e-03
6.968903820961713791e-03
1.752017647959291935e-03
7.977539673447608948e-03
4.042787477374076843e-03
4.530793055891990662e-03
4.231112543493509293e-03
1.247698557563126087e-03
-1.435734680853784084e-03
-9.611273184418678284e-03
-1.476343907415866852e-02
-1.903330534696578979e-02
-3.148484975099563599e-02
-2.820789627730846405e-02
-2.782326936721801758e-02
-2.000708691775798798e-02
-2.039109170436859131e-02
-1.160225085914134979e-02
5.113710183650255203e-03
3.318265825510025024e-02
5.318409204483032227e-02
6.331100314855575562e-02
6.682217866182327271e-02
5.611188709735870361e-02
2.994806133210659027e-02
-1.861194032244384289e-03
-3.737602382898330688e-02
-7.067070901393890381e-02
-8.995184302330017090e-02
6.770618557929992676e-01
6.985498070716857910e-01
-2.312885522842407227e-01
-1.653322279453277588e-01
-1.050143167376518250e-01
-7.042539864778518677e-02
-6.130473688244819641e-02
-5.648294463753700256e-02
-5.644190311431884766e-02
-5.168019607663154602e-02
-4.635886102914810181e-02
-3.830117359757423401e-02
-2.888845838606357574e-02
-2.161831781268119812e-02
-1.406522188335657120e-02
-7.896272465586662292e-03
-2.729251282289624214e-03
2.270313445478677750e-03
2.651733346283435822e-03
6.144810933619737625e-03
1.777613419108092785e-03
1.445882720872759819e-03
4.990224726498126984e-03
6.078694481402635574e-03
-3.396681277081370354e-03
-5.924022407270967960e-04
4.514229018241167068e-03
-9.383913129568099976e-03
-6.242377217859029770e-03
-5.284387152642011642e-04
-2.734962385147809982e-03
5.616341251879930496e-03
7.730670040473341942e-04
1.126322243362665176e-02
