-1.032102480530738831e-01
2.747673774138092995e-03
6.602070480585098267e-02
1.318079233169555664e-01
-2.034370154142379761e-01
-3.713833913207054138e-02
2.386734075844287872e-02
-1.831161379814147949e-01
-1.954328566789627075e-01
1.587638072669506073e-02
-2.891770601272583008e-01
-9.670845419168472290e-02
3.619720935821533203e-01
4.478970170021057129e-01
4.190610051155090332e-01
6.298849582672119141e-01
1.852545887231826782e-01
1.926531642675399780e-02
-2.474112212657928467e-01
7.145604491233825684e-02
1.345227807760238647e-01
5.217394828796386719e-01
3.852647542953491211e-01
3.105701208114624023e-01
3.097991831600666046e-02
1.621683984994888306e-01
-9.461054950952529907e-02
-2.938993833959102631e-02
5.576858669519424438e-02
1.114985644817352295e-01
1.281272321939468384e-01
-2.599778957664966583e-02
2.317077852785587311e-02
