9.575253725051879883e-02
-2.459728159010410309e-02
3.558867424726486206e-02
6.268737465143203735e-02
8.766210079193115234e-02
6.328181177377700806e-02
5.721974372863769531e-02
-2.377065271139144897e-02
1.082578450441360474e-01
7.513590902090072632e-02
3.828111290931701660e-02
4.565833508968353271e-02
1.345539540052413940e-01
-3.793365880846977234e-02
4.391548410058021545e-02
-9.150757640600204468e-02
-2.688120864331722260e-02
1.791665889322757721e-02
1.573033183813095093e-01
6.496901065111160278e-02
7.558427751064300537e-02
9.050415456295013428e-02
2.047595679759979248e-01
1.461101323366165161e-02
-2.921681404113769531e-01
-5.081808567047119141e-01
-7.127081751823425293e-01
-4.003236591815948486e-01
-4.537595212459564209e-01
-5.374032855033874512e-01
-1.957735568284988403e-01
-2.392489910125732422e-01
-4.105189442634582520e-01
-2.867033481597900391e-01
1.349109411239624023e-01
2.087519764900207520e-01
-3.569442406296730042e-02
-8.221204578876495361e-02
-6.664635241031646729e-02
8.473645895719528198e-02
3.189335167407989502e-01
1.462130397558212280e-01
1.715709567070007324e-01
1.963185146450996399e-02
-7.413579523563385010e-02
-1.531668752431869507e-01
-3.282963111996650696e-02
-9.462130814790725708e-02
-8.303764462471008301e-02
-8.785896003246307373e-02
-4.440894722938537598e-02
-4.945287946611642838e-03
-6.818863749504089355e-02
-1.914986409246921539e-02
2.606303244829177856e-02
4.225577041506767273e-02
1.680416613817214966e-02
-7.550537586212158203e-02
-6.493479013442993164e-02
8.526621013879776001e-02
-2.014907449483871460e-02
1.243235822767019272e-02
5.202770978212356567e-02
-1.626676879823207855e-02
4.087302088737487793e-02
