7.640399038791656494e-03
1.768099493347108364e-03
5.197418853640556335e-03
3.246206557378172874e-03
1.581963035278022289e-03
-9.518990293145179749e-03
-1.481913495808839798e-02
-1.548256073147058487e-02
-1.896871253848075867e-02
-2.251260541379451752e-02
-6.228543352335691452e-03
-8.488814346492290497e-03
-5.100872833281755447e-03
-2.014692407101392746e-03
6.162561010569334030e-03
1.288702338933944702e-02
1.908561401069164276e-02
1.399082690477371216e-02
6.614651530981063843e-03
-1.347220130264759064e-02
-3.531411662697792053e-02
-5.732212960720062256e-02
-6.699695438146591187e-02
-6.877893954515457153e-02
-5.886328965425491333e-02
-4.490027949213981628e-02
-5.412301421165466309e-02
-1.063043996691703796e-01
-2.098668068647384644e-01
-3.298806846141815186e-01
-4.225434362888336182e-01
-5.335268378257751465e-01
-7.182711362838745117e-01
-2.161770910024642944e-01
-1.432274430990219116e-01
-8.937188982963562012e-02
-5.562639981508255005e-02
-3.590214625000953674e-02
-2.261287532746791840e-02
-1.150230225175619125e-02
-5.236047785729169846e-03
-4.123304679524153471e-04
1.643717172555625439e-03
-8.760598138906061649e-04
-5.083862226456403732e-03
-1.291766297072172165e-02
-1.455309893935918808e-02
-1.822979189455509186e-02
-2.339273691177368164e-02
-2.432057447731494904e-02
-2.445317432284355164e-02
-2.430819906294345856e-02
-2.308730967342853546e-02
-2.340326085686683655e-02
-1.656808331608772278e-02
-1.671412400901317596e-02
-1.909805089235305786e-02
-1.701017655432224274e-02
-9.699611924588680267e-03
1.694142847554758191e-04
-4.613920580595731735e-03
1.091675017960369587e-03
-2.230392070487141609e-03
1.152773969806730747e-03
-6.841567810624837875e-03
