3.892016038298606873e-02
-9.873787872493267059e-03
-4.005437251180410385e-03
-2.858232334256172180e-02
3.125985339283943176e-02
9.446581825613975525e-03
6.645121611654758453e-04
4.946083948016166687e-02
2.778425253927707672e-02
-5.795980244874954224e-02
-1.956639066338539124e-02
5.304294452071189880e-02
-1.401929706335067749e-01
-2.019796967506408691e-01
3.768649995326995850e-01
1.605723649263381958e-01
-6.316701173782348633e-01
-5.661728233098983765e-02
-1.764567941427230835e-01
-7.586861848831176758e-01
-4.707660377025604248e-01
6.951358914375305176e-02
2.909344136714935303e-01
2.777057886123657227e-01
4.188009724020957947e-02
-1.106697842478752136e-01
-3.648820146918296814e-02
-6.555970758199691772e-02
-9.566778317093849182e-03
-7.841210812330245972e-03
3.115216083824634552e-02
1.558401156216859818e-02
1.282919570803642273e-02
