4.300730302929878235e-02
-3.601525723934173584e-02
3.688667714595794678e-02
-3.530666232109069824e-02
1.641233451664447784e-02
2.036408893764019012e-02
3.443570062518119812e-02
-3.340277820825576782e-02
1.030931249260902405e-03
1.766699925065040588e-02
7.256332784891128540e-02
2.209967561066150665e-02
2.097971737384796143e-02
1.198511384427547455e-02
2.311083301901817322e-02
1.575840264558792114e-02
1.428473554551601410e-02
4.409153386950492859e-02
1.058433875441551208e-01
1.856200769543647766e-02
-1.141316145658493042e-01
-1.620078980922698975e-01
-1.715596765279769897e-01
-6.008557975292205811e-02
8.049655705690383911e-02
3.871234953403472900e-01
7.244409322738647461e-01
6.828977465629577637e-01
2.988854050636291504e-01
9.555177390575408936e-02
9.749397635459899902e-02
3.845500946044921875e-01
3.553363680839538574e-01
6.803259998559951782e-02
-2.427091002464294434e-01
-2.994359731674194336e-01
-4.204900935292243958e-02
2.786638438701629639e-01
1.906988024711608887e-01
9.648959338665008545e-02
-1.147873625159263611e-01
-1.271657049655914307e-01
-6.410081684589385986e-02
-4.749492555856704712e-02
-1.273022964596748352e-02
-2.538293227553367615e-02
-2.185485325753688812e-02
-4.586069658398628235e-02
5.765101872384548187e-03
1.196809485554695129e-02
-3.503196686506271362e-02
2.613428514450788498e-03
-3.707904601469635963e-03
7.564501464366912842e-02
8.577649295330047607e-02
-3.054776461794972420e-03
1.810337230563163757e-02
-1.577706448733806610e-02
5.922445654869079590e-02
2.429674752056598663e-02
8.615490980446338654e-03
-3.922801092267036438e-02
6.697044521570205688e-02
-6.146987155079841614e-02
1.081948056817054749e-01
