-2.401589229702949524e-02
-3.080662712454795837e-02
-4.603283479809761047e-02
-6.095985323190689087e-02
-5.875239148736000061e-02
-5.316148698329925537e-02
-4.689097777009010315e-02
-4.152870923280715942e-02
-6.985767930746078491e-02
-1.260627657175064087e-01
-1.633907556533813477e-01
-1.956724077463150024e-01
-2.730607688426971436e-01
-3.075660765171051025e-01
-2.132307142019271851e-01
4.885285496711730957e-01
9.353845715522766113e-01
4.389025270938873291e-02
1.192453503608703613e-02
4.737532511353492737e-02
1.147420182824134827e-01
1.649203598499298096e-01
1.484636515378952026e-01
9.902933984994888306e-02
6.958299875259399414e-02
3.502257540822029114e-02
5.194608238525688648e-04
-1.635293290019035339e-02
-3.143931552767753601e-02
-3.330029547214508057e-02
-3.487175330519676208e-02
-2.706445381045341492e-02
-7.414388004690408707e-03
