3.101008012890815735e-03
1.500191749073565006e-03
4.043251392431557178e-04
5.697185173630714417e-03
5.536815151572227478e-03
1.285088132135570049e-03
-9.697150439023971558e-03
-6.534367334097623825e-03
2.696051960811018944e-03
1.809768727980554104e-04
1.659382396610453725e-04
-5.050737410783767700e-03
-2.641241298988461494e-03
6.055992562323808670e-03
1.183770969510078430e-02
2.227208763360977173e-02
2.696106024086475372e-02
4.140096902847290039e-02
4.877568408846855164e-02
5.399288609623908997e-02
5.422955751419067383e-02
5.584432557225227356e-02
5.734476447105407715e-02
6.032944098114967346e-02
6.656849384307861328e-02
6.854458898305892944e-02
8.022215217351913452e-02
1.013233661651611328e-01
1.338688880205154419e-01
1.832345575094223022e-01
2.134239226579666138e-01
-8.228011131286621094e-01
-8.425287604331970215e-01
1.409210264682769775e-01
5.911837518215179443e-02
1.032504532486200333e-02
-1.432205177843570709e-02
-4.195293039083480835e-02
-5.817465484142303467e-02
-7.698530703783035278e-02
-7.926122099161148071e-02
-7.463721185922622681e-02
-5.143133923411369324e-02
-2.952322177588939667e-02
-9.150156751275062561e-03
1.291195629164576530e-03
1.639795303344726562e-02
2.009268291294574738e-02
2.264539152383804321e-02
1.955223828554153442e-02
1.465164590626955032e-02
1.164442859590053558e-02
2.290593460202217102e-03
-2.343709456908982247e-05
-1.275222841650247574e-02
-6.045705173164606094e-03
-6.250667385756969452e-03
-9.713110513985157013e-03
-8.075385703705251217e-04
-9.913967922329902649e-03
-1.133192330598831177e-02
-6.614341866225004196e-03
-1.134346332401037216e-02
-6.138197146356105804e-03
-3.923951648175716400e-03
