-9.034775197505950928e-02
4.916907753795385361e-03
7.740000635385513306e-02
-1.004344150424003601e-01
8.136036247014999390e-02
9.871896356344223022e-02
8.818012475967407227e-02
-5.684370920062065125e-02
1.600271612405776978e-01
-1.150650829076766968e-01
-7.906081527471542358e-02
-2.815563976764678955e-02
1.322861611843109131e-01
2.049854993820190430e-01
-7.250998914241790771e-02
-1.263842917978763580e-02
-3.849326074123382568e-01
-4.782705903053283691e-01
-5.985800623893737793e-01
-4.132122993469238281e-01
-3.275927305221557617e-01
-3.649427890777587891e-01
2.173850089311599731e-01
2.048871293663978577e-02
7.853297144174575806e-02
5.726332217454910278e-02
1.798627227544784546e-01
2.021488547325134277e-01
1.403161510825157166e-02
1.144774556159973145e-01
-5.322370678186416626e-02
-5.518021807074546814e-02
-3.846422210335731506e-02
