2.440007030963897705e-02
3.415391594171524048e-02
4.526996985077857971e-02
4.852233827114105225e-02
5.534674599766731262e-02
3.414462506771087646e-02
2.711485605686903000e-03
-6.115475669503211975e-03
-2.317932434380054474e-02
-1.953900605440139771e-02
1.037379950284957886e-01
2.712499499320983887e-01
3.245414197444915771e-01
3.081757426261901855e-01
1.618057489395141602e-01
-6.364725232124328613e-01
-6.497495174407958984e-01
-5.036713555455207825e-02
1.325058937072753906e-02
1.108558755367994308e-02
-1.365278876619413495e-04
-3.474525734782218933e-02
-4.464489966630935669e-02
-4.390946775674819946e-02
-3.158016502857208252e-02
-1.964750513434410095e-02
-2.466922067105770111e-02
-1.704409718513488770e-02
-1.780881360173225403e-02
-1.193040795624256134e-02
-6.317976862192153931e-03
-6.371220573782920837e-03
-6.911424919962882996e-03
