5.885453550164231698e-44
6.305843089461676819e-44
7.006492321624085355e-44
-8.547920632381384133e-44
5.885453550164231698e-44
-6.025583396596713405e-44
-6.025583396596713405e-44
5.885453550164231698e-44
6.165713243029195112e-44
-7.426881860921530476e-44
-7.468699011951684952e-03
-5.566826835274696350e-02
-1.999365538358688354e-02
-1.615174859762191772e-02
-8.228559046983718872e-03
-1.045869570225477219e-02
-8.278614841401576996e-03
-4.356831312179565430e-03
-1.702180015854537487e-03
1.673547434620559216e-03
-3.493390744552016258e-03
-2.202163916081190109e-03
4.930302500724792480e-03
7.527423556894063950e-03
1.823757216334342957e-02
1.725511997938156128e-02
3.446947038173675537e-02
7.343118637800216675e-02
1.494914889335632324e-01
2.799199819564819336e-01
5.659890770912170410e-01
-1.891523122787475586e+00
-2.310081958770751953e+00
9.344572424888610840e-01
4.423319399356842041e-01
2.214987874031066895e-01
1.275532245635986328e-01
8.513433486223220825e-02
6.548764556646347046e-02
5.287613719701766968e-02
4.080658033490180969e-02
3.619483113288879395e-02
2.988402917981147766e-02
2.869011275470256805e-02
2.789017371833324432e-02
2.644012309610843658e-02
2.308011241257190704e-02
1.347492821514606476e-02
4.260655865073204041e-02
-2.892005490139126778e-03
6.726232628759121940e-44
-6.165713243029195112e-44
6.866362475191603648e-44
6.586102782326640233e-44
7.426881860921530476e-44
6.025583396596713405e-44
-6.726232628759121940e-44
5.885453550164231698e-44
6.165713243029195112e-44
-6.025583396596713405e-44
-7.707141553786493890e-44
6.866362475191603648e-44
6.866362475191603648e-44
-7.286752014489048769e-44
-7.567011707354012183e-44
