1.298533100634813309e-02
-5.403090640902519226e-02
-7.576246559619903564e-02
5.889228358864784241e-02
-2.861402742564678192e-02
-4.723101109266281128e-02
-4.060971736907958984e-02
-1.465727090835571289e-01
-3.782451450824737549e-01
-2.362712323665618896e-01
-7.776682078838348389e-02
1.004991307854652405e-01
3.550485940650105476e-03
-2.094105482101440430e-01
4.278393983840942383e-01
2.290331274271011353e-01
-4.853197634220123291e-01
-4.083964228630065918e-01
2.678677439689636230e-02
-2.049935758113861084e-01
-4.890677332878112793e-01
-2.833441793918609619e-01
-4.454843327403068542e-02
-1.054304242134094238e-01
3.365810215473175049e-02
2.147412113845348358e-02
1.982104778289794922e-01
-2.761568874120712280e-02
-2.724168635904788971e-02
-1.203205659985542297e-01
-3.505397588014602661e-02
-2.373399212956428528e-02
6.065228208899497986e-02
