2.631688304245471954e-02
4.196409508585929871e-02
1.368030607700347900e-01
-7.143517583608627319e-02
2.839130461215972900e-01
-5.381605029106140137e-01
-7.165193557739257812e-01
-1.646869778633117676e+00
-2.046622037887573242e+00
-1.912079572677612305e+00
-1.395138144493103027e+00
-1.609341979026794434e+00
-1.181133508682250977e+00
-1.276263594627380371e+00
-1.046638965606689453e+00
-9.256337285041809082e-01
-5.076457858085632324e-01
-6.165089607238769531e-01
-5.834302306175231934e-01
-2.287747412919998169e-01
-3.166048824787139893e-01
-7.575756907463073730e-01
-2.235155701637268066e-01
9.697525948286056519e-02
-2.004283368587493896e-01
2.530773580074310303e-01
-4.820574522018432617e-01
-1.076833829283714294e-01
2.172164916992187500e-01
-4.337455034255981445e-01
1.485868394374847412e-01
2.507944777607917786e-02
-2.514473497867584229e-01
