5.378362257033586502e-03
1.397612690925598145e-02
2.334093302488327026e-02
2.571411244571208954e-02
1.400216296315193176e-02
5.049834493547677994e-03
-9.962659329175949097e-03
-4.227159544825553894e-02
-6.696744263172149658e-02
-9.866988658905029297e-02
-1.198792830109596252e-01
-1.166515573859214783e-01
-3.881217539310455322e-02
9.825634956359863281e-02
8.128853142261505127e-02
-6.243282556533813477e-01
-6.531455516815185547e-01
3.797810971736907959e-01
3.593306243419647217e-01
2.475002557039260864e-01
1.348742246627807617e-01
6.642668694257736206e-02
7.053233683109283447e-02
8.257243782281875610e-02
9.226718544960021973e-02
8.351964503526687622e-02
7.208786159753799438e-02
7.281718403100967407e-02
7.273624837398529053e-02
4.810649901628494263e-02
3.602319955825805664e-02
3.044891357421875000e-02
2.186297252774238586e-02
