2.541838288307189941e-01
4.609674587845802307e-02
-1.085198596119880676e-01
2.567569613456726074e-01
-1.663287431001663208e-01
-1.279730945825576782e-01
-1.501181870698928833e-01
-3.869078680872917175e-02
-9.972268939018249512e-01
-1.671636223793029785e+00
-2.040377616882324219e+00
-1.451701164245605469e+00
-1.137310981750488281e+00
-1.030238509178161621e+00
-1.366714715957641602e+00
-7.478227019309997559e-01
-4.260081052780151367e-01
-8.502376675605773926e-01
-3.548856973648071289e-01
-3.720438778400421143e-01
-1.295673847198486328e-01
-3.097985684871673584e-02
5.230150222778320312e-01
-2.321419268846511841e-01
7.433364540338516235e-02
2.676457762718200684e-01
2.981177568435668945e-01
2.407313510775566101e-02
1.416538059711456299e-01
-3.261334598064422607e-01
4.260086417198181152e-01
-4.877035319805145264e-02
1.635886579751968384e-01
