-4.627263173460960388e-03
1.835450902581214905e-02
1.178273335099220276e-01
1.433153916150331497e-02
9.216108359396457672e-03
1.095764152705669403e-02
6.383158266544342041e-02
9.364134073257446289e-02
9.926360845565795898e-02
-4.266617074608802795e-02
-1.326580792665481567e-01
-1.997781246900558472e-01
-3.795237243175506592e-01
-3.465069830417633057e-01
-3.819265663623809814e-01
-4.671621918678283691e-01
-2.294950932264328003e-01
1.330152750015258789e-01
-4.313392937183380127e-01
-3.822928071022033691e-01
4.193771183490753174e-01
7.427713871002197266e-01
2.856183648109436035e-01
-3.864406421780586243e-02
-6.695078313350677490e-02
-1.420483142137527466e-01
-1.386899650096893311e-01
-5.884897336363792419e-02
5.704772099852561951e-02
-5.039208382368087769e-02
6.298801302909851074e-02
-3.531286492943763733e-02
3.031285479664802551e-02
