-2.628378570079803467e-02
9.636675938963890076e-03
3.371750703081488609e-03
-1.443361863493919373e-02
-4.745557904243469238e-02
-3.466293215751647949e-02
-4.715792089700698853e-02
-2.247862890362739563e-02
-3.147787973284721375e-02
8.446778170764446259e-03
2.978061512112617493e-02
-1.350723206996917725e-02
-5.297067016363143921e-02
-1.839784532785415649e-02
-2.830989845097064972e-02
-2.119593881070613861e-02
-4.152799397706985474e-02
-4.714766889810562134e-02
-1.412225365638732910e-01
-2.274364829063415527e-01
-4.052492082118988037e-01
-2.847418189048767090e-01
-4.877303540706634521e-02
3.831602931022644043e-01
7.374256253242492676e-01
5.485090017318725586e-01
1.073010861873626709e-01
-2.765377759933471680e-01
-1.242802888154983521e-01
-1.077135186642408371e-02
-9.299546480178833008e-02
-2.498289197683334351e-01
-1.071823090314865112e-01
-1.953227221965789795e-01
-4.006110727787017822e-01
-4.618741571903228760e-01
-2.051048576831817627e-01
-1.133758202195167542e-01
-3.132326900959014893e-02
-1.272510737180709839e-01
-2.134916633367538452e-01
-1.678122133016586304e-01
-1.407386660575866699e-01
-2.459434233605861664e-02
4.582610726356506348e-02
5.665344372391700745e-02
7.403939962387084961e-02
3.459499031305313110e-02
-2.275523170828819275e-02
-1.122923195362091064e-02
-8.466553688049316406e-02
1.830415986478328705e-02
-2.007130905985832214e-02
2.247211895883083344e-02
7.322100549936294556e-02
1.096598897129297256e-02
7.001258432865142822e-02
6.259895116090774536e-02
6.357723032124340534e-04
2.460636198520660400e-03
-1.268575899302959442e-02
1.496094278991222382e-02
1.468010898679494858e-02
2.235760539770126343e-02
5.089243128895759583e-02
