-9.547263383865356445e-02
-1.832213848829269409e-01
1.133483089506626129e-02
-1.958485394716262817e-01
-7.297160476446151733e-02
2.486750669777393341e-02
9.689415246248245239e-02
2.124206349253654480e-02
-3.979954868555068970e-02
-2.405607849359512329e-01
2.419389784336090088e-02
-3.772514313459396362e-02
1.105591356754302979e-01
2.433731593191623688e-02
4.239299520850181580e-02
-2.890441417694091797e-01
-6.998756527900695801e-01
-9.220718145370483398e-01
-1.056863665580749512e+00
-1.428880929946899414e+00
-1.184250712394714355e+00
-6.797381043434143066e-01
-6.744928956031799316e-01
-2.198200523853302002e-01
-6.936100125312805176e-02
1.791873425245285034e-01
-3.411638736724853516e-02
2.476602494716644287e-01
-1.545838415622711182e-01
1.781792193651199341e-01
-8.190660923719406128e-02
-5.421834811568260193e-02
-1.601546704769134521e-01
