1.467738114297389984e-02
3.737126942723989487e-03
3.051677951589226723e-03
9.869456291198730469e-03
1.092550065368413925e-02
1.209406927227973938e-02
1.666543260216712952e-02
1.908167451620101929e-02
1.665586046874523163e-02
2.419556304812431335e-02
3.806922957301139832e-02
3.768334910273551941e-02
1.139705330133438110e-01
1.500364691019058228e-01
9.156747907400131226e-02
-1.950648576021194458e-01
-3.864940702915191650e-01
-4.067758470773696899e-02
-1.319309324026107788e-01
2.295083552598953247e-02
7.201540470123291016e-02
1.536385808140039444e-02
-3.155351057648658752e-02
1.510363630950450897e-02
1.137110404670238495e-02
-2.416446805000305176e-02
-7.414068095386028290e-03
1.176122203469276428e-02
2.361385151743888855e-03
-2.747419290244579315e-03
-6.555760046467185020e-04
1.616555615328252316e-03
7.147713098675012589e-03
