1.296733170747756958e-01
5.312182754278182983e-02
2.930822409689426422e-02
7.754267007112503052e-02
1.359379757195711136e-02
-6.261952966451644897e-02
8.425574004650115967e-02
5.249245092272758484e-02
-4.568826034665107727e-02
9.467592090368270874e-02
-7.158776372671127319e-02
-1.208710297942161560e-01
-1.371510326862335205e-01
-1.297258026897907257e-02
-4.609894752502441406e-02
-5.188469216227531433e-02
6.731995195150375366e-02
-1.129811182618141174e-01
1.380245238542556763e-01
9.674420952796936035e-02
2.066666185855865479e-01
2.028283774852752686e-01
2.364236861467361450e-01
2.943905889987945557e-01
2.603701949119567871e-01
4.382612109184265137e-01
6.180946230888366699e-01
3.984625935554504395e-01
4.555565118789672852e-01
3.867995738983154297e-01
3.412234783172607422e-01
3.665011823177337646e-01
4.260330200195312500e-01
3.016355037689208984e-01
1.517145633697509766e-01
1.024563163518905640e-01
3.210257589817047119e-01
3.932465314865112305e-01
9.602989256381988525e-02
-7.911708950996398926e-02
-3.202752470970153809e-01
-5.789325237274169922e-01
-4.056509733200073242e-01
-2.267855703830718994e-01
1.940609514713287354e-02
1.304917484521865845e-01
8.105435222387313843e-02
5.831128731369972229e-02
1.214965134859085083e-01
8.319226652383804321e-02
1.052030995488166809e-01
-8.308432996273040771e-02
6.895279139280319214e-02
8.803484961390495300e-03
-2.487623691558837891e-02
-1.269312649965286255e-01
3.229163959622383118e-02
-1.215928792953491211e-01
1.596452295780181885e-01
4.323148727416992188e-02
-1.022272929549217224e-01
-1.905160583555698395e-02
4.301792755722999573e-02
1.740777194499969482e-01
-6.479219347238540649e-02
