-1.566302627325057983e-01
-7.143066078424453735e-02
2.120527625083923340e-02
8.772476017475128174e-02
9.374602697789669037e-03
-2.288625538349151611e-01
2.617283537983894348e-02
-2.706442773342132568e-01
-5.500471591949462891e-02
3.191102147102355957e-01
4.875337779521942139e-01
2.677918672561645508e-01
5.133390426635742188e-01
3.775815665721893311e-01
1.200304552912712097e-01
-7.789080142974853516e-01
-7.430707216262817383e-01
-1.048867344856262207e+00
-1.295361995697021484e+00
-1.931748747825622559e+00
-1.638416767120361328e+00
-1.629470348358154297e+00
-1.361102223396301270e+00
-8.634048700332641602e-01
-2.332005798816680908e-01
8.615645766258239746e-02
-3.769865930080413818e-01
6.893928349018096924e-02
9.695709496736526489e-02
-8.729750663042068481e-02
3.023541569709777832e-01
-6.991776078939437866e-02
4.065141379833221436e-01
