-1.575222015380859375e-01
6.509919464588165283e-02
1.052098646759986877e-01
6.333637051284313202e-03
-6.063878163695335388e-02
1.566515862941741943e-02
7.297041360288858414e-03
5.290829390287399292e-02
-6.184214144013822079e-04
1.154427602887153625e-02
-1.008102763444185257e-02
4.417029395699501038e-02
-7.342583686113357544e-02
-1.854834407567977905e-01
1.907710283994674683e-01
3.469021320343017578e-01
-8.447014726698398590e-03
7.053159177303314209e-02
2.211793214082717896e-01
2.958485186100006104e-01
5.666987895965576172e-01
6.610848307609558105e-01
4.366294443607330322e-01
7.535274624824523926e-01
7.592152953147888184e-01
6.493998765945434570e-01
6.060394048690795898e-01
6.372197866439819336e-01
5.423406362533569336e-01
5.427791476249694824e-01
4.830404818058013916e-01
4.925485849380493164e-01
5.609482526779174805e-01
3.228871822357177734e-01
4.714304804801940918e-01
3.026089072227478027e-01
3.541882038116455078e-01
3.404695689678192139e-01
3.799039125442504883e-01
1.024901960045099258e-02
-4.262691438198089600e-01
-5.141397118568420410e-01
-3.481592535972595215e-01
-2.529112398624420166e-01
-1.811124384403228760e-01
-2.431901842355728149e-01
-1.786389350891113281e-01
-2.734087109565734863e-01
2.479024231433868408e-02
-6.457293778657913208e-02
-1.083915308117866516e-01
3.126753866672515869e-02
6.974012404680252075e-02
1.882141232490539551e-01
-6.430024653673171997e-02
4.430259391665458679e-02
-1.074458733201026917e-01
-3.546047583222389221e-02
-1.302430182695388794e-01
-7.197778671979904175e-02
-6.641574949026107788e-02
2.411977499723434448e-01
-1.489975452423095703e-01
-2.659644233062863350e-03
-2.633199468255043030e-02
