-7.435061037540435791e-02
-1.414165645837783813e-01
2.026353403925895691e-02
-1.439306437969207764e-01
-5.179512873291969299e-02
1.018862333148717880e-02
5.043814331293106079e-02
-1.506437826901674271e-02
-3.498475253582000732e-02
-1.191980987787246704e-01
1.565390974283218384e-01
-2.137141767889261246e-03
6.866403669118881226e-02
5.688524805009365082e-03
-8.384949527680873871e-03
1.661592721939086914e-02
-2.294410467147827148e-01
-2.455972284078598022e-01
-2.267582565546035767e-01
-3.624472320079803467e-01
-4.122385978698730469e-01
-2.195215672254562378e-01
-2.207172960042953491e-01
-7.867541164159774780e-02
-1.729140430688858032e-02
-4.619261249899864197e-02
-6.661842763423919678e-02
6.708260625600814819e-02
-2.536344900727272034e-02
-2.270184606313705444e-01
-7.153739035129547119e-02
-6.438693404197692871e-01
-4.954172968864440918e-01
-6.026650071144104004e-01
-9.763567447662353516e-01
-9.806602001190185547e-01
-8.930761814117431641e-01
-1.020260810852050781e+00
-1.242813587188720703e+00
-1.032062649726867676e+00
-7.790833711624145508e-01
-5.023760199546813965e-01
-5.363017320632934570e-01
-1.897162497043609619e-01
-3.296467065811157227e-01
1.296804100275039673e-01
3.109437040984630585e-02
5.128165706992149353e-02
1.388427764177322388e-01
-5.162080749869346619e-02
1.316968500614166260e-01
4.423217847943305969e-02
9.682037681341171265e-02
-1.107085943222045898e-01
-1.462954878807067871e-01
1.987725794315338135e-01
-2.065342962741851807e-01
2.960465252399444580e-01
-1.849157661199569702e-01
-1.611677706241607666e-01
4.127809405326843262e-02
3.110616803169250488e-01
-2.893746793270111084e-01
-1.898955255746841431e-01
1.768488145899027586e-04
