2.247342467308044434e-02
3.591502457857131958e-02
1.183996573090553284e-01
5.060465261340141296e-02
4.449693858623504639e-02
6.238811463117599487e-02
6.068463250994682312e-02
7.706940919160842896e-02
8.793056011199951172e-02
1.048651337623596191e-01
1.459035128355026245e-01
2.154352664947509766e-01
3.080018460750579834e-01
5.650969743728637695e-01
1.050060629844665527e+00
-2.413559675216674805e+00
-1.267136216163635254e+00
4.204481840133666992e-01
1.644011288881301880e-01
6.996224820613861084e-02
2.902769297361373901e-02
1.374294079141691327e-04
3.330408362671732903e-03
-2.965903840959072113e-02
-1.896650530397891998e-02
1.667546331882476807e-01
-4.187688827514648438e-01
-9.237773716449737549e-02
1.854643076658248901e-01
-3.703670203685760498e-01
1.268751174211502075e-01
2.141478657722473145e-02
-2.147059291601181030e-01
