2.285114862024784088e-02
4.028223454952239990e-02
5.296531692147254944e-02
6.256578117609024048e-02
5.730482563376426697e-02
3.527323156595230103e-02
9.225494228303432465e-03
-3.226681426167488098e-02
-7.469149678945541382e-02
-1.349050551652908325e-01
-1.274648606777191162e-01
-5.036641657352447510e-02
8.062663674354553223e-02
1.032950207591056824e-01
2.087440900504589081e-02
-4.008305072784423828e-01
-7.069433331489562988e-01
2.769678533077239990e-01
3.093674480915069580e-01
1.406006067991256714e-01
6.486392766237258911e-02
4.312920942902565002e-02
6.913212686777114868e-02
6.782156974077224731e-02
5.972205474972724915e-02
3.903047740459442139e-02
4.267452657222747803e-02
3.904642537236213684e-02
3.231415525078773499e-02
8.913332596421241760e-03
-2.275223610922694206e-03
7.501909974962472916e-03
1.141323824413120747e-03
