-8.290652185678482056e-02
3.205486014485359192e-02
9.826228022575378418e-03
-5.204632505774497986e-02
-1.644957214593887329e-01
-1.306134760379791260e-01
-1.777091324329376221e-01
-1.058510467410087585e-01
-1.326989531517028809e-01
1.186811830848455429e-02
6.732693314552307129e-02
-1.388439685106277466e-01
-2.665414214134216309e-01
5.429481342434883118e-02
2.546145021915435791e-01
2.134437263011932373e-01
-2.160548865795135498e-01
-5.977222919464111328e-01
-4.285652339458465576e-01
-3.839436769485473633e-01
-1.692561209201812744e-01
-7.478676736354827881e-02
2.919935584068298340e-01
6.688588112592697144e-02
1.328752189874649048e-01
8.203547447919845581e-02
-9.815970808267593384e-02
-2.016705460846424103e-02
1.928260363638401031e-02
-2.338157035410404205e-02
3.246435895562171936e-02
-3.615070134401321411e-02
-1.318777501583099365e-01
