1.392745971679687500e-02
1.798738911747932434e-02
2.582072094082832336e-02
3.855789825320243835e-02
4.651233926415443420e-02
5.719799175858497620e-02
7.076041400432586670e-02
8.606161922216415405e-02
1.060745194554328918e-01
1.268631070852279663e-01
1.497722715139389038e-01
1.733000129461288452e-01
2.247941642999649048e-01
3.435821235179901123e-01
3.939265906810760498e-01
-9.612603783607482910e-01
-1.018256425857543945e+00
6.551443133503198624e-03
2.993372268974781036e-02
-3.975652623921632767e-03
-3.424632921814918518e-02
-7.250247150659561157e-02
-1.111771687865257263e-01
-1.111929491162300110e-01
-9.829679876565933228e-02
-6.694001704454421997e-02
-5.711469054222106934e-02
-3.906683623790740967e-02
-1.268764771521091461e-02
-4.089497029781341553e-03
1.857475377619266510e-02
4.448114335536956787e-02
-7.232532650232315063e-02
