1.166932806372642517e-01
-1.049783229827880859e-01
-9.189527481794357300e-02
-2.140470892190933228e-01
-4.367022961378097534e-02
1.843081116676330566e-01
-7.331249862909317017e-02
-1.221988275647163391e-01
1.246878039091825485e-02
4.218868017196655273e-01
4.133739173412322998e-01
7.729183137416839600e-02
3.710201084613800049e-01
2.889884114265441895e-01
4.700970351696014404e-01
3.394232392311096191e-01
1.010406315326690674e-01
-8.020338602364063263e-03
-1.428022682666778564e-01
3.147947788238525391e-02
1.967945881187915802e-02
8.786828815937042236e-02
-1.333459019660949707e-01
-1.236914247274398804e-01
8.389882743358612061e-02
8.173214644193649292e-02
1.822732239961624146e-01
1.359314918518066406e-01
2.553425431251525879e-01
2.239115834236145020e-01
-7.306728512048721313e-02
-1.340742409229278564e-01
-2.621080912649631500e-02
