2.402588725090026855e-01
8.782624453306198120e-02
3.937181830406188965e-02
1.330407857894897461e-01
1.118094008415937424e-02
-1.286160200834274292e-01
1.772630065679550171e-01
1.447697132825851440e-01
-2.709154598414897919e-02
2.317685633897781372e-01
-1.298780739307403564e-01
-2.329611331224441528e-01
-1.971967816352844238e-01
1.889493912458419800e-01
2.550272941589355469e-01
2.441185265779495239e-01
3.954508900642395020e-01
4.999597370624542236e-01
5.687155127525329590e-01
4.482396245002746582e-01
4.714761972427368164e-01
4.038884043693542480e-01
-7.266575098037719727e-02
-6.882867962121963501e-02
-3.023925721645355225e-01
-2.695041000843048096e-01
1.292150001972913742e-03
-3.145335242152214050e-02
5.794734880328178406e-02
1.156741455197334290e-01
-3.629379346966743469e-02
-1.167003810405731201e-01
-1.404455602169036865e-01
