1.631224155426025391e-01
-4.317956045269966125e-02
6.297483295202255249e-02
1.101632192730903625e-01
1.490011662244796753e-01
9.883691370487213135e-02
8.227272331714630127e-02
-6.642051041126251221e-02
1.512139588594436646e-01
1.192755699157714844e-01
1.544539183378219604e-01
2.753647267818450928e-01
3.103932142257690430e-01
-3.115899562835693359e-01
-1.889168620109558105e-01
-2.211945056915283203e-01
-2.029819786548614502e-01
-4.272012710571289062e-01
-2.241659909486770630e-01
-1.838595122098922729e-01
-4.996380209922790527e-01
-4.727163016796112061e-01
-1.800844371318817139e-01
-5.067736655473709106e-02
-8.675438165664672852e-02
-2.073561996221542358e-01
8.874756097793579102e-02
5.755281448364257812e-02
-4.303070716559886932e-03
-1.101559624075889587e-01
9.583029150962829590e-02
-5.595783144235610962e-02
7.966896146535873413e-02
