-7.402223348617553711e-02
-1.412613093852996826e-01
2.147194184362888336e-02
-1.434623450040817261e-01
-5.092157796025276184e-02
1.110054738819599152e-02
5.155421793460845947e-02
-1.353415846824645996e-02
-3.209190815687179565e-02
-1.149199903011322021e-01
1.647042483091354370e-01
7.365348748862743378e-03
7.980036735534667969e-02
1.535670459270477295e-02
-6.561882793903350830e-03
2.734972862526774406e-03
-2.570891976356506348e-01
-2.689868509769439697e-01
-2.254517823457717896e-01
-3.369958400726318359e-01
-4.145598113536834717e-01
-2.548427879810333252e-01
-2.050432562828063965e-01
-1.783923245966434479e-02
2.463907748460769653e-02
-1.777598075568675995e-02
-4.342921823263168335e-02
9.833703935146331787e-02
-1.895065791904926300e-02
-2.632595300674438477e-01
-4.653615877032279968e-02
-6.906958222389221191e-01
-5.637077689170837402e-01
-6.079978346824645996e-01
-1.059016108512878418e+00
-1.017980456352233887e+00
-9.655566215515136719e-01
-1.114035964012145996e+00
-1.239927530288696289e+00
-1.095021247863769531e+00
-9.283108711242675781e-01
-6.595571041107177734e-01
-6.961213350296020508e-01
-3.153370618820190430e-01
-3.427893221378326416e-01
2.036385983228683472e-01
1.190218701958656311e-01
1.091305091977119446e-01
1.642977893352508545e-01
-3.875221684575080872e-02
1.443096548318862915e-01
5.698847770690917969e-02
1.105336993932723999e-01
-9.937892109155654907e-02
-1.385794430971145630e-01
2.053979635238647461e-01
-2.030274271965026855e-01
3.023202717304229736e-01
-1.817851811647415161e-01
-1.595171093940734863e-01
4.204295575618743896e-02
3.120163977146148682e-01
-2.923254072666168213e-01
-1.928777396678924561e-01
-2.025793306529521942e-03
