6.585279945284128189e-03
-2.341459039598703384e-03
-4.591588396579027176e-03
-1.786402426660060883e-02
2.038999274373054504e-02
-2.567826956510543823e-02
7.333470042794942856e-03
5.827401950955390930e-02
2.149388566613197327e-02
2.122400095686316490e-03
-5.011792853474617004e-02
-2.466091420501470566e-03
4.299323260784149170e-02
8.552307263016700745e-03
5.110631510615348816e-02
-1.915441080927848816e-02
-3.709426522254943848e-02
1.440465729683637619e-02
5.915614962577819824e-02
7.071920484304428101e-02
-3.607952222228050232e-02
-1.052879095077514648e-01
-6.765358150005340576e-02
-6.906139664351940155e-03
7.605482637882232666e-02
2.095018029212951660e-01
3.671879470348358154e-01
3.106167614459991455e-01
1.189378947019577026e-01
-1.643585786223411560e-02
-4.261166155338287354e-01
-3.479861021041870117e-01
3.519887626171112061e-01
6.332849860191345215e-01
5.981412529945373535e-01
3.990417122840881348e-01
2.278762608766555786e-01
5.241785943508148193e-02
7.481416314840316772e-02
-3.264401480555534363e-02
-1.492909789085388184e-01
-2.141503244638442993e-01
-2.103433310985565186e-01
-2.179857939481735229e-01
-1.465071439743041992e-01
-3.174469992518424988e-02
-1.279129683971405029e-01
1.363755390048027039e-02
-7.118237763643264771e-02
-7.405479252338409424e-02
-1.781729422509670258e-02
3.810705244541168213e-02
-2.662895806133747101e-02
-4.970375914126634598e-03
5.627417564392089844e-02
-2.461580373346805573e-02
-4.684767499566078186e-02
-2.626933564897626638e-04
5.586440116167068481e-02
-1.827913895249366760e-02
-6.581186782568693161e-03
1.217902405187487602e-03
1.489398535341024399e-02
-3.095717169344425201e-02
-2.678975835442543030e-02
