3.762513697147369385e-01
-3.365174233913421631e-01
8.623208850622177124e-02
-1.369096189737319946e-01
2.529571950435638428e-01
2.452539503574371338e-01
1.173140779137611389e-01
-3.712082207202911377e-01
4.048272594809532166e-02
2.839392423629760742e-01
8.785982728004455566e-01
1.950842022895812988e+00
1.558783769607543945e+00
1.318196415901184082e+00
1.254259109497070312e+00
1.306750774383544922e+00
1.328760027885437012e+00
5.079680085182189941e-01
9.658303856849670410e-01
3.712062537670135498e-01
1.914837509393692017e-01
2.219418585300445557e-01
-6.032783985137939453e-01
-6.698292493820190430e-01
-7.762517929077148438e-01
-5.593047142028808594e-01
-4.778397381305694580e-01
-7.468171417713165283e-02
-1.349634677171707153e-01
3.774173557758331299e-01
7.772549986839294434e-01
6.952165067195892334e-02
6.612582504749298096e-02
