1.446107868105173111e-02
2.122034318745136261e-02
3.011160902678966522e-02
2.885031700134277344e-02
5.101833492517471313e-02
5.981110781431198120e-02
6.612000614404678345e-02
5.868573114275932312e-02
6.603570282459259033e-02
6.886223703622817993e-02
8.575552701950073242e-02
6.314220279455184937e-02
2.795945666730403900e-02
-5.204677209258079529e-02
-2.419597357511520386e-01
9.810588359832763672e-01
1.676460385322570801e+00
-6.762011647224426270e-01
-4.612409174442291260e-01
-2.511443495750427246e-01
-2.103282660245895386e-01
-1.662899702787399292e-01
-1.535699218511581421e-01
-9.910862892866134644e-02
-6.348180770874023438e-02
-5.036325007677078247e-02
-4.447422176599502563e-02
-3.359586000442504883e-02
-3.267610073089599609e-02
-3.045134432613849640e-02
-3.318168967962265015e-02
-2.535329014062881470e-02
-4.202428832650184631e-02
