7.601427845656871796e-03
7.587404455989599228e-03
-1.433055731467902660e-03
-7.572632282972335815e-03
-2.175173023715615273e-03
4.196659196168184280e-03
1.873339759185910225e-03
-2.966542728245258331e-03
7.012194953858852386e-03
-9.009171277284622192e-03
-8.942258544266223907e-03
-1.638288795948028564e-02
-1.707845181226730347e-02
-1.121720485389232635e-02
-1.541152875870466232e-02
-1.946413703262805939e-02
-1.801767945289611816e-02
-1.433392707258462906e-02
-5.195517092943191528e-03
1.410389132797718048e-02
2.876892872154712677e-02
5.317807570099830627e-02
6.069989129900932312e-02
6.488741934299468994e-02
5.532743781805038452e-02
3.280800580978393555e-02
1.388655044138431549e-02
-6.326806265860795975e-03
-3.814292699098587036e-02
-5.700377374887466431e-02
-4.189316555857658386e-02
6.667090058326721191e-01
7.926151752471923828e-01
-9.438945353031158447e-02
-1.313377767801284790e-01
-1.390383094549179077e-01
-1.292012631893157959e-01
-8.479221910238265991e-02
-5.222701653838157654e-02
-3.137762472033500671e-02
-2.226467616856098175e-02
-1.651198230683803558e-02
-1.694469712674617767e-02
-1.790886186063289642e-02
-1.715034618973731995e-02
-1.732718013226985931e-02
-1.737754791975021362e-02
-2.152137830853462219e-02
-1.603466644883155823e-02
-1.470527611672878265e-02
-1.693949662148952484e-02
-1.642379537224769592e-02
-1.280640438199043274e-02
-1.652161590754985809e-02
-5.574519280344247818e-03
-6.633609533309936523e-03
-2.374278847128152847e-03
-5.636724177747964859e-03
9.373226785100996494e-04
-4.260590765625238419e-03
3.110521240159869194e-03
-3.169329429510980844e-04
-5.996259860694408417e-03
-1.517624128609895706e-03
-2.918625716120004654e-03
