7.904963940382003784e-02
4.588367044925689697e-02
-1.160173341631889343e-01
2.118245139718055725e-02
-8.791381120681762695e-02
-6.853369064629077911e-03
8.025360107421875000e-02
-1.397363748401403427e-02
-6.065680086612701416e-02
5.463965609669685364e-02
1.730023883283138275e-02
3.484155237674713135e-02
-7.317964732646942139e-02
-6.034603808075189590e-03
-9.279482811689376831e-02
-2.979535982012748718e-02
-1.433731317520141602e-01
-3.122986294329166412e-02
-3.592138364911079407e-02
-5.111174657940864563e-02
-1.661588400602340698e-01
-2.098927944898605347e-01
-2.762071788311004639e-01
-1.569809317588806152e-01
1.882985681295394897e-01
2.726364731788635254e-01
1.401673257350921631e-01
4.707868397235870361e-02
1.091739162802696228e-01
1.539556831121444702e-01
2.402026057243347168e-01
1.923387497663497925e-01
-2.700159549713134766e-01
-5.367083549499511719e-01
-4.698642790317535400e-01
-5.889664292335510254e-01
-5.115680098533630371e-01
-4.417940378189086914e-01
-4.087538123130798340e-01
-3.860372602939605713e-01
-2.887072861194610596e-01
-1.909755617380142212e-01
-9.289064258337020874e-02
-5.354404076933860779e-02
9.891933202743530273e-02
3.147597983479499817e-02
1.151620224118232727e-01
1.515856534242630005e-01
-1.197382528334856033e-02
1.096589490771293640e-01
-2.323853987036272883e-04
8.801060914993286133e-02
8.060636371374130249e-02
-5.067043751478195190e-02
-3.544457629323005676e-02
-1.096334657631814480e-03
3.002491965889930725e-02
-1.226631924510002136e-01
3.702739253640174866e-02
6.670206040143966675e-02
3.582382574677467346e-02
-4.723160341382026672e-02
-5.124994367361068726e-02
6.181978434324264526e-02
4.574062302708625793e-02
