1.586635038256645203e-02
2.593200467526912689e-02
3.584264591336250305e-02
4.736848548054695129e-02
5.930155515670776367e-02
7.961034774780273438e-02
9.984648972749710083e-02
1.105930432677268982e-01
1.352048516273498535e-01
1.533359438180923462e-01
1.769733577966690063e-01
2.025340348482131958e-01
2.461036592721939087e-01
3.428651094436645508e-01
3.777037262916564941e-01
-9.007082581520080566e-01
-1.095992445945739746e+00
-1.938766613602638245e-02
8.034088648855686188e-03
-1.893277838826179504e-02
-4.868058860301971436e-02
-1.099069491028785706e-01
-1.291557550430297852e-01
-1.387622207403182983e-01
-1.132810339331626892e-01
-9.297887235879898071e-02
-7.348489761352539062e-02
-5.977493897080421448e-02
-4.762605205178260803e-02
-2.456554770469665527e-02
-1.959069166332483292e-03
1.548524200916290283e-02
2.309848368167877197e-02
