1.380665153264999390e-01
-3.400195762515068054e-02
5.470686405897140503e-02
9.257627278566360474e-02
1.216158419847488403e-01
7.617415487766265869e-02
6.069611385464668274e-02
-7.109759747982025146e-02
9.319610148668289185e-02
6.519528478384017944e-02
1.581773608922958374e-01
3.651836514472961426e-01
3.748930096626281738e-01
-3.179523348808288574e-01
-2.482315152883529663e-01
-1.685218960046768188e-01
-2.095727175474166870e-01
-4.521449506282806396e-01
-1.912046372890472412e-01
-1.355298012495040894e-01
-4.859323203563690186e-01
-4.971377253532409668e-01
-1.972716152667999268e-01
-3.426072001457214355e-02
-5.179422721266746521e-02
-1.624558269977569580e-01
7.806669175624847412e-02
5.039002001285552979e-02
-1.808248343877494335e-03
-9.172675758600234985e-02
7.923343032598495483e-02
-4.791255295276641846e-02
6.649386882781982422e-02
