1.076594740152359009e-02
3.180818632245063782e-02
4.691098257899284363e-02
4.142415151000022888e-02
2.899804525077342987e-02
9.054783731698989868e-03
5.954547086730599403e-04
-1.391968782991170883e-02
-5.456256121397018433e-02
-1.113071963191032410e-01
-1.326453834772109985e-01
-8.075488358736038208e-02
1.664072461426258087e-02
6.736649572849273682e-02
3.529291972517967224e-02
-5.665346384048461914e-01
-8.155217170715332031e-01
2.521668970584869385e-01
3.310302197933197021e-01
2.503694295883178711e-01
1.509355902671813965e-01
9.530396014451980591e-02
6.986127048730850220e-02
4.793375730514526367e-02
3.634317591786384583e-02
2.764320746064186096e-02
9.975910186767578125e-03
-5.974051891826093197e-04
-9.086103527806699276e-04
5.146551411598920822e-04
5.364748649299144745e-03
1.151510700583457947e-02
7.340353913605213165e-03
