-1.559873223304748535e-01
1.030071750283241272e-01
4.423609003424644470e-02
7.389442622661590576e-02
5.333751440048217773e-02
5.992371216416358948e-02
5.999434366822242737e-02
7.747586816549301147e-02
9.263533353805541992e-02
4.192767664790153503e-02
-2.962884120643138885e-02
9.796374291181564331e-02
-2.513308264315128326e-02
-1.041711121797561646e-01
-2.489455193281173706e-01
9.418751001358032227e-01
1.298995256423950195e+00
-5.590346455574035645e-01
-4.406287968158721924e-01
-3.268913030624389648e-01
-2.081253230571746826e-01
-2.267391979694366455e-01
-2.145889550447463989e-01
-1.476075500249862671e-01
-1.039693430066108704e-01
-9.589765965938568115e-02
-8.924192935228347778e-02
-8.459539711475372314e-02
-7.460030168294906616e-02
-7.684429734945297241e-02
-9.191858023405075073e-02
7.428457494825124741e-03
-9.370094165205955505e-03
