7.426881860921530476e-44
7.426881860921530476e-44
-7.146622168056567062e-44
7.426881860921530476e-44
7.286752014489048769e-44
7.286752014489048769e-44
-7.426881860921530476e-44
1.322881946758613794e-31
-5.551548209041357040e-03
-6.159690674394369125e-04
1.453138794749975204e-02
1.422006078064441681e-02
4.956330172717571259e-03
1.144940033555030823e-02
1.390496175736188889e-02
1.937130652368068695e-02
1.897985115647315979e-02
2.164929546415805817e-02
2.866590768098831177e-02
3.066430613398551941e-02
3.202058747410774231e-02
3.567902371287345886e-02
4.174961149692535400e-02
4.913958907127380371e-02
5.774375423789024353e-02
7.684390991926193237e-02
9.972618520259857178e-02
1.419182419776916504e-01
2.356129139661788940e-01
4.523392021656036377e-01
8.656162619590759277e-01
-1.938599109649658203e+00
-2.014128684997558594e+00
6.658702492713928223e-01
2.970436513423919678e-01
1.342931240797042847e-01
7.141152024269104004e-02
3.993196040391921997e-02
2.245718240737915039e-02
1.855433173477649689e-02
7.791938725858926773e-03
-1.387322088703513145e-03
-1.153444289229810238e-03
-1.262357458472251892e-03
-5.829686298966407776e-03
-9.417267865501344204e-04
-2.098473953083157539e-03
5.003713886253535748e-04
2.783695003017783165e-03
4.147742409259080887e-03
-8.278039167635142803e-04
-2.510587917640805244e-03
4.542155948001891375e-04
7.492995355278253555e-04
4.916119854897260666e-03
-1.566478866152465343e-03
-5.078050773590803146e-03
1.549924910068511963e-02
-5.837795790284872055e-03
-6.622001528739929199e-04
8.858332410454750061e-03
-7.149105891585350037e-03
-1.282043871469795704e-03
5.300426855683326721e-03
-1.885194447822868824e-03
