1.416994035243988037e-01
-1.875085569918155670e-02
9.906300110742449760e-04
-8.444594591856002808e-02
1.153269857168197632e-01
2.305620349943637848e-02
-4.628906026482582092e-02
7.478972524404525757e-02
6.891277432441711426e-02
-5.209542810916900635e-02
-1.424674130976200104e-02
1.107036098837852478e-01
5.031700059771537781e-02
-8.220392465591430664e-02
1.481086313724517822e-01
1.369429975748062134e-01
-5.042062401771545410e-01
-7.860402017831802368e-02
-3.054304122924804688e-01
-6.373221874237060547e-01
-4.663177728652954102e-01
-4.685919731855392456e-02
1.082541570067405701e-01
2.593657374382019043e-01
-5.333857983350753784e-02
-2.945335805416107178e-01
4.651009570807218552e-03
-1.343658417463302612e-01
8.379203267395496368e-03
-1.918182708323001862e-02
1.011167541146278381e-01
5.131610855460166931e-02
4.720743373036384583e-02
