-4.252509400248527527e-02
9.331929683685302734e-02
1.135233044624328613e-02
7.978379726409912109e-02
7.543003559112548828e-02
2.750217355787754059e-02
-4.453735798597335815e-02
2.237000688910484314e-02
9.522225707769393921e-02
1.441335678100585938e-01
-4.699788242578506470e-02
-2.041020989418029785e-01
-5.103178024291992188e-01
-5.362391471862792969e-01
-8.928259462118148804e-02
9.178054332733154297e-02
-4.220877289772033691e-01
-1.842077970504760742e-01
4.791865050792694092e-01
2.052877247333526611e-01
-2.411119937896728516e-01
-2.934246659278869629e-01
-4.116585105657577515e-02
9.962709248065948486e-02
1.049590334296226501e-01
7.890561223030090332e-02
-4.111873451620340347e-03
4.389482364058494568e-02
5.637532845139503479e-02
-3.317763283848762512e-02
3.065047040581703186e-02
-9.973005391657352448e-03
-6.346683017909526825e-03
