1.668173645157366991e-04
3.175113582983613014e-03
-3.273035108577460051e-04
7.162688765674829483e-03
2.403126563876867294e-03
2.173543616663664579e-04
-1.242927828570827842e-04
7.067070109769701958e-04
-1.339877373538911343e-03
3.419969463720917702e-03
8.750569075345993042e-03
5.263339262455701828e-03
8.333578705787658691e-03
5.362647119909524918e-03
-4.233899712562561035e-02
-8.252854347229003906e-01
-1.636667102575302124e-01
7.192412018775939941e-02
1.008367985486984253e-01
3.560011461377143860e-02
4.081729054450988770e-02
5.480672791600227356e-02
2.498658373951911926e-02
-5.696353618986904621e-04
-7.144417613744735718e-03
9.821631945669651031e-03
1.997640728950500488e-02
1.822238601744174957e-02
1.647925563156604767e-02
1.485149934887886047e-02
7.453990634530782700e-03
1.228239107877016068e-02
2.983313286677002907e-03
