-3.042683005332946777e-02
1.769993640482425690e-02
2.559099793434143066e-01
9.091401472687721252e-03
-4.898902960121631622e-03
-4.147260263562202454e-02
7.193139288574457169e-03
1.412529684603214264e-02
3.202867880463600159e-02
-2.402985468506813049e-02
-2.967334911227226257e-02
7.609576918184757233e-03
-6.525977980345487595e-03
1.971645466983318329e-02
-1.118038417189382017e-04
3.946226555854082108e-03
1.821910962462425232e-02
2.640032954514026642e-02
3.383798524737358093e-02
3.681221976876258850e-02
3.898609802126884460e-02
3.237742930650711060e-02
2.722678147256374359e-02
2.582906000316143036e-02
3.143886104226112366e-02
4.113179817795753479e-02
5.955049023032188416e-02
9.426119923591613770e-02
1.677346676588058472e-01
2.477533519268035889e-01
1.582159101963043213e-01
-3.677027225494384766e-01
-4.651879966259002686e-01
3.356815576553344727e-01
1.390811353921890259e-01
1.571189016103744507e-01
5.919779837131500244e-02
2.338551729917526245e-02
-6.491297855973243713e-03
-3.910359740257263184e-02
-5.811420083045959473e-02
-5.952671170234680176e-02
-4.191428422927856445e-02
-3.738746978342533112e-03
3.021485917270183563e-02
2.121123857796192169e-02
1.203278079628944397e-02
-2.183907479047775269e-02
-1.965645700693130493e-02
-6.482784374384209514e-05
-5.804333835840225220e-02
-5.759108066558837891e-02
-4.353532940149307251e-02
-1.255941540002822876e-01
-5.879380181431770325e-02
1.149008702486753464e-02
4.429238662123680115e-02
4.584667831659317017e-02
1.083760783076286316e-01
-3.172984719276428223e-02
8.050627261400222778e-02
-1.322428579442203045e-03
1.149472296237945557e-01
-8.111429214477539062e-02
1.511183381080627441e-02
