3.139122575521469116e-02
2.552680671215057373e-02
-1.617635414004325867e-02
1.013225689530372620e-02
5.192949250340461731e-02
8.254004269838333130e-02
6.092342361807823181e-02
7.620651274919509888e-02
4.075356200337409973e-02
-3.088539931923151016e-03
1.906244829297065735e-02
9.358681738376617432e-02
1.472769528627395630e-01
6.074296683073043823e-02
9.446475654840469360e-02
5.580165982246398926e-01
1.568059027194976807e-01
-3.941953927278518677e-02
-1.332788467407226562e-01
6.171303801238536835e-03
1.717521809041500092e-02
1.374321058392524719e-02
3.035294823348522186e-02
2.985744550824165344e-02
1.477076206356287003e-02
1.347425207495689392e-02
3.094406099990010262e-03
1.258709933608770370e-03
-6.765913683921098709e-03
-1.006029546260833740e-02
-1.078433357179164886e-02
-7.014205679297447205e-03
-1.016671303659677505e-03
