7.580533623695373535e-02
2.334651164710521698e-02
-1.416094899177551270e-01
-1.108840387314558029e-02
-1.122057661414146423e-01
-2.013790979981422424e-02
5.730757489800453186e-02
-1.410251576453447342e-02
-1.988243684172630310e-02
1.867149770259857178e-02
7.246754597872495651e-03
-1.675182580947875977e-02
-3.277435153722763062e-02
-4.570356011390686035e-02
-4.618577286601066589e-02
-4.624219983816146851e-02
-4.242563620209693909e-02
-3.499756380915641785e-02
-3.620463982224464417e-02
-3.895987570285797119e-02
-4.702570661902427673e-02
-5.189602077007293701e-02
-5.681092292070388794e-02
-4.892106726765632629e-02
-3.393867611885070801e-02
-1.766814291477203369e-02
-1.797174476087093353e-02
-5.303703621029853821e-02
-1.218812167644500732e-01
-1.754631549119949341e-01
-1.287909746170043945e-01
6.389695405960083008e-01
5.822631716728210449e-01
-3.327250182628631592e-01
-2.898085415363311768e-01
-1.646830588579177856e-01
-5.162942036986351013e-02
3.203974664211273193e-02
6.892961263656616211e-02
6.396398693323135376e-02
4.481974616646766663e-02
2.575773186981678009e-02
1.475525368005037308e-02
9.019989520311355591e-03
1.417612005025148392e-02
3.121804073452949524e-02
4.388332366943359375e-02
5.429362133145332336e-02
4.524195939302444458e-02
4.782826080918312073e-02
4.825916886329650879e-02
3.514741361141204834e-02
1.514153182506561279e-02
2.439627656713128090e-03
-2.323849871754646301e-02
-1.838246919214725494e-02
-4.493679851293563843e-03
-9.838342666625976562e-02
2.323952876031398773e-02
6.665230542421340942e-02
4.261622205376625061e-02
-5.877872556447982788e-02
-6.800673902034759521e-02
7.975997030735015869e-02
3.630798682570457458e-02
