-1.565970331430435181e-01
7.041610777378082275e-02
1.132548153400421143e-01
1.535733323544263840e-02
-5.085885524749755859e-02
2.674843370914459229e-02
1.751516386866569519e-02
6.219885125756263733e-02
5.759881343692541122e-03
1.453565526753664017e-02
-1.344642974436283112e-02
2.981828711926937103e-02
-1.031496673822402954e-01
-2.179933786392211914e-01
1.790845096111297607e-01
3.537983596324920654e-01
-4.562690388411283493e-03
5.558447912335395813e-02
1.755236983299255371e-01
2.206482738256454468e-01
4.729746878147125244e-01
5.706681609153747559e-01
3.657787442207336426e-01
7.000187039375305176e-01
7.152532935142517090e-01
6.343162059783935547e-01
5.947002768516540527e-01
5.794482231140136719e-01
4.773699343204498291e-01
5.138474106788635254e-01
4.252678155899047852e-01
4.526672959327697754e-01
5.549610257148742676e-01
2.779453694820404053e-01
4.348770380020141602e-01
2.671779692173004150e-01
2.971770465373992920e-01
3.522842526435852051e-01
3.437896668910980225e-01
-5.331482738256454468e-02
-3.399606645107269287e-01
-3.456834256649017334e-01
-2.206318378448486328e-01
-1.771553903818130493e-01
-1.066870093345642090e-01
-1.801262646913528442e-01
-1.514554023742675781e-01
-2.726008594036102295e-01
1.780801452696323395e-02
-7.573014497756958008e-02
-1.150772273540496826e-01
3.358448669314384460e-02
7.573603838682174683e-02
1.936212778091430664e-01
-6.513053923845291138e-02
4.382413625717163086e-02
-1.080318614840507507e-01
-3.273490071296691895e-02
-1.270945519208908081e-01
-6.795262545347213745e-02
-6.282456964254379272e-02
2.473307400941848755e-01
-1.488128751516342163e-01
-1.640756148844957352e-03
-2.617235854268074036e-02
