5.885453550164231698e-44
5.044674471569341455e-44
-5.745323703731749991e-44
-5.324934164434304870e-44
-4.823002213534197113e-15
1.376381958834826946e-03
-1.613530563190579414e-03
3.147468715906143188e-02
1.047555450350046158e-02
-1.447213534265756607e-02
-2.221233211457729340e-02
-1.245013065636157990e-02
-1.828559860587120056e-02
-9.967437945306301117e-03
-5.451291799545288086e-03
-1.285126898437738419e-02
-7.478287909179925919e-03
-3.550266555976122618e-04
3.070950508117675781e-03
1.524017937481403351e-02
1.991126872599124908e-02
3.294586017727851868e-02
3.510648757219314575e-02
4.438331723213195801e-02
5.776981264352798462e-02
7.359869778156280518e-02
9.370141476392745972e-02
1.187861636281013489e-01
1.671542972326278687e-01
3.064451515674591064e-01
6.078099012374877930e-01
-1.544393897056579590e+00
-9.470383524894714355e-01
2.408763468265533447e-01
8.106327801942825317e-02
6.556400563567876816e-03
-1.880659349262714386e-02
-2.439695224165916443e-02
-2.664337866008281708e-02
-2.773836627602577209e-02
-2.119635418057441711e-02
-1.854706555604934692e-02
-1.358539611101150513e-02
-9.766312316060066223e-03
-5.441015120595693588e-03
-2.877250779420137405e-03
-4.467457067221403122e-03
3.821150166913866997e-03
2.768329111859202385e-03
9.608856402337551117e-03
1.047731190919876099e-02
2.092951163649559021e-02
3.220063820481300354e-02
3.544325754046440125e-02
4.390093684196472168e-02
4.818598181009292603e-02
4.973745346069335938e-02
5.742400512099266052e-02
5.391229689121246338e-02
4.715086519718170166e-02
5.552919954061508179e-02
5.175893753767013550e-02
5.593169108033180237e-02
4.558004438877105713e-02
1.929871924221515656e-02
