-1.453999131917953491e-01
2.475041002035140991e-01
3.706179559230804443e-01
9.050026535987854004e-02
-4.744146764278411865e-02
-3.182059526443481445e-01
-1.029085274785757065e-02
3.982330113649368286e-02
1.875272393226623535e-02
-6.425474286079406738e-01
-5.141134262084960938e-01
-4.504067301750183105e-01
-5.750632286071777344e-02
4.840177297592163086e-01
5.338457822799682617e-01
5.636324882507324219e-01
6.216593980789184570e-01
8.531008362770080566e-01
6.595786213874816895e-01
1.087982654571533203e+00
8.938353657722473145e-01
7.391236424446105957e-01
3.772360682487487793e-01
7.560625672340393066e-01
3.674947917461395264e-01
-1.012710332870483398e-01
-6.161134690046310425e-02
9.486518055200576782e-02
-1.019879803061485291e-01
-3.198339939117431641e-01
-1.820964217185974121e-01
4.822188988327980042e-03
-3.212533518671989441e-02
