6.076089665293693542e-02
3.270083293318748474e-02
-9.759546071290969849e-02
-6.109848245978355408e-02
3.764624148607254028e-02
-8.522662520408630371e-02
3.115675449371337891e-01
-4.679287597537040710e-02
4.967349767684936523e-02
-7.566229999065399170e-02
2.452171780169010162e-02
2.238734662532806396e-01
-1.011547893285751343e-01
-2.993452847003936768e-01
-6.492060422897338867e-02
1.048855930566787720e-01
-1.441132575273513794e-01
-2.355112880468368530e-01
1.164148282259702682e-02
-6.958181411027908325e-02
-3.574323058128356934e-01
-3.814652562141418457e-01
-1.456682831048965454e-01
-4.525132179260253906e-01
-5.789152383804321289e-01
-8.105162382125854492e-01
-1.101626276969909668e+00
-7.218871116638183594e-01
-5.742884278297424316e-01
-7.730080485343933105e-01
-5.248171687126159668e-01
-4.893693327903747559e-01
-3.736881613731384277e-01
-2.873384356498718262e-01
-2.221065759658813477e-01
-1.328209340572357178e-01
3.768011927604675293e-02
-2.244199514389038086e-01
-6.057504937052726746e-02
9.846300631761550903e-02
7.230602949857711792e-02
-4.367397725582122803e-02
-1.834702044725418091e-01
-3.944384306669235229e-02
-2.096072882413864136e-01
-4.013760089874267578e-01
-1.526152193546295166e-01
-5.902892351150512695e-02
1.230885386466979980e-01
-1.487523466348648071e-01
9.995116293430328369e-02
2.371451258659362793e-02
-1.539662927389144897e-01
8.614629507064819336e-02
-8.177324384450912476e-02
2.032907493412494659e-02
1.312122642993927002e-01
-2.638546824455261230e-01
-5.438926070928573608e-02
3.859156742691993713e-02
1.551158875226974487e-01
2.410722225904464722e-01
-6.887564808130264282e-02
2.634734474122524261e-02
-1.412040144205093384e-01
