8.411559276282787323e-03
2.170934341847896576e-02
4.651251714676618576e-03
-9.533551055938005447e-04
-3.957962617278099060e-03
-2.785790013149380684e-03
9.431721082364674658e-06
-7.959813810884952545e-03
-2.857590327039361000e-03
-4.090994596481323242e-03
-1.516975346021354198e-03
-4.553293809294700623e-03
-3.524406347423791885e-03
-1.122618652880191803e-02
-7.973756641149520874e-03
-1.267203316092491150e-02
-9.529754519462585449e-03
-2.243096940219402313e-03
3.554971190169453621e-03
1.704843714833259583e-02
1.774127036333084106e-02
9.396483190357685089e-03
-1.423636265099048615e-02
-2.945495955646038055e-02
-3.043755888938903809e-02
-3.331395331770181656e-03
4.026134684681892395e-02
5.131813138723373413e-02
2.969834022223949432e-02
-1.698721386492252350e-02
-2.701940201222896576e-02
-5.397428274154663086e-01
-5.595110058784484863e-01
3.098060144111514091e-03
3.696963936090469360e-02
9.188973903656005859e-02
9.959195554256439209e-02
6.404571235179901123e-02
3.323823958635330200e-02
1.192220952361822128e-02
8.757811971008777618e-03
8.222284726798534393e-03
1.397700165398418903e-03
-9.892310481518507004e-04
1.355905405944213271e-04
3.518932207953184843e-04
7.476466242223978043e-03
8.232127875089645386e-03
1.444050390273332596e-02
4.507104866206645966e-03
3.166727023199200630e-03
-2.320382976904511452e-03
-4.388962872326374054e-03
-8.864848874509334564e-03
-9.424580261111259460e-03
-3.620397066697478294e-03
-4.303954541683197021e-03
-8.189100772142410278e-03
-4.654568620026111603e-03
-6.177707575261592865e-03
-3.693874226883053780e-03
-9.096859954297542572e-03
-1.059589255601167679e-02
-1.766032725572586060e-02
3.782455995678901672e-02
