-9.980976581573486328e-02
-2.344493055716156960e-03
3.195408880710601807e-01
2.313934117555618286e-01
4.220003262162208557e-02
-4.637547209858894348e-02
3.908561170101165771e-01
1.561443228274583817e-02
-1.966944038867950439e-01
-1.466170996427536011e-01
-2.258804291486740112e-01
-4.846899211406707764e-02
-5.185654759407043457e-02
1.890137977898120880e-02
4.007290303707122803e-02
1.170890927314758301e-01
-2.093211561441421509e-01
3.107844591140747070e-01
1.633411347866058350e-01
1.885414421558380127e-01
4.074947834014892578e-01
7.152322530746459961e-01
6.600639224052429199e-01
8.525370955467224121e-01
1.038200020790100098e+00
1.055316329002380371e+00
9.776479601860046387e-01
1.116814732551574707e+00
9.716636538505554199e-01
1.014179944992065430e+00
7.962070107460021973e-01
8.891733884811401367e-01
7.255711555480957031e-01
5.316269397735595703e-01
6.328158378601074219e-01
5.113072395324707031e-01
3.928205966949462891e-01
4.168626666069030762e-01
1.840417534112930298e-01
1.519686877727508545e-01
-1.052331998944282532e-01
9.384284913539886475e-02
-1.288046985864639282e-01
-3.770861029624938965e-01
-4.668422639369964600e-01
-7.120268344879150391e-01
-7.524856328964233398e-01
-7.010592818260192871e-01
-5.431996583938598633e-01
-3.781826421618461609e-02
-1.659105867147445679e-01
-1.543726325035095215e-01
1.405281424522399902e-01
1.680497080087661743e-01
1.107699722051620483e-01
8.488809317350387573e-02
1.035782620310783386e-01
1.670449823141098022e-01
1.359898149967193604e-01
-2.597913146018981934e-02
-1.859303414821624756e-01
-2.992508709430694580e-01
-4.867629334330558777e-02
-3.714353591203689575e-02
5.431142449378967285e-02
