4.294427111744880676e-03
-4.403111524879932404e-03
1.192170311696827412e-03
1.530871726572513580e-03
-6.499088834971189499e-03
-2.499609545338898897e-04
5.667792283929884434e-04
-2.729760482907295227e-03
3.317730966955423355e-03
1.121527820941992104e-04
-5.816412158310413361e-03
1.847744570113718510e-03
1.441987114958465099e-03
-1.749268267303705215e-03
1.477441983297467232e-03
-1.836454030126333237e-04
1.741901971399784088e-03
-3.722609952092170715e-03
-6.490664556622505188e-03
-1.026579923927783966e-02
-4.602131433784961700e-03
4.077551711816340685e-04
7.437374442815780640e-03
1.212333235889673233e-02
1.000224146991968155e-02
2.591710072010755539e-03
-1.172296330332756042e-02
-2.509824931621551514e-02
-1.532378885895013809e-02
1.479475479573011398e-02
6.727026402950286865e-02
5.718178153038024902e-01
3.229714632034301758e-01
4.564261995255947113e-03
-4.911933094263076782e-02
-4.974863305687904358e-02
-3.354625403881072998e-02
-1.336750108748674393e-02
-5.921754054725170135e-03
-4.558810498565435410e-03
-6.586763542145490646e-03
-7.206515409052371979e-03
-4.614106845110654831e-03
-3.428312018513679504e-03
-2.521306043490767479e-03
-1.830290071666240692e-03
-2.410786924883723259e-03
1.353491097688674927e-03
-3.216311801224946976e-03
7.739939610473811626e-05
-5.970681377220898867e-05
-2.916059456765651703e-03
1.050892984494566917e-03
1.953353406861424446e-03
-7.087137782946228981e-04
-3.661541559267789125e-04
4.543881514109671116e-04
3.429437056183815002e-03
-3.993208985775709152e-03
-3.248452441766858101e-03
3.958065528422594070e-03
2.028872724622488022e-03
7.944950833916664124e-03
-2.720873570069670677e-03
2.921144478023052216e-04
