2.100989036262035370e-02
3.780774399638175964e-02
5.508461222052574158e-02
6.469701230525970459e-02
5.521440133452415466e-02
4.384865611791610718e-02
1.380969025194644928e-02
-2.123978361487388611e-02
-7.408984750509262085e-02
-1.292277425527572632e-01
-1.328589320182800293e-01
-5.267579481005668640e-02
7.613847404718399048e-02
9.262377768754959106e-02
2.180599607527256012e-02
-3.954110443592071533e-01
-7.070538401603698730e-01
2.668513953685760498e-01
3.039401769638061523e-01
1.399583071470260620e-01
5.672174319624900818e-02
4.788859933614730835e-02
5.469553917646408081e-02
6.411953270435333252e-02
5.498426780104637146e-02
4.162091016769409180e-02
4.194600880146026611e-02
3.915481269359588623e-02
3.010693378746509552e-02
1.364409178495407104e-02
-5.018718075007200241e-03
5.310843698680400848e-03
5.106302560307085514e-04
