6.312522105872631073e-03
1.430631242692470551e-02
1.631744392216205597e-02
2.747403085231781006e-02
3.880175575613975525e-02
4.894908517599105835e-02
3.267369419336318970e-02
3.117782808840274811e-02
2.016676031053066254e-02
1.105724088847637177e-02
2.298597618937492371e-02
5.734247714281082153e-02
9.766360372304916382e-02
4.401133209466934204e-02
1.082507073879241943e-01
8.516952991485595703e-01
3.063838779926300049e-01
-8.435620926320552826e-03
-6.934443861246109009e-02
6.150473491288721561e-04
-1.894760527648031712e-03
-6.714013870805501938e-03
9.805805049836635590e-03
1.658478006720542908e-02
1.511589717119932175e-02
1.014439761638641357e-02
4.793658386915922165e-03
4.667675122618675232e-03
3.757553407922387123e-03
-1.582252210937440395e-03
2.885781694203615189e-03
4.068643786013126373e-03
7.560244994238018990e-04
