7.301539648324251175e-03
-9.274556650780141354e-04
-1.991626247763633728e-02
2.094425493851304054e-03
1.151854172348976135e-02
3.792498260736465454e-02
-1.285833399742841721e-02
-1.679835468530654907e-02
-3.513570502400398254e-02
-4.209240525960922241e-02
1.709146238863468170e-02
2.419539541006088257e-02
-2.970510907471179962e-02
1.574121601879596710e-02
1.367886960506439209e-01
-5.127946734428405762e-01
-7.261385768651962280e-02
7.107675820589065552e-02
2.546544186770915985e-02
1.900106519460678101e-01
6.460113078355789185e-02
1.006879750639200211e-02
2.201725356280803680e-02
3.032231517136096954e-02
-7.402203045785427094e-03
2.523444406688213348e-02
2.566226013004779816e-02
2.672651223838329315e-02
4.289358854293823242e-02
3.735990449786186218e-02
3.313984489068388939e-03
2.958438359200954437e-03
5.949210375547409058e-03
