-6.356048863381147385e-03
-5.061375908553600311e-03
5.135305691510438919e-03
-7.719677523709833622e-04
1.771276351064443588e-03
-3.403330454602837563e-03
-4.673545248806476593e-03
-3.037931630387902260e-03
-5.777403246611356735e-03
-1.602086354978382587e-03
-2.332897624000906944e-03
7.663292344659566879e-04
1.847737585194408894e-03
1.400630222633481026e-03
-1.687072566710412502e-03
-3.511782037094235420e-03
-8.637576363980770111e-03
-1.176139060407876968e-02
-7.658076472580432892e-03
-4.731994122266769409e-03
1.151282107457518578e-03
9.617708623409271240e-03
8.290231227874755859e-03
1.592650543898344040e-03
-1.832496933639049530e-02
-4.063728451728820801e-02
-5.332406982779502869e-02
-4.200886189937591553e-02
-3.188633546233177185e-02
-2.854338660836219788e-02
5.514118354767560959e-03
6.116927862167358398e-01
4.333385229110717773e-01
2.405969798564910889e-02
-1.465362031012773514e-02
-3.204527497291564941e-02
-1.739961840212345123e-02
4.827125230804085732e-04
8.066747337579727173e-03
1.022277213633060455e-02
6.824331358075141907e-03
5.211744457483291626e-03
2.410389948636293411e-03
-1.580634037964046001e-03
-3.240290563553571701e-03
-9.550727554596960545e-04
-1.443499000743031502e-03
-2.656568773090839386e-03
-2.942396095022559166e-03
-8.518051472492516041e-04
-1.430516422260552645e-04
-6.352704949676990509e-04
-2.105754101648926735e-03
3.226798027753829956e-03
1.094182720407843590e-03
-5.118021508678793907e-04
2.168907085433602333e-03
9.533623233437538147e-04
-6.647967966273427010e-04
4.228788893669843674e-03
-2.429897140245884657e-04
6.804571603424847126e-04
2.907277666963636875e-04
-5.977715831249952316e-03
-1.321291783824563026e-03
