1.319911479949951172e-01
2.156921476125717163e-01
3.119368553161621094e-01
-2.433509081602096558e-01
-2.972649969160556793e-02
3.895616903901100159e-02
7.069081813097000122e-02
9.296301007270812988e-02
1.127615869045257568e-01
1.344083249568939209e-01
1.759539544582366943e-01
2.052583992481231689e-01
3.337118327617645264e-01
6.424596309661865234e-01
1.174900531768798828e+00
-1.618241310119628906e+00
-1.393202424049377441e+00
5.351299047470092773e-01
3.316285014152526855e-01
1.515706032514572144e-01
9.162843227386474609e-02
1.359061002731323242e-01
2.000822871923446655e-02
3.646671073511242867e-03
-2.476507239043712616e-02
-2.601156709715723991e-03
-1.645466126501560211e-02
9.784262180328369141e-01
-7.308495696634054184e-03
2.239477448165416718e-02
-8.523558266460895538e-03
-5.543378181755542755e-03
1.520474907010793686e-03
