-1.524481363594532013e-02
7.341845426708459854e-03
4.057127982378005981e-02
5.520593002438545227e-02
5.007239803671836853e-02
3.358792886137962341e-02
-1.557932794094085693e-02
-5.620595440268516541e-02
-1.081020906567573547e-01
-1.351744383573532104e-01
-1.287713795900344849e-01
-4.203213378787040710e-02
-1.239242311567068100e-02
-1.126651186496019363e-03
-1.984183676540851593e-02
-7.475525736808776855e-01
-6.179626584053039551e-01
2.134536057710647583e-01
3.125498592853546143e-01
2.975254058837890625e-01
1.982177197933197021e-01
1.296736299991607666e-01
9.230042994022369385e-02
7.551742345094680786e-02
7.265248149633407593e-02
6.286285072565078735e-02
5.613990500569343567e-02
4.858293384313583374e-02
3.994476422667503357e-02
3.088343888521194458e-02
1.802956685423851013e-02
9.873031638562679291e-03
1.216564513742923737e-02
