-3.613580018281936646e-02
-3.994654491543769836e-02
-1.132219936698675156e-02
-2.188127487897872925e-02
-4.550478979945182800e-02
-3.762631863355636597e-02
-1.356747467070817947e-02
2.252223528921604156e-02
5.435350909829139709e-02
7.623486220836639404e-02
4.403521120548248291e-02
1.407273262739181519e-01
1.775738596916198730e-01
1.409835666418075562e-01
-1.070122271776199341e-01
-4.137157499790191650e-01
-2.021535187959671021e-01
-7.785136252641677856e-02
1.164086610078811646e-01
-5.602004379034042358e-02
7.763042580336332321e-03
5.981955677270889282e-02
5.308938771486282349e-02
-1.919509842991828918e-02
-2.958553656935691833e-02
-1.862867549061775208e-02
1.061719562858343124e-02
2.386860176920890808e-02
1.203114632517099380e-02
9.725210256874561310e-03
-8.494733832776546478e-03
-4.766524583101272583e-02
-5.921559408307075500e-03
