1.698806136846542358e-01
-1.371085792779922485e-01
1.463795751333236694e-01
1.130556128919124603e-02
1.258576810359954834e-01
1.215818077325820923e-01
6.219753250479698181e-02
-2.420404851436614990e-01
-2.680260129272937775e-02
1.691480726003646851e-01
2.141724973917007446e-01
4.795326665043830872e-02
-6.261996924877166748e-02
-3.145149946212768555e-01
2.720278501510620117e-01
-2.481618970632553101e-01
-3.674702346324920654e-02
1.761123538017272949e-01
5.109344422817230225e-02
-5.418313667178153992e-02
-3.129458725452423096e-01
5.534223318099975586e-01
6.184775233268737793e-01
8.726289272308349609e-01
7.253299951553344727e-01
6.331776976585388184e-01
7.498205304145812988e-01
7.201083898544311523e-01
7.536838650703430176e-01
7.788283228874206543e-01
9.720118641853332520e-01
7.810575366020202637e-01
9.536902904510498047e-01
1.311683297157287598e+00
1.224539041519165039e+00
1.167262434959411621e+00
1.346645236015319824e+00
1.453315615653991699e+00
1.342925071716308594e+00
1.578732490539550781e+00
1.592940568923950195e+00
1.527338624000549316e+00
1.661093115806579590e+00
1.699942350387573242e+00
1.287245512008666992e+00
8.807512521743774414e-01
3.961219787597656250e-01
6.276670098304748535e-01
3.273871839046478271e-01
-1.354551315307617188e-01
1.142718642950057983e-02
6.227103620767593384e-02
6.388477236032485962e-02
-2.945674657821655273e-01
2.906036972999572754e-01
-7.416843436658382416e-03
5.010432377457618713e-02
8.141222596168518066e-02
-8.576898276805877686e-02
-8.042182773351669312e-02
1.460516005754470825e-01
-1.082737147808074951e-01
6.106143444776535034e-02
-1.870440244674682617e-01
-6.596422754228115082e-03
