3.170458367094397545e-03
-7.894509471952915192e-03
-1.229306124150753021e-02
-2.297827415168285370e-02
1.508816611021757126e-02
-1.363651547580957413e-02
2.551694214344024658e-02
6.086563318967819214e-02
-3.480669483542442322e-02
-1.736012250185012817e-01
-2.532597184181213379e-01
3.096551634371280670e-02
4.287622869014739990e-01
4.173696935176849365e-01
-2.845296822488307953e-02
-5.405830144882202148e-01
-3.209727108478546143e-01
5.986881256103515625e-02
5.633661989122629166e-03
-3.903129398822784424e-01
-5.345458388328552246e-01
-4.897614717483520508e-01
-2.196551412343978882e-01
-6.942518055438995361e-02
-1.204469203948974609e-01
-9.297683835029602051e-02
-5.296421796083450317e-02
-4.082715511322021484e-02
-2.240530028939247131e-02
1.825439743697643280e-02
-8.131330460309982300e-02
4.011408239603042603e-02
2.105868235230445862e-02
